#L  f1  f2  FWHM  CF  I0
13.2982 22.319 1.95195 0 62.8513
13.5439 22.3023 1.95195 0 68.1512
13.7895 22.318 3.15315 0 39.6278
14.0351 22.2728 1.95195 0 59.0058
14.2807 22.2349 1.65165 0 65.9426
14.5263 22.2028 1.95195 0 66.7732
14.7719 22.1917 1.95195 0 57.2208
15.0175 22.1573 1.95195 0 61.2109
15.2632 22.1248 1.95195 0 62.5846
15.5088 22.1014 1.95195 0 58.9311
15.7544 22.0691 1.95195 0 59.7371
16 22.0396 1.95195 0 58.6671
16.2456 22.0096 2.25225 0 57.6249
16.4912 21.9779 2.25225 0 57.0225
16.7368 21.9468 2.25225 0 55.9301
16.9825 21.9146 2.25225 0 55.06
17.2281 21.8814 2.25225 0 54.2784
17.4737 21.8481 2.25225 0 53.3361
17.7193 21.8144 2.25225 0 52.2861
17.9649 21.78 2.55255 0 51.2625
18.2105 21.7448 2.55255 0 50.2907
18.4561 21.7088 2.55255 0 49.3491
18.7018 21.6721 2.55255 0 48.4129
18.9474 21.6347 2.55255 0 47.4547
19.193 21.5966 2.55255 0 46.4958
19.4386 21.5578 2.85285 0 45.543
19.6842 21.5182 2.85285 0 44.5905
19.9298 21.4779 2.85285 0 43.6216
20.1754 21.4367 2.85285 0 42.6793
20.4211 21.3947 3.15315 0 41.7438
20.6667 21.3518 3.15315 0 40.8241
20.9123 21.3079 3.15315 0 39.9194
21.1579 21.2631 3.15315 0 39.0296
21.4035 21.2174 3.45345 0 38.1522
21.6491 21.1707 3.45345 0 37.2815
21.8947 21.1231 3.45345 0 36.4214
22.1404 21.0744 3.45345 0 35.575
22.386 21.0245 3.75375 0 34.7508
22.6316 20.9735 3.75375 0 33.9389
22.8772 20.9214 3.75375 0 33.1366
23.1228 20.8681 4.05405 0 32.3489
23.3684 20.8135 4.05405 0 31.5775
23.614 20.7576 4.05405 0 30.8189
23.8596 20.7005 4.35435 0 30.0715
24.1053 20.6419 4.35435 0 29.3397
24.3509 20.5819 4.35435 0 28.6213
24.5965 20.5205 4.65465 0 27.9126
24.8421 20.4574 4.65465 0 27.2202
25.0877 20.3928 4.95495 0 26.5385
25.3333 20.3266 4.95495 0 25.8679
25.5789 20.2585 4.95495 0 25.2116
25.8246 20.1888 5.25525 0 24.5649
26.0702 20.1171 5.25525 0 23.9308
26.3158 20.0435 5.55555 0 23.3074
26.5614 19.968 5.55555 0 22.6948
26.807 19.8903 5.85585 0 22.0929
27.0526 19.8105 5.85585 0 21.5017
27.2982 19.7283 6.15615 0 20.9207
27.5439 19.6439 6.45645 0 20.3496
27.7895 19.5569 6.45645 0 19.7878
28.0351 19.4674 6.75675 0 19.2362
28.2807 19.3752 7.05705 0 18.6933
28.5263 19.2802 7.05705 0 18.161
28.7719 19.1823 7.35735 0 17.6368
29.0175 19.0813 7.65765 0 17.1221
29.2632 18.9772 7.65765 0 16.6151
29.5088 18.8695 7.95795 0 16.1167
29.7544 18.7586 8.25825 0 15.6264
30 18.6438 8.55855 0 15.1436
30.2456 18.5252 8.85885 0 14.6698
30.4912 18.4025 9.15915 0 14.2033
30.7368 18.2755 9.45945 0 13.7433
30.9825 18.1443 9.75975 0 13.2919
31.2281 18.0081 10.06 0 12.8471
31.4737 17.8671 10.3603 0 12.4102
31.7193 17.7209 10.9609 0 11.9806
31.9649 17.5691 11.2612 0 11.5559
32.2105 17.4118 11.5615 0 11.1384
32.4561 17.2483 12.1621 0 10.7294
32.7018 17.0783 12.7627 0 10.3244
32.9474 16.9017 13.063 0 9.92637
33.193 16.718 13.6636 0 9.5358
33.4386 16.5267 14.2642 0 9.14979
33.6842 16.3276 14.8648 0 8.77068
33.9298 16.1203 15.4654 0 8.39713
34.1754 15.904 16.3663 0 8.02962
34.4211 15.6786 16.9669 0 7.66807
34.6667 15.4436 17.8678 0 7.31226
34.9123 15.1986 18.7687 0 6.9624
35.1579 14.9425 19.6696 0 6.61775
35.4035 14.6757 20.8708 0 6.27946
35.6491 14.398 22.072 0 5.94634
35.8947 14.1084 23.2732 0 5.61976
36.1404 13.8063 24.7747 0 5.2983
36.386 13.492 26.2762 0 4.98338
36.6316 13.1676 28.078 0 4.6744
36.8772 12.8347 30.1801 0 4.37194
37.1228 12.4934 32.2822 0 4.0765
37.3684 12.1407 34.6846 0 3.78798
37.614 11.7675 37.3873 0 3.50739
37.8596 11.3442 40.6906 0 3.23416
38.1053 10.6809 44.5945 0 2.95104
38.3509 16.6713 70.12 0 1.93954
38.5965 11.5207 54.2041 0 2.43497
38.8421 10.9509 58.4083 0 2.24961
39.0877 10.5533 65.0149 0 2.05582
39.3333 10.3113 72.5224 0 1.86623
39.5789 23.2525 125.075 0 1.60557
39.8246 78.871 150 0 1.52798
40.0702 533.431 150 0 1.48531
40.3158 -136.121 150 0 1.46145
40.5614 -61.4652 150 0 1.48023
40.807 -76.2975 118.168 0 1.55321
41.0526 -107.644 86.6365 0 1.67277
41.2982 -52.2863 75.8257 0 1.80582
41.5439 -65.2635 68.6185 0 1.97586
41.7895 -88.0326 61.7116 0 2.15362
42.0351 -137.95 56.3062 0 2.33205
42.2807 -343.487 52.7026 0 2.49998
42.5263 620.689 49.6996 0 2.64177
42.7719 -62.5994 48.1981 0 2.72827
43.0175 -213.686 42.1921 0 3.11951
43.2632 -774 39.4894 0 3.33357
43.5088 934.567 37.087 0 3.54142
43.7544 325.977 34.9849 0 3.74895
44 206.699 33.1831 0 3.95636
44.2456 155.238 31.6816 0 4.16259
44.4912 126.373 30.1801 0 4.36859
44.7368 107.834 28.6786 0 4.57382
44.9825 94.9064 27.4774 0 4.77765
45.2281 85.3809 26.2762 0 4.97975
45.4737 78.0809 25.3753 0 5.18165
45.7193 72.3191 24.4744 0 5.3814
45.9649 67.6652 23.5735 0 5.57917
46.2105 63.8336 22.6726 0 5.77627
46.4561 60.6275 22.072 0 5.9713
46.7018 57.9074 21.1711 0 6.16516
46.9474 55.57 20.5705 0 6.35685
47.193 53.5404 19.9699 0 6.54693
47.4386 51.7616 19.3693 0 6.73552
47.6842 50.1904 19.069 0 6.92196
47.9298 48.7927 18.4684 0 7.10766
48.1754 47.5422 17.8678 0 7.29141
48.4211 46.417 17.5675 0 7.47254
48.6667 45.3998 16.9669 0 7.65311
48.9123 44.4756 16.6666 0 7.83246
49.1579 43.6324 16.3663 0 8.00903
49.4035 42.8596 16.066 0 8.18431
49.6491 42.149 15.7657 0 8.35875
49.8947 41.4932 15.4654 0 8.53081
50.1404 40.8865 15.1651 0 8.70076
50.386 40.3237 14.8648 0 8.87017
50.6316 39.8004 14.5645 0 9.03821
50.8772 39.3124 14.2642 0 9.20381
51.1228 38.8563 13.9639 0 9.36823
51.3684 38.4291 13.6636 0 9.53174
51.614 38.0278 13.3633 0 9.69311
51.8596 37.6504 13.3633 0 9.85252
52.1053 37.2947 13.063 0 10.0108
52.3509 36.9591 12.7627 0 10.1678
52.5965 36.6422 12.7627 0 10.324
52.8421 36.3423 12.4624 0 10.4787
53.0877 36.0581 12.1621 0 10.6313
53.3333 35.7883 12.1621 0 10.7833
53.5789 35.5316 11.8618 0 10.934
53.8246 35.2873 11.8618 0 11.0821
54.0702 35.0543 11.5615 0 11.2293
54.3158 34.832 11.5615 0 11.3754
54.5614 34.6199 11.2612 0 11.5203
54.807 34.4174 11.2612 0 11.6639
55.0526 34.2238 10.9609 0 11.8058
55.2982 34.0384 10.9609 0 11.9478
55.5439 33.8606 10.6606 0 12.0882
55.7895 33.6899 10.6606 0 12.2273
56.0351 33.5259 10.6606 0 12.3646
56.2807 33.368 10.3603 0 12.5009
56.5263 33.2163 10.3603 0 12.6366
56.7719 33.0703 10.06 0 12.7701
57.0175 32.9299 10.06 0 12.9028
57.2632 32.7948 10.06 0 13.0339
57.5088 32.6646 9.75975 0 13.165
57.7544 32.539 9.75975 0 13.2948
58 32.4175 9.75975 0 13.4234
58.2456 32.2999 9.45945 0 13.551
58.4912 32.1861 9.45945 0 13.6773
58.7368 32.076 9.45945 0 13.8033
58.9825 31.9694 9.45945 0 13.9275
59.2281 31.8664 9.15915 0 14.0508
59.4737 31.7667 9.15915 0 14.1723
59.7193 31.6702 9.15915 0 14.2934
59.9649 31.5767 9.15915 0 14.4136
60.2105 31.486 8.85885 0 14.5333
60.4561 31.3979 8.85885 0 14.6515
60.7018 31.3122 8.85885 0 14.7688
60.9474 31.2288 8.85885 0 14.8854
61.193 31.1477 8.55855 0 15.0014
61.4386 31.0689 8.55855 0 15.1166
61.6842 30.9922 8.55855 0 15.2302
61.9298 30.9177 8.55855 0 15.3426
62.1754 30.8453 8.25825 0 15.454
62.4211 30.775 8.25825 0 15.5649
62.6667 30.7065 8.25825 0 15.6753
62.9123 30.6396 8.25825 0 15.7845
63.1579 30.5745 8.25825 0 15.8927
63.4035 30.5109 7.95795 0 16.0002
63.6491 30.4487 7.95795 0 16.1073
63.8947 30.3881 7.95795 0 16.2139
64.1404 30.3288 7.95795 0 16.3197
64.386 30.2711 7.95795 0 16.424
64.6316 30.2148 7.95795 0 16.5272
64.8772 30.1599 7.65765 0 16.6296
65.1228 30.1063 7.65765 0 16.7314
65.3684 30.054 7.65765 0 16.8326
65.614 30.0028 7.65765 0 16.9331
65.8596 29.9527 7.65765 0 17.0325
66.1053 29.9036 7.65765 0 17.1312
66.3509 29.8555 7.65765 0 17.2295
66.5965 29.8084 7.35735 0 17.3275
66.8421 29.7624 7.35735 0 17.425
67.0877 29.7172 7.35735 0 17.5216
67.3333 29.6732 7.35735 0 17.6171
67.5789 29.63 7.35735 0 17.7117
67.8246 29.5879 7.35735 0 17.8053
68.0702 29.5466 7.35735 0 17.8983
68.3158 29.5062 7.05705 0 17.9908
68.5614 29.4665 7.05705 0 18.0828
68.807 29.4276 7.05705 0 18.1741
69.0526 29.3894 7.05705 0 18.2644
69.2982 29.3519 7.05705 0 18.354
69.5439 29.315 7.05705 0 18.4433
69.7895 29.2787 7.05705 0 18.5326
70.0351 29.2433 7.05705 0 18.6215
70.2807 29.2084 7.05705 0 18.7098
70.5263 29.1743 6.75675 0 18.7971
70.7719 29.1408 6.75675 0 18.8832
71.0175 29.108 6.75675 0 18.9686
71.2632 29.0759 6.75675 0 19.0533
71.5088 29.0442 6.75675 0 19.1378
71.7544 29.0132 6.75675 0 19.2217
72 28.9827 6.75675 0 19.3048
72.2456 28.9527 6.75675 0 19.3873
72.4912 28.9231 6.75675 0 19.4691
72.7368 28.894 6.45645 0 19.5504
72.9825 28.8652 6.45645 0 19.6316
73.2281 28.837 6.45645 0 19.7126
73.4737 28.8093 6.45645 0 19.7932
73.7193 28.782 6.45645 0 19.8734
73.9649 28.7552 6.45645 0 19.953
74.2105 28.7289 6.45645 0 20.0317
74.4561 28.7031 6.45645 0 20.1097
74.7018 28.6777 6.45645 0 20.187
74.9474 28.6528 6.45645 0 20.2637
75.193 28.6282 6.45645 0 20.3398
75.4386 28.604 6.45645 0 20.4154
75.6842 28.5802 6.15615 0 20.4904
75.9298 28.5567 6.15615 0 20.5649
76.1754 28.5335 6.15615 0 20.639
76.4211 28.5106 6.15615 0 20.7126
76.6667 28.4881 6.15615 0 20.7859
76.9123 28.4658 6.15615 0 20.859
77.1579 28.4439 6.15615 0 20.9318
77.4035 28.4222 6.15615 0 21.0043
77.6491 28.401 6.15615 0 21.0763
77.8947 28.38 6.15615 0 21.1481
78.1404 28.3594 6.15615 0 21.2193
78.386 28.3391 6.15615 0 21.29
78.6316 28.3192 6.15615 0 21.3601
78.8772 28.2995 6.15615 0 21.4295
79.1228 28.2801 5.85585 0 21.4983
79.3684 28.2611 5.85585 0 21.5665
79.614 28.2422 5.85585 0 21.6342
79.8596 28.2236 5.85585 0 21.7013
80.1053 28.2052 5.85585 0 21.7681
80.3509 28.1871 5.85585 0 21.8345
80.5965 28.1691 5.85585 0 21.9006
80.8421 28.1514 5.85585 0 21.9664
81.0877 28.1339 5.85585 0 22.0318
81.3333 28.1166 5.85585 0 22.097
81.5789 28.0995 5.85585 0 22.1619
81.8246 28.0827 5.85585 0 22.2266
82.0702 28.066 5.85585 0 22.2912
82.3158 28.0496 5.85585 0 22.3552
82.5614 28.0334 5.85585 0 22.4189
82.807 28.0175 5.85585 0 22.4822
83.0526 28.0019 5.85585 0 22.545
83.2982 27.9864 5.55555 0 22.6074
83.5439 27.971 5.55555 0 22.6696
83.7895 27.9559 5.55555 0 22.731
84.0351 27.941 5.55555 0 22.792
84.2807 27.9262 5.55555 0 22.8527
84.5263 27.9117 5.55555 0 22.9126
84.7719 27.8972 5.55555 0 22.9724
85.0175 27.883 5.55555 0 23.0315
85.2632 27.8689 5.55555 0 23.0904
85.5088 27.8549 5.55555 0 23.149
85.7544 27.841 5.55555 0 23.2074
86 27.8275 5.55555 0 23.2651
86.2456 27.814 5.55555 0 23.3229
86.4912 27.8006 5.55555 0 23.3805
86.7368 27.7875 5.55555 0 23.4376
86.9825 27.7744 5.55555 0 23.4948
87.2281 27.7616 5.55555 0 23.5514
87.4737 27.7489 5.55555 0 23.6081
87.7193 27.7364 5.55555 0 23.6642
87.9649 27.724 5.55555 0 23.7202
88.2105 27.7117 5.25525 0 23.7758
88.4561 27.6996 5.25525 0 23.8313
88.7018 27.6876 5.25525 0 23.8863
88.9474 27.6757 5.25525 0 23.941
89.193 27.664 5.25525 0 23.9952
89.4386 27.6523 5.25525 0 24.0492
89.6842 27.6409 5.25525 0 24.1027
89.9298 27.6295 5.25525 0 24.1559
90.1754 27.6182 5.25525 0 24.2086
90.4211 27.6071 5.25525 0 24.261
90.6667 27.596 5.25525 0 24.3132
90.9123 27.585 5.25525 0 24.3652
91.1579 27.5743 5.25525 0 24.4165
91.4035 27.5636 5.25525 0 24.4677
91.6491 27.553 5.25525 0 24.5188
91.8947 27.5424 5.25525 0 24.5697
92.1404 27.5321 5.25525 0 24.6202
92.386 27.5219 5.25525 0 24.6701
92.6316 27.5117 5.25525 0 24.7203
92.8772 27.5017 5.25525 0 24.7702
93.1228 27.4917 5.25525 0 24.8198
93.3684 27.482 5.25525 0 24.869
93.614 27.4722 5.25525 0 24.9184
93.8596 27.4626 5.25525 0 24.9672
94.1053 27.453 5.25525 0 25.0159
94.3509 27.4435 5.25525 0 25.0645
94.5965 27.4342 5.25525 0 25.1127
94.8421 27.4249 4.95495 0 25.1607
95.0877 27.4157 4.95495 0 25.2085
95.3333 27.4066 4.95495 0 25.2558
95.5789 27.3976 4.95495 0 25.3031
95.8246 27.3887 4.95495 0 25.3499
96.0702 27.3798 4.95495 0 25.3965
96.3158 27.371 4.95495 0 25.4429
96.5614 27.3623 4.95495 0 25.4889
96.807 27.3537 4.95495 0 25.5346
97.0526 27.3451 4.95495 0 25.5802
97.2982 27.3366 4.95495 0 25.6256
97.5439 27.3282 4.95495 0 25.6705
97.7895 27.32 4.95495 0 25.7151
98.0351 27.3117 4.95495 0 25.7596
98.2807 27.3036 4.95495 0 25.8037
98.5263 27.2955 4.95495 0 25.8479
98.7719 27.2875 4.95495 0 25.8916
99.0175 27.2796 4.95495 0 25.9354
99.2632 27.2718 4.95495 0 25.9785
99.5088 27.264 4.95495 0 26.0219
99.7544 27.2563 4.95495 0 26.0649
100 27.2487 4.95495 0 26.1079
