#L  f1  f2  FWHM  CF  I0
13.2982 22.2047 7.06306 0 0.625367
13.5439 22.1728 7.06306 0 0.605671
13.7895 22.1402 7.35134 0 0.586646
14.0351 22.1071 7.63963 0 0.568263
14.2807 22.0734 7.92792 0 0.550507
14.5263 22.0391 8.21621 0 0.533332
14.7719 22.0042 8.5045 0 0.516719
15.0175 21.9687 8.79278 0 0.500645
15.2632 21.9326 9.08107 0 0.485111
15.5088 21.8959 9.36936 0 0.470089
15.7544 21.8587 9.65765 0 0.455521
16 21.8209 9.94594 0 0.44145
16.2456 21.7826 10.2342 0 0.427806
16.4912 21.7436 10.5225 0 0.414612
16.7368 21.7042 10.8108 0 0.401834
16.9825 21.6642 11.0991 0 0.389459
17.2281 21.6238 11.6757 0 0.377473
17.4737 21.5829 11.964 0 0.365867
17.7193 21.5416 12.2522 0 0.354627
17.9649 21.5 12.8288 0 0.34374
18.2105 21.458 13.1171 0 0.333199
18.4561 21.4158 13.6937 0 0.322988
18.7018 21.3734 13.982 0 0.313105
18.9474 21.3309 14.5585 0 0.303538
19.193 21.2884 14.8468 0 0.294278
19.4386 21.2459 15.4234 0 0.285318
19.6842 21.2037 16 0 0.276652
19.9298 21.1617 16.2883 0 0.268271
20.1754 21.1202 16.8648 0 0.260169
20.4211 21.0793 17.4414 0 0.252344
20.6667 21.0393 18.018 0 0.244786
20.9123 21.0002 18.5946 0 0.237494
21.1579 20.9623 19.1712 0 0.230461
21.4035 20.9258 19.7477 0 0.223684
21.6491 20.891 20.3243 0 0.217161
21.8947 20.8582 20.9009 0 0.210886
22.1404 20.8277 21.4775 0 0.204858
22.386 20.7998 22.054 0 0.199074
22.6316 20.7748 22.6306 0 0.193532
22.8772 20.7532 23.4955 0 0.18823
23.1228 20.7354 24.072 0 0.183167
23.3684 20.7218 24.6486 0 0.17834
23.614 20.7128 25.2252 0 0.17375
23.8596 20.709 26.0901 0 0.169395
24.1053 20.7108 26.6666 0 0.165275
24.3509 20.7188 27.2432 0 0.161389
24.5965 20.7334 27.8198 0 0.157737
24.8421 20.7552 28.6847 0 0.154318
25.0877 20.7846 29.2612 0 0.151132
25.3333 20.8222 29.8378 0 0.148179
25.5789 20.8685 30.4144 0 0.145458
25.8246 20.9237 30.7027 0 0.14297
26.0702 20.9883 31.2792 0 0.140712
26.3158 21.0627 31.8558 0 0.138685
26.5614 21.1468 32.1441 0 0.136887
26.807 21.2411 32.7207 0 0.135317
27.0526 21.3453 33.009 0 0.133973
27.2982 21.4595 33.2973 0 0.132851
27.5439 21.5833 33.2973 0 0.13195
27.7895 21.7165 33.5856 0 0.131265
28.0351 21.8586 33.5856 0 0.130793
28.2807 22.0089 33.8738 0 0.130528
28.5263 22.1668 33.8738 0 0.130465
28.7719 22.3314 33.8738 0 0.130599
29.0175 22.5018 33.5856 0 0.130921
29.2632 22.6769 33.5856 0 0.131425
29.5088 22.8558 33.2973 0 0.132103
29.7544 23.0372 33.2973 0 0.132946
30 23.2201 33.009 0 0.133945
30.2456 23.4033 32.7207 0 0.135091
30.4912 23.5859 32.4324 0 0.136374
30.7368 23.7666 32.1441 0 0.137784
30.9825 23.9447 31.5675 0 0.139312
31.2281 24.1191 31.2792 0 0.140947
31.4737 24.2891 30.991 0 0.14268
31.7193 24.454 30.4144 0 0.1445
31.9649 24.6132 30.1261 0 0.146399
32.2105 24.7662 29.8378 0 0.148367
32.4561 24.9126 29.2612 0 0.150397
32.7018 25.0521 28.9729 0 0.152478
32.9474 25.1845 28.3964 0 0.154605
33.193 25.3098 28.1081 0 0.15677
33.4386 25.4278 27.8198 0 0.158966
33.6842 25.5386 27.2432 0 0.161187
33.9298 25.6423 26.9549 0 0.163427
34.1754 25.7391 26.6666 0 0.165681
34.4211 25.8291 26.0901 0 0.167945
34.6667 25.9125 25.8018 0 0.170214
34.9123 25.9896 25.5135 0 0.172484
35.1579 26.0607 25.2252 0 0.174753
35.4035 26.1259 24.9369 0 0.177017
35.6491 26.1857 24.6486 0 0.179274
35.8947 26.2403 24.3603 0 0.181522
36.1404 26.2899 24.072 0 0.183759
36.386 26.3349 23.7838 0 0.185984
36.6316 26.3756 23.4955 0 0.188194
36.8772 26.4122 23.2072 0 0.19039
37.1228 26.445 22.9189 0 0.192569
37.3684 26.4742 22.6306 0 0.194733
37.614 26.5001 22.3423 0 0.196878
37.8596 26.523 22.054 0 0.199007
38.1053 26.5429 21.7657 0 0.201117
38.3509 26.5603 21.7657 0 0.203209
38.5965 26.5752 21.4775 0 0.205282
38.8421 26.5877 21.1892 0 0.207336
39.0877 26.5982 20.9009 0 0.209372
39.3333 26.6068 20.9009 0 0.211388
39.5789 26.6135 20.6126 0 0.213385
39.8246 26.6187 20.3243 0 0.215363
40.0702 26.6223 20.3243 0 0.217322
40.3158 26.6245 20.036 0 0.219262
40.5614 26.6255 19.7477 0 0.221184
40.807 26.6253 19.7477 0 0.223086
41.0526 26.624 19.4594 0 0.22497
41.2982 26.6218 19.4594 0 0.226836
41.5439 26.6186 19.1712 0 0.228683
41.7895 26.6146 19.1712 0 0.230512
42.0351 26.6099 18.8829 0 0.232323
42.2807 26.6046 18.8829 0 0.234116
42.5263 26.5986 18.5946 0 0.235892
42.7719 26.5921 18.5946 0 0.23765
43.0175 26.585 18.3063 0 0.239392
43.2632 26.5775 18.3063 0 0.241116
43.5088 26.5696 18.018 0 0.242824
43.7544 26.5613 18.018 0 0.244515
44 26.5527 17.7297 0 0.24619
44.2456 26.5439 17.7297 0 0.247848
44.4912 26.5347 17.7297 0 0.249491
44.7368 26.5253 17.4414 0 0.251118
44.9825 26.5157 17.4414 0 0.252729
45.2281 26.506 17.1531 0 0.254325
45.4737 26.4961 17.1531 0 0.255906
45.7193 26.486 17.1531 0 0.257472
45.9649 26.4759 16.8648 0 0.259023
46.2105 26.4656 16.8648 0 0.26056
46.4561 26.4553 16.8648 0 0.262082
46.7018 26.4449 16.5766 0 0.26359
46.9474 26.4345 16.5766 0 0.265084
47.193 26.424 16.5766 0 0.266565
47.4386 26.4135 16.2883 0 0.268031
47.6842 26.403 16.2883 0 0.269484
47.9298 26.3925 16.2883 0 0.270924
48.1754 26.382 16 0 0.27235
48.4211 26.3715 16 0 0.273764
48.6667 26.3611 16 0 0.275165
48.9123 26.3507 16 0 0.276553
49.1579 26.3403 15.7117 0 0.277929
49.4035 26.3299 15.7117 0 0.279292
49.6491 26.3196 15.7117 0 0.280644
49.8947 26.3094 15.4234 0 0.281982
50.1404 26.2992 15.4234 0 0.28331
50.386 26.289 15.4234 0 0.284626
50.6316 26.279 15.4234 0 0.28593
50.8772 26.2689 15.1351 0 0.287223
51.1228 26.259 15.1351 0 0.288503
51.3684 26.2492 15.1351 0 0.289773
51.614 26.2393 15.1351 0 0.291034
51.8596 26.2296 15.1351 0 0.292281
52.1053 26.22 14.8468 0 0.293518
52.3509 26.2105 14.8468 0 0.294745
52.5965 26.201 14.8468 0 0.295962
52.8421 26.1916 14.8468 0 0.297168
53.0877 26.1822 14.5585 0 0.298364
53.3333 26.173 14.5585 0 0.29955
53.5789 26.1639 14.5585 0 0.300725
53.8246 26.1548 14.5585 0 0.301891
54.0702 26.1458 14.5585 0 0.303047
54.3158 26.1369 14.5585 0 0.304193
54.5614 26.1281 14.2703 0 0.305329
54.807 26.1193 14.2703 0 0.306457
55.0526 26.1107 14.2703 0 0.307575
55.2982 26.1021 14.2703 0 0.308685
55.5439 26.0937 14.2703 0 0.309784
55.7895 26.0853 13.982 0 0.310875
56.0351 26.077 13.982 0 0.311955
56.2807 26.0687 13.982 0 0.313029
56.5263 26.0606 13.982 0 0.314095
56.7719 26.0525 13.982 0 0.315149
57.0175 26.0445 13.982 0 0.316198
57.2632 26.0367 13.6937 0 0.317235
57.5088 26.0288 13.6937 0 0.318266
57.7544 26.0211 13.6937 0 0.319287
58 26.0134 13.6937 0 0.320303
58.2456 26.0058 13.6937 0 0.32131
58.4912 25.9984 13.6937 0 0.322306
58.7368 25.9909 13.6937 0 0.323298
58.9825 25.9836 13.4054 0 0.32428
59.2281 25.9763 13.4054 0 0.325256
59.4737 25.9691 13.4054 0 0.326223
59.7193 25.962 13.4054 0 0.327185
59.9649 25.9549 13.4054 0 0.328137
60.2105 25.948 13.4054 0 0.329082
60.4561 25.9411 13.4054 0 0.33002
60.7018 25.9342 13.1171 0 0.33095
60.9474 25.9275 13.1171 0 0.331873
61.193 25.9208 13.1171 0 0.332791
61.4386 25.9142 13.1171 0 0.3337
61.6842 25.9076 13.1171 0 0.334604
61.9298 25.9011 13.1171 0 0.335502
62.1754 25.8947 13.1171 0 0.336391
62.4211 25.8883 13.1171 0 0.337273
62.6667 25.882 12.8288 0 0.33815
62.9123 25.8758 12.8288 0 0.33902
63.1579 25.8696 12.8288 0 0.339885
63.4035 25.8636 12.8288 0 0.34074
63.6491 25.8575 12.8288 0 0.34159
63.8947 25.8515 12.8288 0 0.342436
64.1404 25.8456 12.8288 0 0.343276
64.386 25.8398 12.8288 0 0.344107
64.6316 25.834 12.8288 0 0.344933
64.8772 25.8282 12.5405 0 0.345754
65.1228 25.8226 12.5405 0 0.346568
65.3684 25.8169 12.5405 0 0.347376
65.614 25.8114 12.5405 0 0.348178
65.8596 25.8059 12.5405 0 0.348975
66.1053 25.8004 12.5405 0 0.349766
66.3509 25.795 12.5405 0 0.350553
66.5965 25.7896 12.5405 0 0.351335
66.8421 25.7844 12.5405 0 0.352106
67.0877 25.7791 12.5405 0 0.352879
67.3333 25.7739 12.2522 0 0.353641
67.5789 25.7687 12.2522 0 0.354403
67.8246 25.7637 12.2522 0 0.355155
68.0702 25.7586 12.2522 0 0.355901
68.3158 25.7537 12.2522 0 0.356644
68.5614 25.7486 12.2522 0 0.357387
68.807 25.7438 12.2522 0 0.358118
69.0526 25.7389 12.2522 0 0.358845
69.2982 25.7341 12.2522 0 0.359567
69.5439 25.7294 12.2522 0 0.360284
69.7895 25.7246 12.2522 0 0.361001
70.0351 25.72 11.964 0 0.361708
70.2807 25.7154 11.964 0 0.362409
70.5263 25.7107 11.964 0 0.363112
70.7719 25.7062 11.964 0 0.363803
71.0175 25.7017 11.964 0 0.364494
71.2632 25.6972 11.964 0 0.365182
71.5088 25.6929 11.964 0 0.365856
71.7544 25.6885 11.964 0 0.366532
72 25.6841 11.964 0 0.367209
72.2456 25.6798 11.964 0 0.367875
72.4912 25.6756 11.964 0 0.368534
72.7368 25.6714 11.964 0 0.369195
72.9825 25.6672 11.964 0 0.369851
73.2281 25.663 11.6757 0 0.370501
73.4737 25.6589 11.6757 0 0.371147
73.7193 25.6549 11.6757 0 0.371785
73.9649 25.6509 11.6757 0 0.372425
74.2105 25.6468 11.6757 0 0.37306
74.4561 25.6429 11.6757 0 0.373688
74.7018 25.639 11.6757 0 0.374312
74.9474 25.6351 11.6757 0 0.374932
75.193 25.6313 11.6757 0 0.375548
75.4386 25.6275 11.6757 0 0.37616
75.6842 25.6236 11.6757 0 0.376774
75.9298 25.6199 11.6757 0 0.377379
76.1754 25.6162 11.6757 0 0.377977
76.4211 25.6125 11.6757 0 0.378581
76.6667 25.6089 11.6757 0 0.379172
76.9123 25.6052 11.3874 0 0.379762
77.1579 25.6017 11.3874 0 0.380347
77.4035 25.5981 11.3874 0 0.380936
77.6491 25.5945 11.3874 0 0.381516
77.8947 25.591 11.3874 0 0.38209
78.1404 25.5875 11.3874 0 0.382667
78.386 25.5841 11.3874 0 0.383236
78.6316 25.5807 11.3874 0 0.383798
78.8772 25.5773 11.3874 0 0.384363
79.1228 25.574 11.3874 0 0.38492
79.3684 25.5706 11.3874 0 0.385482
79.614 25.5673 11.3874 0 0.38603
79.8596 25.564 11.3874 0 0.386581
80.1053 25.5608 11.3874 0 0.387128
80.3509 25.5576 11.3874 0 0.387668
80.5965 25.5544 11.3874 0 0.388207
80.8421 25.5512 11.3874 0 0.388742
81.0877 25.5481 11.0991 0 0.389276
81.3333 25.5449 11.0991 0 0.389807
81.5789 25.5419 11.0991 0 0.39033
81.8246 25.5388 11.0991 0 0.390856
82.0702 25.5357 11.0991 0 0.391377
82.3158 25.5327 11.0991 0 0.391892
82.5614 25.5297 11.0991 0 0.392409
82.807 25.5268 11.0991 0 0.392918
83.0526 25.5238 11.0991 0 0.39343
83.2982 25.5209 11.0991 0 0.393933
83.5439 25.518 11.0991 0 0.394438
83.7895 25.5151 11.0991 0 0.394936
84.0351 25.5122 11.0991 0 0.395434
84.2807 25.5094 11.0991 0 0.395926
84.5263 25.5065 11.0991 0 0.396424
84.7719 25.5038 11.0991 0 0.396905
85.0175 25.501 11.0991 0 0.397398
85.2632 25.4982 11.0991 0 0.397883
85.5088 25.4955 11.0991 0 0.398359
85.7544 25.4928 11.0991 0 0.398836
86 25.4901 10.8108 0 0.399311
86.2456 25.4874 10.8108 0 0.399788
86.4912 25.4849 10.8108 0 0.40025
86.7368 25.4822 10.8108 0 0.400721
86.9825 25.4796 10.8108 0 0.401184
87.2281 25.477 10.8108 0 0.401652
87.4737 25.4744 10.8108 0 0.402106
87.7193 25.4719 10.8108 0 0.402563
87.9649 25.4694 10.8108 0 0.403016
88.2105 25.4668 10.8108 0 0.403473
88.4561 25.4644 10.8108 0 0.40392
88.7018 25.4619 10.8108 0 0.404367
88.9474 25.4594 10.8108 0 0.404813
89.193 25.4569 10.8108 0 0.405259
89.4386 25.4546 10.8108 0 0.405691
89.6842 25.4521 10.8108 0 0.406135
89.9298 25.4497 10.8108 0 0.406572
90.1754 25.4474 10.8108 0 0.406998
90.4211 25.445 10.8108 0 0.407432
90.6667 25.4427 10.8108 0 0.407855
90.9123 25.4403 10.8108 0 0.408289
91.1579 25.438 10.8108 0 0.408712
91.4035 25.4358 10.8108 0 0.409129
91.6491 25.4335 10.8108 0 0.409551
91.8947 25.4312 10.5225 0 0.409968
92.1404 25.429 10.5225 0 0.410385
92.386 25.4268 10.5225 0 0.410795
92.6316 25.4246 10.5225 0 0.411205
92.8772 25.4224 10.5225 0 0.411616
93.1228 25.4202 10.5225 0 0.41202
93.3684 25.418 10.5225 0 0.412424
93.614 25.4159 10.5225 0 0.412829
93.8596 25.4138 10.5225 0 0.413224
94.1053 25.4117 10.5225 0 0.413621
94.3509 25.4095 10.5225 0 0.414021
94.5965 25.4075 10.5225 0 0.414411
94.8421 25.4054 10.5225 0 0.414808
95.0877 25.4033 10.5225 0 0.415194
95.3333 25.4012 10.5225 0 0.415587
95.5789 25.3992 10.5225 0 0.415972
95.8246 25.3972 10.5225 0 0.416358
96.0702 25.3952 10.5225 0 0.416732
96.3158 25.3931 10.5225 0 0.417123
96.5614 25.3912 10.5225 0 0.4175
96.807 25.3892 10.5225 0 0.417874
97.0526 25.3873 10.5225 0 0.41825
97.2982 25.3853 10.5225 0 0.41862
97.5439 25.3834 10.5225 0 0.418993
97.7895 25.3815 10.5225 0 0.419361
98.0351 25.3795 10.5225 0 0.41973
98.2807 25.3776 10.5225 0 0.420097
98.5263 25.3758 10.5225 0 0.420458
98.7719 25.3739 10.5225 0 0.420818
99.0175 25.3721 10.2342 0 0.421174
99.2632 25.3702 10.2342 0 0.421534
99.5088 25.3684 10.2342 0 0.421894
99.7544 25.3666 10.2342 0 0.422242
100 25.3648 10.2342 0 0.422602
