#L  f1  f2  FWHM  CF  I0
2 23.1778 1.87387 0 1.03721
2.24561 23.1691 1.58558 0 0.843411
2.49123 23.1443 1.58558 0 1.22339
2.73684 23.1368 1.58558 0 1.35596
2.98246 23.1155 1.58558 0 1.47473
3.22807 23.1056 1.58558 0 1.56969
3.47368 23.091 1.58558 0 1.64879
3.7193 23.0695 1.58558 0 1.73003
3.96491 23.0523 1.87387 0 1.78432
4.21053 23.0339 1.87387 0 1.81789
4.45614 23.0231 1.87387 0 1.85468
4.70175 23.0053 1.87387 0 1.87348
4.94737 22.9828 1.87387 0 1.87053
5.19298 22.9677 1.87387 0 1.87524
5.4386 22.9511 2.16216 0 1.86338
5.68421 22.933 2.16216 0 1.84191
5.92982 22.9134 2.16216 0 1.81293
6.17544 22.8922 2.16216 0 1.77446
6.42105 22.8748 2.45045 0 1.73811
6.66667 22.8503 2.45045 0 1.68238
6.91228 22.8329 2.45045 0 1.64458
7.15789 22.8104 2.73874 0 1.59106
7.40351 22.7894 2.73874 0 1.54107
7.64912 22.7719 2.73874 0 1.49536
7.89474 22.7472 3.02702 0 1.44129
8.14035 22.7259 3.02702 0 1.39161
8.38596 22.7027 3.02702 0 1.34112
8.63158 22.6774 3.31531 0 1.29
8.87719 22.6585 3.31531 0 1.24559
9.12281 22.6292 3.6036 0 1.197
9.36842 22.606 3.6036 0 1.15423
9.61404 22.5806 3.89189 0 1.11179
9.85965 22.5581 3.89189 0 1.07194
10.1053 22.5282 4.18018 0 1.03222
10.3509 22.5011 4.18018 0 0.994997
10.5965 22.4747 4.46846 0 0.95975
10.8421 22.4427 4.75675 0 0.924547
11.0877 22.4163 4.75675 0 0.8929
11.3333 22.3824 5.04504 0 0.860416
11.5789 22.3509 5.33333 0 0.83029
11.8246 22.3216 5.33333 0 0.802469
12.0702 22.2927 5.62162 0 0.775831
12.3158 22.261 5.62162 0 0.749701
12.5614 22.2235 5.9099 0 0.72367
12.807 22.1862 6.19819 0 0.698724
13.0526 22.1585 6.48648 0 0.676898
13.2982 22.1202 6.48648 0 0.654111
13.5439 22.0866 6.77477 0 0.632944
13.7895 22.0424 7.06306 0 0.611209
14.0351 22.0104 7.35134 0 0.592088
14.2807 21.9678 7.63963 0 0.5724
14.5263 21.9268 7.92792 0 0.553703
14.7719 21.8901 8.21621 0 0.53621
15.0175 21.8459 8.5045 0 0.518668
15.2632 21.8032 8.79278 0 0.501949
15.5088 21.7647 9.08107 0 0.486185
15.7544 21.7161 9.36936 0 0.470284
16 21.6761 9.65765 0 0.455541
16.2456 21.629 9.94594 0 0.440898
16.4912 21.5835 10.2342 0 0.426867
16.7368 21.5424 10.5225 0 0.413497
16.9825 21.4876 10.8108 0 0.400043
17.2281 21.4418 11.3874 0 0.387408
17.4737 21.3939 11.6757 0 0.375118
17.7193 21.3443 11.964 0 0.363187
17.9649 21.2932 12.5405 0 0.351616
18.2105 21.241 12.8288 0 0.340406
18.4561 21.1989 13.4054 0 0.329786
18.7018 21.1458 13.6937 0 0.319278
18.9474 21.0932 14.2703 0 0.30913
19.193 21.0479 14.5585 0 0.299428
19.4386 20.998 15.1351 0 0.289969
19.6842 20.9442 15.7117 0 0.280773
19.9298 20.9001 16 0 0.271993
20.1754 20.8542 16.5766 0 0.263477
20.4211 20.8101 17.1531 0 0.255256
20.6667 20.7667 17.7297 0 0.247319
20.9123 20.7279 18.3063 0 0.239685
21.1579 20.6968 18.8829 0 0.232355
21.4035 20.6577 19.4594 0 0.225248
21.6491 20.6384 20.036 0 0.218481
21.8947 20.6035 20.9009 0 0.211917
22.1404 20.5868 21.4775 0 0.205666
22.386 20.5751 22.054 0 0.199682
22.6316 20.5712 22.6306 0 0.193969
22.8772 20.5741 23.4955 0 0.188521
23.1228 20.5905 24.072 0 0.183344
23.3684 20.6175 24.6486 0 0.178432
23.614 20.6508 25.2252 0 0.173782
23.8596 20.691 26.0901 0 0.169398
24.1053 20.7568 26.6666 0 0.165278
24.3509 20.8251 27.2432 0 0.161427
24.5965 20.9105 27.8198 0 0.15784
24.8421 21.0164 28.3964 0 0.154513
25.0877 21.1324 28.9729 0 0.151453
25.3333 21.2604 29.5495 0 0.148657
25.5789 21.4134 30.1261 0 0.146113
25.8246 21.5797 30.7027 0 0.143827
26.0702 21.7539 30.991 0 0.141802
26.3158 21.9423 31.5675 0 0.140029
26.5614 22.1497 31.8558 0 0.138493
26.807 22.3658 32.1441 0 0.1372
27.0526 22.5834 32.4324 0 0.136152
27.2982 22.816 32.7207 0 0.135322
27.5439 23.0556 32.7207 0 0.134709
27.7895 23.2892 32.7207 0 0.134319
28.0351 23.5252 33.009 0 0.13413
28.2807 23.7641 33.009 0 0.134129
28.5263 23.9963 32.7207 0 0.134316
28.7719 24.2259 32.7207 0 0.134672
29.0175 24.4491 32.7207 0 0.135192
29.2632 24.6628 32.4324 0 0.135867
29.5088 24.8711 32.1441 0 0.136679
29.7544 25.0661 32.1441 0 0.137628
30 25.2374 31.8558 0 0.138714
30.2456 25.4107 31.5675 0 0.139899
30.4912 25.5707 31.2792 0 0.141189
30.7368 25.717 30.991 0 0.142578
30.9825 25.8502 30.7027 0 0.144056
31.2281 25.9722 30.4144 0 0.145612
31.4737 26.0859 29.8378 0 0.147237
31.7193 26.1836 29.5495 0 0.148932
31.9649 26.281 29.2612 0 0.150675
32.2105 26.3637 28.9729 0 0.152475
32.4561 26.4315 28.6847 0 0.154328
32.7018 26.4939 28.1081 0 0.15622
32.9474 26.5564 27.8198 0 0.158138
33.193 26.6031 27.5315 0 0.160097
33.4386 26.6419 27.2432 0 0.162085
33.6842 26.6828 26.9549 0 0.164088
33.9298 26.7139 26.3784 0 0.166115
34.1754 26.7427 26.0901 0 0.168157
34.4211 26.7598 25.8018 0 0.17022
34.6667 26.7796 25.5135 0 0.172287
34.9123 26.7951 25.2252 0 0.174363
35.1579 26.8066 24.9369 0 0.176447
35.4035 26.8117 24.6486 0 0.178538
35.6491 26.8133 24.3603 0 0.180632
35.8947 26.8196 24.072 0 0.18272
36.1404 26.8134 23.7838 0 0.184817
36.386 26.8112 23.4955 0 0.186907
36.6316 26.8062 23.2072 0 0.188993
36.8772 26.7948 22.9189 0 0.191078
37.1228 26.7983 22.9189 0 0.193147
37.3684 26.79 22.6306 0 0.195215
37.614 26.7713 22.3423 0 0.197281
37.8596 26.7607 22.054 0 0.199334
38.1053 26.7475 21.7657 0 0.201378
38.3509 26.7412 21.7657 0 0.203409
38.5965 26.7289 21.4775 0 0.205432
38.8421 26.7147 21.1892 0 0.207444
39.0877 26.6928 20.9009 0 0.209447
39.3333 26.6892 20.9009 0 0.211433
39.5789 26.6689 20.6126 0 0.21341
39.8246 26.6595 20.3243 0 0.215374
40.0702 26.6345 20.3243 0 0.217325
40.3158 26.6213 20.036 0 0.219262
40.5614 26.6067 19.7477 0 0.221187
40.807 26.5912 19.7477 0 0.223097
41.0526 26.5701 19.4594 0 0.224992
41.2982 26.5665 19.4594 0 0.226877
41.5439 26.5448 19.1712 0 0.228746
41.7895 26.5282 19.1712 0 0.230601
42.0351 26.5118 18.8829 0 0.232441
42.2807 26.4959 18.8829 0 0.234267
42.5263 26.4805 18.5946 0 0.236079
42.7719 26.4658 18.5946 0 0.237877
43.0175 26.4471 18.3063 0 0.239658
43.2632 26.434 18.3063 0 0.24143
43.5088 26.4219 18.018 0 0.243187
43.7544 26.3985 18.018 0 0.24492
44 26.3886 17.7297 0 0.246652
44.2456 26.3675 17.7297 0 0.248357
44.4912 26.3598 17.4414 0 0.250063
44.7368 26.3412 17.4414 0 0.251742
44.9825 26.3239 17.4414 0 0.253408
45.2281 26.3199 17.1531 0 0.255078
45.4737 26.3052 17.1531 0 0.25672
45.7193 26.2844 16.8648 0 0.258339
45.9649 26.2724 16.8648 0 0.259956
46.2105 26.2616 16.8648 0 0.261562
46.4561 26.2449 16.5766 0 0.263145
46.7018 26.2251 16.5766 0 0.264706
46.9474 26.2112 16.5766 0 0.266265
47.193 26.2057 16.2883 0 0.267829
47.4386 26.1828 16.2883 0 0.269339
47.6842 26.1799 16.2883 0 0.270885
47.9298 26.1711 16 0 0.272401
48.1754 26.1521 16 0 0.273883
48.4211 26.1416 16 0 0.275371
48.6667 26.1252 15.7117 0 0.27683
48.9123 26.1214 15.7117 0 0.278309
49.1579 26.1076 15.7117 0 0.279751
49.4035 26.1019 15.7117 0 0.281199
49.6491 26.0904 15.4234 0 0.282621
49.8947 26.0621 15.4234 0 0.283979
50.1404 26.053 15.4234 0 0.285385
50.386 26.0451 15.4234 0 0.286782
50.6316 26.0383 15.1351 0 0.28817
50.8772 26.0215 15.1351 0 0.289511
51.1228 26.0169 15.1351 0 0.290885
51.3684 26.0023 15.1351 0 0.292209
51.614 25.993 14.8468 0 0.293542
51.8596 25.9806 14.8468 0 0.294851
52.1053 25.98 14.8468 0 0.296195
52.3509 25.9696 14.8468 0 0.29749
52.5965 25.9535 14.5585 0 0.298751
52.8421 25.9451 14.5585 0 0.300032
53.0877 25.931 14.5585 0 0.301274
53.3333 25.9244 14.5585 0 0.302542
53.5789 25.9121 14.5585 0 0.30377
53.8246 25.9074 14.2703 0 0.305027
54.0702 25.8969 14.2703 0 0.306243
54.3158 25.8873 14.2703 0 0.307453
54.5614 25.8851 14.2703 0 0.30869
54.807 25.8772 14.2703 0 0.309888
55.0526 25.8596 13.982 0 0.311026
55.2982 25.8598 13.982 0 0.312247
55.5439 25.8439 13.982 0 0.313373
55.7895 25.8392 13.982 0 0.31455
56.0351 25.8352 13.982 0 0.315719
56.2807 25.8216 13.6937 0 0.316827
56.5263 25.8087 13.6937 0 0.317923
56.7719 25.8133 13.6937 0 0.319117
57.0175 25.8019 13.6937 0 0.32021
57.2632 25.7848 13.6937 0 0.32125
57.5088 25.7915 13.6937 0 0.322433
57.7544 25.7821 13.4054 0 0.323509
58 25.7671 13.4054 0 0.324539
58.2456 25.7654 13.4054 0 0.325644
58.4912 25.7517 13.4054 0 0.32666
58.7368 25.7449 13.4054 0 0.327714
58.9825 25.7387 13.4054 0 0.328764
59.2281 25.7332 13.4054 0 0.32981
59.4737 25.7282 13.1171 0 0.330851
59.7193 25.7175 13.1171 0 0.331842
59.9649 25.7137 13.1171 0 0.332876
60.2105 25.7104 13.1171 0 0.333905
60.4561 25.6976 13.1171 0 0.334854
60.7018 25.6892 13.1171 0 0.335827
60.9474 25.6875 13.1171 0 0.336848
61.193 25.6864 12.8288 0 0.337862
61.4386 25.6695 12.8288 0 0.338741
61.6842 25.6694 12.8288 0 0.339755
61.9298 25.6697 12.8288 0 0.340756
62.1754 25.6544 12.8288 0 0.341629
62.4211 25.6556 12.8288 0 0.342628
62.6667 25.6413 12.8288 0 0.343487
62.9123 25.6434 12.8288 0 0.344482
63.1579 25.6361 12.5405 0 0.345389
63.4035 25.6331 12.5405 0 0.346322
63.6491 25.6206 12.5405 0 0.347168
63.8947 25.6146 12.5405 0 0.348062
64.1404 25.6128 12.5405 0 0.348989
64.386 25.6077 12.5405 0 0.349878
64.6316 25.5969 12.5405 0 0.350703
64.8772 25.6024 12.5405 0 0.351677
65.1228 25.5924 12.5405 0 0.352504
65.3684 25.5828 12.2522 0 0.35332
65.614 25.5797 12.2522 0 0.354196
65.8596 25.5709 12.2522 0 0.355004
66.1053 25.5782 12.2522 0 0.355966
66.3509 25.5701 12.2522 0 0.356777
66.5965 25.5624 12.2522 0 0.357583
66.8421 25.555 12.2522 0 0.358382
67.0877 25.554 12.2522 0 0.35924
67.3333 25.5474 12.2522 0 0.360036
67.5789 25.5411 12.2522 0 0.360827
67.8246 25.5351 11.964 0 0.361614
68.0702 25.5354 11.964 0 0.362464
68.3158 25.53 11.964 0 0.363248
68.5614 25.525 11.964 0 0.364029
68.807 25.5203 11.964 0 0.364808
69.0526 25.5159 11.964 0 0.365583
69.2982 25.5177 11.964 0 0.366415
69.5439 25.5043 11.964 0 0.367085
69.7895 25.5008 11.964 0 0.367855
70.0351 25.4976 11.964 0 0.368622
70.2807 25.4946 11.964 0 0.369386
70.5263 25.4919 11.964 0 0.370147
70.7719 25.4895 11.6757 0 0.370906
71.0175 25.4779 11.6757 0 0.371551
71.2632 25.476 11.6757 0 0.372309
71.5088 25.4802 11.6757 0 0.373126
71.7544 25.4636 11.6757 0 0.373693
72 25.4624 11.6757 0 0.374448
72.2456 25.4674 11.6757 0 0.375266
72.4912 25.4515 11.6757 0 0.375817
72.7368 25.4511 11.6757 0 0.37657
72.9825 25.4568 11.6757 0 0.377382
73.2281 25.4475 11.6757 0 0.378013
73.4737 25.4478 11.6757 0 0.378748
73.7193 25.4331 11.6757 0 0.379283
73.9649 25.4339 11.3874 0 0.38003
74.2105 25.4255 11.3874 0 0.380631
74.4561 25.4267 11.3874 0 0.381375
74.7018 25.4187 11.3874 0 0.381973
74.9474 25.4204 11.3874 0 0.382715
75.193 25.4222 11.3874 0 0.383443
75.4386 25.4148 11.3874 0 0.384047
75.6842 25.4077 11.3874 0 0.384642
75.9298 25.4101 11.3874 0 0.385371
76.1754 25.4035 11.3874 0 0.385968
76.4211 25.4062 11.3874 0 0.386687
76.6667 25.3999 11.3874 0 0.387283
76.9123 25.3881 11.3874 0 0.387779
77.1579 25.3914 11.3874 0 0.388512
77.4035 25.3857 11.0991 0 0.389095
77.6491 25.3894 11.0991 0 0.389813
77.8947 25.384 11.0991 0 0.390399
78.1404 25.3788 11.0991 0 0.39098
78.386 25.3681 11.0991 0 0.391455
78.6316 25.3725 11.0991 0 0.392189
78.8772 25.3678 11.0991 0 0.392762
79.1228 25.3633 11.0991 0 0.393333
79.3684 25.3682 11.0991 0 0.394047
79.614 25.3584 11.0991 0 0.394533
79.8596 25.3544 11.0991 0 0.3951
80.1053 25.3505 11.0991 0 0.395665
80.3509 25.356 11.0991 0 0.396379
80.5965 25.3468 11.0991 0 0.396855
80.8421 25.3435 11.0991 0 0.397419
81.0877 25.3402 11.0991 0 0.397979
81.3333 25.3463 11.0991 0 0.398684
81.5789 25.3377 10.8108 0 0.39916
81.8246 25.335 10.8108 0 0.39972
82.0702 25.3323 10.8108 0 0.400276
82.3158 25.3242 10.8108 0 0.400727
82.5614 25.331 10.8108 0 0.401442
82.807 25.3287 10.8108 0 0.401994
83.0526 25.3267 10.8108 0 0.402546
83.2982 25.3191 10.8108 0 0.403007
83.5439 25.3173 10.8108 0 0.403558
83.7895 25.3156 10.8108 0 0.404106
84.0351 25.3084 10.8108 0 0.404553
84.2807 25.307 10.8108 0 0.405102
84.5263 25.3057 10.8108 0 0.405649
84.7719 25.299 10.8108 0 0.406087
85.0175 25.2979 10.8108 0 0.406634
85.2632 25.297 10.8108 0 0.407181
85.5088 25.2906 10.8108 0 0.40761
85.7544 25.299 10.8108 0 0.408323
86 25.2984 10.8108 0 0.408857
86.2456 25.2924 10.8108 0 0.409306
86.4912 25.283 10.5225 0 0.409674
86.7368 25.2918 10.5225 0 0.41037
86.9825 25.2861 10.5225 0 0.410816
87.2281 25.2861 10.5225 0 0.411345
87.4737 25.2806 10.5225 0 0.411785
87.7193 25.2719 10.5225 0 0.412148
87.9649 25.2666 10.5225 0 0.412562
88.2105 25.2671 10.5225 0 0.413108
88.4561 25.2676 10.5225 0 0.413646
88.7018 25.2627 10.5225 0 0.414066
88.9474 25.2634 10.5225 0 0.414602
89.193 25.2587 10.5225 0 0.41502
89.4386 25.2596 10.5225 0 0.415555
89.6842 25.2606 10.5225 0 0.416083
89.9298 25.2562 10.5225 0 0.416505
90.1754 25.2575 10.5225 0 0.417031
90.4211 25.2532 10.5225 0 0.417451
90.6667 25.2547 10.5225 0 0.417972
90.9123 25.2506 10.5225 0 0.418392
91.1579 25.2433 10.5225 0 0.418739
91.4035 25.2395 10.5225 0 0.419148
91.6491 25.2412 10.5225 0 0.419679
91.8947 25.2376 10.5225 0 0.42009
92.1404 25.2395 10.5225 0 0.420615
92.386 25.2416 10.2342 0 0.421128
92.6316 25.2382 10.2342 0 0.421543
92.8772 25.226 10.2342 0 0.421758
93.1228 25.2283 10.2342 0 0.422294
93.3684 25.2306 10.2342 0 0.422814
93.614 25.2276 10.2342 0 0.423222
93.8596 25.2301 10.2342 0 0.423731
94.1053 25.2183 10.2342 0 0.423951
94.3509 25.221 10.2342 0 0.424479
94.5965 25.2183 10.2342 0 0.424882
94.8421 25.2211 10.2342 0 0.425394
95.0877 25.2186 10.2342 0 0.425799
95.3333 25.2073 10.2342 0 0.425996
95.5789 25.2103 10.2342 0 0.426528
95.8246 25.208 10.2342 0 0.426927
96.0702 25.2112 10.2342 0 0.427442
96.3158 25.2002 10.2342 0 0.427633
96.5614 25.2035 10.2342 0 0.428165
96.807 25.2015 10.2342 0 0.428561
97.0526 25.205 10.2342 0 0.429072
97.2982 25.2031 10.2342 0 0.429468
97.5439 25.1979 10.2342 0 0.429792
97.7895 25.1962 10.2342 0 0.430187
98.0351 25.1999 10.2342 0 0.430687
98.2807 25.1895 10.2342 0 0.43089
98.5263 25.1934 10.2342 0 0.431407
98.7719 25.1919 10.2342 0 0.431797
99.0175 25.1817 10.2342 0 0.431972
99.2632 25.1858 10.2342 0 0.432504
99.5088 25.1845 9.94594 0 0.432892
99.7544 25.1887 9.94594 0 0.433391
100 25.1788 9.94594 0 0.433588
