-4.928057599999999638e+01 1.260115230038690061e+04
-4.856636499999999756e+01 1.306351032896287143e+04
-4.785215400000000585e+01 1.251640150110018840e+04
-4.713794299999999993e+01 1.124529814030259149e+04
-4.642373200000000111e+01 9.832719544183615653e+03
-4.570952099999999518e+01 8.998306630427077835e+03
-4.499531000000000347e+01 9.369656516917420959e+03
-4.428109900000000465e+01 1.126929815673784651e+04
-4.356688799999999873e+01 1.460891268568964915e+04
-4.285267699999999991e+01 1.895557985910920252e+04
-4.213846599999999398e+01 2.377824501938331377e+04
-4.142425500000000227e+01 2.880983811928517753e+04
-4.071004400000000345e+01 3.439057471391661238e+04
-3.999583299999999753e+01 4.162706538602362707e+04
-3.928162199999999871e+01 5.224181918050239619e+04
-3.856741099999999989e+01 6.810841638087992033e+04
-3.785320000000000107e+01 9.063764814647076128e+04
-3.713898900000000225e+01 1.203239645288352767e+05
-3.642477799999999633e+01 1.567886685702975374e+05
-3.571056699999999751e+01 1.995062876738393388e+05
-3.499635599999999869e+01 2.490932391157520178e+05
-3.428214499999999987e+01 3.086894221992338425e+05
-3.356793400000000105e+01 3.847563508925811038e+05
-3.285372300000000223e+01 4.867188889251400833e+05
-3.213951199999999631e+01 6.253453090900784591e+05
-3.142530100000000104e+01 8.104580414096297463e+05
-3.071108999999999867e+01 1.049179320229044883e+06
-2.999687899999999985e+01 1.346065232255741255e+06
-2.928266799999999748e+01 1.705928030857883394e+06
-2.856845699999999866e+01 2.138975130397554021e+06
-2.785424599999999984e+01 2.666566380759462714e+06
-2.714003500000000102e+01 3.325097635884673335e+06
-2.642582399999999865e+01 4.165850332550642081e+06
-2.571161299999999983e+01 5.250252621763122268e+06
-2.499740200000000101e+01 6.642393854757193476e+06
-2.428319099999999864e+01 8.402794458499761298e+06
-2.356897999999999982e+01 1.058816868590506166e+07
-2.285476899999999745e+01 1.326043367726028152e+07
-2.214055800000000218e+01 1.650463979268365167e+07
-2.142634699999999981e+01 2.045109297221305594e+07
-2.071213600000000099e+01 2.529380767511301115e+07
-1.999792499999999862e+01 3.129760990949143097e+07
-1.928371399999999980e+01 3.879054596696029603e+07
-1.856950300000000098e+01 4.814559586858969927e+07
-1.785529199999999861e+01 5.976303118425892293e+07
-1.714108099999999979e+01 7.406838397132907808e+07
-1.642687000000000097e+01 9.153822580337573588e+07
-1.571265900000000038e+01 1.127566263230410963e+08
-1.499844799999999978e+01 1.384922174498549402e+08
-1.428423700000000096e+01 1.697746895005969703e+08
-1.357002600000000037e+01 2.079464817708614767e+08
-1.285581499999999977e+01 2.546745494912038445e+08
-1.214160399999999917e+01 3.119274943460053802e+08
-1.142739299999999858e+01 3.819473481576763391e+08
-1.071318199999999976e+01 4.672597655923514366e+08
-9.998970999999999165e+00 5.707576366837327480e+08
-9.284760000000000346e+00 6.958537025216417313e+08
-8.570548999999999751e+00 8.466317457354992628e+08
-7.856338000000000044e+00 1.027850946446777821e+09
-7.142127000000000336e+00 1.244603855236599922e+09
-6.427916000000000629e+00 1.501432996701999187e+09
-5.713705000000000034e+00 1.800810861665499449e+09
-4.999494000000000327e+00 2.141099329176299334e+09
-4.285282999999999731e+00 2.514397367365782261e+09
-3.571072000000000024e+00 2.904965104498936653e+09
-2.856861000000000317e+00 3.289031173723204136e+09
-2.142650000000000166e+00 3.636610121882833958e+09
-1.428439000000000014e+00 3.915437494141570568e+09
-7.142279999999999740e-01 4.096397835913115025e+09
-1.699999999999999987e-05 4.159153634084360123e+09
7.141939999999999955e-01 4.096397822408399105e+09
1.428405000000000147e+00 3.915437464929284096e+09
2.142615999999999854e+00 3.636610073869712353e+09
2.856827000000000005e+00 3.289031104871773243e+09
3.571038000000000157e+00 2.904965015437535286e+09
4.285249000000000308e+00 2.514397261919927597e+09
4.999460000000000015e+00 2.141099213654828787e+09
5.713670999999999722e+00 1.800810743312690973e+09
6.427881999999999429e+00 1.501432882018223286e+09
7.142093000000000025e+00 1.244603748786619902e+09
7.856304000000000620e+00 1.027850850452476263e+09
8.570515000000000327e+00 8.466316603921601772e+08
9.284726000000000923e+00 6.958536267472540140e+08
9.998936999999999742e+00 5.707575689572253227e+08
1.071314800000000034e+01 4.672597046127022505e+08
1.142735899999999916e+01 3.819472931901227832e+08
1.214156999999999975e+01 3.119274452510842681e+08
1.285578100000000035e+01 2.546745065232240856e+08
1.356999200000000094e+01 2.079464452754100859e+08
1.428420299999999976e+01 1.697746596362826526e+08
1.499841400000000036e+01 1.384921940191046894e+08
1.571262500000000095e+01 1.127566087389565259e+08
1.642683599999999799e+01 9.153821316878212988e+07
1.714104700000000037e+01 7.406837521881419420e+07
1.785525799999999919e+01 5.976302522567937523e+07
1.856946900000000156e+01 4.814559171972834319e+07
1.928368000000000038e+01 3.879054283220086247e+07
1.999789099999999920e+01 3.129760722427023202e+07
2.071210200000000157e+01 2.529380510929019749e+07
2.142631300000000039e+01 2.045109039940277487e+07
2.214052400000000276e+01 1.650463723393168673e+07
2.285473499999999802e+01 1.326043123209144734e+07
2.356894600000000040e+01 1.058816646665085666e+07
2.428315699999999921e+01 8.402792542189285159e+06
2.499736800000000159e+01 6.642392260696558282e+06
2.571157900000000041e+01 5.250251314634394832e+06
2.642578999999999922e+01 4.165849243642237969e+06
2.714000100000000160e+01 3.325096691195217893e+06
2.785421200000000042e+01 2.666565524905527011e+06
2.856842299999999923e+01 2.138974338733058423e+06
2.928263399999999805e+01 1.705927307630809490e+06
2.999684500000000043e+01 1.346064598109610379e+06
3.071105599999999924e+01 1.049178795902963961e+06
3.142526700000000162e+01 8.104576349027215037e+05
3.213947799999999688e+01 6.253450108840083703e+05
3.285368899999999570e+01 4.867186756154369796e+05
3.356790000000000163e+01 3.847561938927116571e+05
3.428211100000000044e+01 3.086892967034976464e+05
3.499632199999999926e+01 2.490931295278657344e+05
3.571053299999999808e+01 1.995061881955371937e+05
3.642474399999999690e+01 1.567885800858729635e+05
3.713895500000000283e+01 1.203238901753011887e+05
3.785316600000000165e+01 9.063758979242316855e+04
3.856737700000000046e+01 6.810837315637094434e+04
3.928158799999999928e+01 5.224178797113013570e+04
3.999579899999999810e+01 4.162704240292251779e+04
4.071001000000000403e+01 3.439055707402377448e+04
4.142422100000000285e+01 2.880982468157317635e+04
4.213843199999999456e+01 2.377823625316839752e+04
4.285264300000000048e+01 1.895557699787096863e+04
4.356685399999999930e+01 1.460891667104371300e+04
4.428106500000000523e+01 1.126930885995808057e+04
4.499527599999999694e+01 9.369672512786313746e+03
4.570948699999999576e+01 8.998325521147113250e+03
4.642369800000000168e+01 9.832738614488107487e+03
4.713790900000000050e+01 1.124531504836831118e+04
4.785211999999999932e+01 1.251641475815491867e+04
4.856633099999999814e+01 1.306351945044520835e+04
4.928054199999999696e+01 1.260115765327135887e+04
