-5.000000000000000000e+01 1.390256432069630293e-26
-4.989990000000000236e+01 1.763890392589610096e-26
-4.979980000000000473e+01 2.236871874911396941e-26
-4.969969999999999999e+01 2.835328972717947613e-26
-4.959960000000000235e+01 3.592184503282404212e-26
-4.949950000000000472e+01 4.548902692389245735e-26
-4.939939999999999998e+01 5.757679562366360507e-26
-4.929930000000000234e+01 7.284188363445017587e-26
-4.919920000000000471e+01 9.211018977216554312e-26
-4.909910000000000707e+01 1.164198455706055693e-25
-4.899900000000000233e+01 1.470751138230834109e-25
-4.889889999999999759e+01 1.857138100624556517e-25
-4.879880000000000706e+01 2.343915976689301990e-25
-4.869870000000000232e+01 2.956873268804253198e-25
-4.859859999999999758e+01 3.728346053837557370e-25
-4.849849999999999994e+01 4.698860504789732666e-25
-4.839840000000000231e+01 5.919182381772397361e-25
-4.829830000000000467e+01 7.452873047664081488e-25
-4.819819999999999993e+01 9.379475598529706148e-25
-4.809810000000000230e+01 1.179848445753699805e-24
-4.799800000000000466e+01 1.483428860769654140e-24
-4.789789999999999992e+01 1.864232418833644573e-24
-4.779780000000000229e+01 2.341672848972816460e-24
-4.769770000000000465e+01 2.939985695534732296e-24
-4.759759999999999991e+01 3.689411072226354909e-24
-4.749750000000000227e+01 4.627662828239879482e-24
-4.739740000000000464e+01 5.801752567937310200e-24
-4.729730000000000700e+01 7.270253097346740805e-24
-4.719720000000000226e+01 9.106105751092367688e-24
-4.709709999999999752e+01 1.140010054065065900e-23
-4.699700000000000699e+01 1.426518821084850306e-23
-4.689690000000000225e+01 1.784182038463111353e-23
-4.679680000000000462e+01 2.230455959346273371e-23
-4.669669999999999987e+01 2.787025706196118398e-23
-4.659660000000000224e+01 3.480816500015459517e-23
-4.649650000000000460e+01 4.345243473915940598e-23
-4.639639999999999986e+01 5.421755584899520601e-23
-4.629630000000000223e+01 6.761741870179218842e-23
-4.619620000000000459e+01 8.428883903817165210e-23
-4.609609999999999985e+01 1.050205743596593825e-22
-4.599600000000000222e+01 1.307890962075858691e-22
-4.589590000000000458e+01 1.628026691035930791e-22
-4.579579999999999984e+01 2.025556376913441417e-22
-4.569570000000000221e+01 2.518952525167839382e-22
-4.559559999999999746e+01 3.131038890442956704e-22
-4.549550000000000693e+01 3.890001547511722991e-22
-4.539540000000000219e+01 4.830631607717129690e-22
-4.529529999999999745e+01 5.995851882945378897e-22
-4.519520000000000692e+01 7.438591430370346484e-22
-4.509510000000000218e+01 9.224086088516145356e-22
-4.499499999999999744e+01 1.143270038687855201e-21
-4.489489999999999981e+01 1.416338724172636391e-21
-4.479480000000000217e+01 1.753792744426277478e-21
-4.469470000000000454e+01 2.170612207777126695e-21
-4.459459999999999980e+01 2.685214884559934141e-21
-4.449450000000000927e+01 3.320233927589768517e-21
-4.439440000000000452e+01 4.103468961284498886e-21
-4.429429999999999978e+01 5.069048598580440893e-21
-4.419420000000000215e+01 6.258850667614048232e-21
-4.409410000000000451e+01 7.724236400251085777e-21
-4.399399999999999977e+01 9.528166916821950133e-21
-4.389390000000000214e+01 1.174778497558978594e-20
-4.379379999999999740e+01 1.447756267112231206e-20
-4.369370000000000687e+01 1.783313720036005979e-20
-4.359360000000000213e+01 2.195598273574512599e-20
-4.349349999999999739e+01 2.701909777347203501e-20
-4.339340000000000686e+01 3.323392517008431245e-20
-4.329330000000000211e+01 4.085876777332483479e-20
-4.319320000000000448e+01 5.020901769140399804e-20
-4.309309999999999974e+01 6.166958374578749437e-20
-4.299300000000000210e+01 7.570998181516929121e-20
-4.289290000000000447e+01 9.290264935761541186e-20
-4.279279999999999973e+01 1.139451616939743990e-19
-4.269270000000000209e+01 1.396871675990752007e-19
-4.259260000000000446e+01 1.711630301047257712e-19
-4.249249999999999972e+01 2.096313608220896682e-19
-4.239240000000000208e+01 2.566228792956891919e-19
-4.229230000000000445e+01 3.139983209758184771e-19
-4.219220000000000681e+01 3.840184679725041279e-19
-4.209210000000000207e+01 4.694287973254600478e-19
-4.199199999999999733e+01 5.735617457947976078e-19
-4.189190000000000680e+01 7.004601944804088925e-19
-4.179180000000000206e+01 8.550265003684355415e-19
-4.169169999999999732e+01 1.043202268342192619e-18
-4.159160000000000679e+01 1.272185093839341738e-18
-4.149150000000000205e+01 1.550689745955146095e-18
-4.139139999999999731e+01 1.889262742328498832e-18
-4.129129999999999967e+01 2.300661036862516175e-18
-4.119120000000000914e+01 2.800307654138905187e-18
-4.109110000000000440e+01 3.406839625440984376e-18
-4.099099999999999966e+01 4.142766587866717456e-18
-4.089090000000000202e+01 5.035261991652111885e-18
-4.079080000000000439e+01 6.117113129994094589e-18
-4.069069999999999965e+01 7.427861288744770487e-18
-4.059060000000000201e+01 9.015169362248704916e-18
-4.049050000000000438e+01 1.093646147591614421e-17
-4.039039999999999964e+01 1.326088770813297418e-17
-4.029030000000000200e+01 1.607167716450803110e-17
-4.019019999999999726e+01 1.946895472218192366e-17
-4.009010000000000673e+01 2.357311108010875308e-17
-3.999000000000000199e+01 2.852883273455008301e-17
-3.988990000000000435e+01 3.450991863256636434e-17
-3.978979999999999961e+01 4.172503411145253185e-17
-3.968970000000000198e+01 5.042458098126945671e-17
-3.958960000000000434e+01 6.090889604207908245e-17
-3.948949999999999960e+01 7.353802987729338142e-17
-3.938940000000000197e+01 8.874340452266206991e-17
-3.928930000000000433e+01 1.070417038604458257e-16
-3.918919999999999959e+01 1.290514158366528729e-16
-3.908909999999999485e+01 1.555125226130280655e-16
-3.898900000000000432e+01 1.873099256164473616e-16
-3.888889999999999958e+01 2.255012995637225753e-16
-3.878880000000000194e+01 2.713501957617934861e-16
-3.868870000000000431e+01 3.263653636384778096e-16
-3.858860000000000667e+01 3.923474344373547450e-16
-3.848850000000000193e+01 4.714443168604431858e-16
-3.838839999999999719e+01 5.662168964763901872e-16
-3.828830000000000666e+01 6.797169151337979016e-16
-3.818820000000000192e+01 8.155792406672250327e-16
-3.808809999999999718e+01 9.781311292990203434e-16
-3.798799999999999955e+01 1.172521543163020914e-15
-3.788790000000000191e+01 1.404874124765904871e-15
-3.778780000000000427e+01 1.682468062302114890e-15
-3.768769999999999953e+01 2.013951820071055843e-15
-3.758760000000000900e+01 2.409595574860283618e-15
-3.748750000000000426e+01 2.881589213033896027e-15
-3.738739999999999952e+01 3.444393928557562340e-15
-3.728730000000000189e+01 4.115156847584190956e-15
-3.718720000000000425e+01 4.914199723311624779e-15
-3.708709999999999951e+01 5.865594633637610275e-15
-3.698700000000000188e+01 6.997841817739735815e-15
-3.688690000000000424e+01 8.344667357113371432e-15
-3.678679999999999950e+01 9.945961400856475106e-15
-3.668670000000000186e+01 1.184888112238625608e-14
-3.658659999999999712e+01 1.410914665422878505e-14
-3.648650000000000659e+01 1.679256297022732242e-14
-3.638640000000000185e+01 1.997680617573256344e-14
-3.628630000000000422e+01 2.375351904749874182e-14
-3.618619999999999948e+01 2.823076807618522698e-14
-3.608610000000000184e+01 3.353592286689395043e-14
-3.598600000000000421e+01 3.981902873295687542e-14
-3.588589999999999947e+01 4.725675488909571385e-14
-3.578580000000000183e+01 5.605701405819843830e-14
-3.568570000000000420e+01 6.646436483414636635e-14
-3.558559999999999945e+01 7.876632611633322347e-14
-3.548550000000000182e+01 9.330075372285863062e-14
-3.538540000000000418e+01 1.104644533270164728e-13
-3.528530000000000655e+01 1.307232316364681018e-13
-3.518520000000000181e+01 1.546236198091787436e-13
-3.508509999999999707e+01 1.828065401190013690e-13
-3.498500000000000654e+01 2.160232295844940204e-13
-3.488490000000000180e+01 2.551537835006403473e-13
-3.478479999999999706e+01 3.012287385291661104e-13
-3.468470000000000653e+01 3.554541803111252716e-13
-3.458460000000000178e+01 4.192409357231003024e-13
-3.448449999999999704e+01 4.942384963413905155e-13
-3.438439999999999941e+01 5.823744190438163283e-13
-3.428430000000000888e+01 6.859000638313492874e-13
-3.418419999999999703e+01 8.074436600159139504e-13
-3.408409999999999940e+01 9.500718423143677288e-13
-3.398400000000000176e+01 1.117360970861617369e-12
-3.388390000000000413e+01 1.313479746832876321e-12
-3.378379999999999939e+01 1.543284861798402856e-12
-3.368370000000000175e+01 1.812431678152446041e-12
-3.358360000000000412e+01 2.127502234535293860e-12
-3.348349999999999937e+01 2.496153209286341785e-12
-3.338340000000000174e+01 2.927286862501477804e-12
-3.328329999999999700e+01 3.431248419868736779e-12
-3.318319999999999936e+01 4.020053866647487861e-12
-3.308310000000000173e+01 4.707652696447492300e-12
-3.298300000000000409e+01 5.510230816469317554e-12
-3.288290000000000646e+01 6.446559559444117035e-12
-3.278280000000000172e+01 7.538397604914460658e-12
-3.268270000000000408e+01 8.810953582546050637e-12
-3.258259999999999934e+01 1.029341823342597086e-11
-3.248250000000000171e+01 1.201957625932967826e-11
-3.238240000000000407e+01 1.402850941446832234e-11
-3.228229999999999933e+01 1.636540401146248450e-11
-3.218220000000000169e+01 1.908247784818406154e-11
-3.208210000000000406e+01 2.224004364270801183e-11
-3.198200000000000642e+01 2.590772842136528176e-11
-3.188189999999999813e+01 3.016587097510105451e-11
-3.178180000000000049e+01 3.510712252155611208e-11
-3.168170000000000641e+01 4.083827912885016289e-11
-3.158160000000000167e+01 4.748237832148918307e-11
-3.148150000000000048e+01 5.518109665470349931e-11
-3.138140000000000285e+01 6.409748997280035200e-11
-3.128130000000000166e+01 7.441912362906700850e-11
-3.118120000000000047e+01 8.636164621670603681e-11
-3.108110000000000284e+01 1.001728674284718628e-10
-3.098100000000000165e+01 1.161374086231765628e-10
-3.088089999999999691e+01 1.345820036371239906e-10
-3.078080000000000283e+01 1.558815374569950169e-10
-3.068070000000000519e+01 1.804659217001518194e-10
-3.058060000000000400e+01 2.088279185761104276e-10
-3.048049999999999926e+01 2.415320392925654974e-10
-3.038040000000000163e+01 2.792246589022782533e-10
-3.028030000000000044e+01 3.226455075646423165e-10
-3.018020000000000280e+01 3.726407183407878460e-10
-3.008010000000000161e+01 4.301776342005579775e-10
-2.998000000000000043e+01 4.963616021667582799e-10
-2.987990000000000279e+01 5.724550107587034041e-10
-2.977980000000000160e+01 6.598988584568223489e-10
-2.967970000000000397e+01 7.603371761612162151e-10
-2.957959999999999923e+01 8.756446659656640741e-10
-2.947950000000000159e+01 1.007957962462188823e-09
-2.937940000000000040e+01 1.159710971723068810e-09
-2.927930000000000277e+01 1.333674797618860194e-09
-2.917920000000000158e+01 1.533002825819788566e-09
-2.907910000000000039e+01 1.761281603347857228e-09
-2.897900000000000276e+01 2.022588226618026484e-09
-2.887890000000000157e+01 2.321555034316863693e-09
-2.877880000000000393e+01 2.663442494080731134e-09
-2.867869999999999919e+01 3.054221274699189379e-09
-2.857860000000000156e+01 3.500664609517183618e-09
-2.847850000000000037e+01 4.010452182974976304e-09
-2.837840000000000273e+01 4.592286912041110510e-09
-2.827830000000000510e+01 5.256026149012013934e-09
-2.817820000000000036e+01 6.012829003240205322e-09
-2.807810000000000272e+01 6.875321668413074663e-09
-2.797800000000000153e+01 7.857782850781283059e-09
-2.787790000000000390e+01 8.976351624118217637e-09
-2.777779999999999916e+01 1.024926029124701290e-08
-2.767770000000000152e+01 1.169709511192340585e-08
-2.757760000000000034e+01 1.334308806514199263e-08
-2.747750000000000270e+01 1.521344315315563460e-08
-2.737740000000000151e+01 1.733770112750668539e-08
-2.727730000000000032e+01 1.974914692723574144e-08
-2.717720000000000269e+01 2.248526456946168373e-08
-2.707710000000000150e+01 2.558824472631024374e-08
-2.697700000000000387e+01 2.910555076354496765e-08
-2.687689999999999912e+01 3.309054960938154866e-08
-2.677680000000000149e+01 3.760321447131544746e-08
-2.667670000000000030e+01 4.271090712914013660e-08
-2.657660000000000267e+01 4.848924830884634893e-08
-2.647650000000000148e+01 5.502308549027822060e-08
-2.637640000000000029e+01 6.240756842718998271e-08
-2.627630000000000265e+01 7.074934366801436746e-08
-2.617620000000000147e+01 8.016788046598312728e-08
-2.607610000000000383e+01 9.079694166541502798e-08
-2.597600000000000264e+01 1.027862144547009711e-07
-2.587590000000000146e+01 1.163031172939283142e-07
-2.577580000000000027e+01 1.315348008648879075e-07
-2.567570000000000263e+01 1.486903625626169451e-07
-2.557560000000000144e+01 1.680032958604034256e-07
-2.547550000000000026e+01 1.897341978446815011e-07
-2.537540000000000262e+01 2.141737603434115344e-07
-2.527530000000000143e+01 2.416460723728944910e-07
-2.517520000000000380e+01 2.725122641156584877e-07
-2.507510000000000261e+01 3.071745253289591353e-07
-2.497500000000000142e+01 3.460805339828772993e-07
-2.487490000000000023e+01 3.897283340531453632e-07
-2.477480000000000260e+01 4.386717047614862034e-07
-2.467470000000000141e+01 4.935260671806428254e-07
-2.457460000000000022e+01 5.549749780187473317e-07
-2.447450000000000259e+01 6.237772645846888101e-07
-2.437440000000000140e+01 7.007748594303148575e-07
-2.427430000000000376e+01 7.869013979843449527e-07
-2.417420000000000258e+01 8.831916476557292342e-07
-2.407410000000000139e+01 9.907918424097720454e-07
-2.397400000000000020e+01 1.110971002728413696e-06
-2.387390000000000256e+01 1.245133327177076504e-06
-2.377380000000000138e+01 1.394831748534754073e-06
-2.367370000000000019e+01 1.561782754622870268e-06
-2.357359999999999900e+01 1.747882581613277950e-06
-2.347350000000000136e+01 1.955224895727888581e-06
-2.337340000000000373e+01 2.186120087884067175e-06
-2.327330000000000254e+01 2.443116315012424652e-06
-2.317320000000000135e+01 2.729022431499396430e-06
-2.307310000000000016e+01 3.046932964506403874e-06
-2.297300000000000253e+01 3.400255297813497876e-06
-2.287290000000000134e+01 3.792739240346574286e-06
-2.277280000000000015e+01 4.228509167695798761e-06
-2.267269999999999897e+01 4.712098937736285100e-06
-2.257260000000000133e+01 5.248489794939793063e-06
-2.247250000000000369e+01 5.843151492133141748e-06
-2.237240000000000251e+01 6.502086873333127150e-06
-2.227230000000000132e+01 7.231880176880173363e-06
-2.217220000000000013e+01 8.039749334415378072e-06
-2.207210000000000250e+01 8.933602558309628307e-06
-2.197200000000000131e+01 9.922099527960045697e-06
-2.187190000000000367e+01 1.101471750392862111e-05
-2.177179999999999893e+01 1.222182271820304995e-05
-2.167170000000000130e+01 1.355474740891186488e-05
-2.157160000000000366e+01 1.502587288861518172e-05
-2.147150000000000247e+01 1.664871905680416465e-05
-2.137140000000000128e+01 1.843804078946249095e-05
-2.127130000000000010e+01 2.040993166144549486e-05
-2.117120000000000246e+01 2.258193548099008210e-05
-2.107110000000000127e+01 2.497316613984256498e-05
-2.097100000000000364e+01 2.760443630724417421e-05
-2.087089999999999890e+01 3.049839552128976683e-05
-2.077080000000000126e+01 3.367967825692103263e-05
-2.067070000000000007e+01 3.717506257596175543e-05
-2.057060000000000244e+01 4.101363999107206866e-05
-2.047050000000000125e+01 4.522699720221333859e-05
-2.037040000000000006e+01 4.984941039107101024e-05
-2.027030000000000243e+01 5.491805278577901491e-05
-2.017020000000000124e+01 6.047321623510652322e-05
-2.007010000000000360e+01 6.655854755787872664e-05
-1.996999999999999886e+01 7.322130045966677232e-05
-1.986990000000000123e+01 8.051260383453924562e-05
-1.976980000000000004e+01 8.848774729476368965e-05
-1.966970000000000240e+01 9.720648479558157209e-05
-1.956960000000000477e+01 1.067333572453856271e-04
-1.946950000000000003e+01 1.171380350135672703e-04
-1.936940000000000595e+01 1.284956812687751534e-04
-1.926930000000000121e+01 1.408873370990880317e-04
-1.916920000000000002e+01 1.544003293823770987e-04
-1.906910000000000238e+01 1.691287023897165365e-04
-1.896900000000000119e+01 1.851736741167288661e-04
-1.886889999999999645e+01 2.026441183469622010e-04
-1.876880000000000237e+01 2.216570734575383874e-04
-1.866870000000000118e+01 2.423382789799369535e-04
-1.856860000000000355e+01 2.648227409276205876e-04
-1.846850000000000236e+01 2.892553268969819580e-04
-1.836839999999999762e+01 3.157913919382212978e-04
-1.826830000000000354e+01 3.445974361781369922e-04
-1.816819999999999879e+01 3.758517951568284194e-04
-1.806810000000000471e+01 4.097453638146302652e-04
-1.796799999999999997e+01 4.464823550339703205e-04
-1.786789999999999878e+01 4.862810936024885818e-04
-1.776780000000000115e+01 5.293748464187474729e-04
-1.766769999999999996e+01 5.760126897093000757e-04
-1.756760000000000588e+01 6.264604139656293697e-04
-1.746750000000000114e+01 6.810014672411451690e-04
-1.736739999999999995e+01 7.399379373712172952e-04
-1.726730000000000231e+01 8.035915735933086852e-04
-1.716720000000000113e+01 8.723048479486900661e-04
-1.706710000000000349e+01 9.464420567418435669e-04
-1.696700000000000230e+01 1.026390462218277396e-03
-1.686690000000000111e+01 1.112561474495128711e-03
-1.676680000000000348e+01 1.205391873642120337e-03
-1.666670000000000229e+01 1.305345071662036404e-03
-1.656659999999999755e+01 1.412912413960048857e-03
-1.646650000000000347e+01 1.528614519719809911e-03
-1.636639999999999873e+01 1.653002660420547446e-03
-1.626630000000000464e+01 1.786660175533515702e-03
-1.616619999999999990e+01 1.930203924228477731e-03
-1.606609999999999872e+01 2.084285771699919201e-03
-1.596600000000000286e+01 2.249594108490288961e-03
-1.586589999999999989e+01 2.426855400942076746e-03
-1.576580000000000403e+01 2.616835770652812046e-03
-1.566570000000000107e+01 2.820342600537945315e-03
-1.556559999999999810e+01 3.038226164824214381e-03
-1.546550000000000225e+01 3.271381280003728825e-03
-1.536540000000000106e+01 3.520748973474247152e-03
-1.526530000000000520e+01 3.787318166275929678e-03
-1.516520000000000223e+01 4.072127366010530949e-03
-1.506509999999999927e+01 4.376266365693248436e-03
-1.496500000000000341e+01 4.700877943945329027e-03
-1.486490000000000045e+01 5.047159561583744632e-03
-1.476480000000000459e+01 5.416365049306343105e-03
-1.466470000000000162e+01 5.809806280807929685e-03
-1.456459999999999866e+01 6.228854825293269303e-03
-1.446450000000000280e+01 6.674943572982869507e-03
-1.436440000000000161e+01 7.149568326833006214e-03
-1.426429999999999865e+01 7.654289353317919944e-03
-1.416420000000000279e+01 8.190732884750273959e-03
-1.406409999999999982e+01 8.760592565246153041e-03
-1.396400000000000396e+01 9.365630832075864595e-03
-1.386390000000000100e+01 1.000768022378597383e-02
-1.376379999999999804e+01 1.068864460612691490e-02
-1.366370000000000218e+01 1.141050030648543996e-02
-1.356359999999999921e+01 1.217529714719532176e-02
-1.346350000000000335e+01 1.298515936779169599e-02
-1.336340000000000217e+01 1.384228642598523892e-02
-1.326329999999999920e+01 1.474895366686075973e-02
-1.316320000000000334e+01 1.570751284956117128e-02
-1.306310000000000038e+01 1.672039252049518920e-02
-1.296300000000000452e+01 1.779009822191648243e-02
-1.286290000000000155e+01 1.891921252456230107e-02
-1.276279999999999859e+01 2.011039487291147246e-02
-1.266270000000000273e+01 2.136638123153476038e-02
-1.256259999999999977e+01 2.268998352095920670e-02
-1.246249999999999858e+01 2.408408883146053586e-02
-1.236240000000000272e+01 2.555165840323754545e-02
-1.226229999999999976e+01 2.709572636150611377e-02
-1.216220000000000390e+01 2.871939819518578782e-02
-1.206210000000000093e+01 3.042584896804430283e-02
-1.196199999999999797e+01 3.221832125140383640e-02
-1.186190000000000211e+01 3.410012276782002638e-02
-1.176179999999999914e+01 3.607462373550238827e-02
-1.166170000000000329e+01 3.814525390366698548e-02
-1.156160000000000210e+01 4.031549926950363238e-02
-1.146149999999999913e+01 4.258889846798297185e-02
-1.136140000000000327e+01 4.496903882635444605e-02
-1.126130000000000031e+01 4.745955207586575325e-02
-1.116120000000000445e+01 5.006410971398770476e-02
-1.106110000000000149e+01 5.278641801125517896e-02
-1.096099999999999852e+01 5.563021265771792012e-02
-1.086090000000000266e+01 5.859925304496304416e-02
-1.076079999999999970e+01 6.169731618069360102e-02
-1.066070000000000384e+01 6.492819023394386102e-02
-1.056060000000000265e+01 6.829566771018091842e-02
-1.046049999999999969e+01 7.180353825675897528e-02
-1.036040000000000383e+01 7.545558110049430112e-02
-1.026030000000000086e+01 7.925555712047320511e-02
-1.016019999999999790e+01 8.320720056061414738e-02
-1.006010000000000204e+01 8.731421038797509970e-02
-9.959999999999999076e+00 9.158024130430655885e-02
-9.859900000000003217e+00 9.600889441991034001e-02
-9.759800000000000253e+00 1.006037076004789310e-01
-9.659699999999999065e+00 1.053681454992175248e-01
-9.559600000000003206e+00 1.103055892882368605e-01
-9.459500000000000242e+00 1.154193261048997443e-01
-9.359400000000004383e+00 1.207125382305193201e-01
-9.259300000000001418e+00 1.261882920205548986e-01
-9.159199999999998454e+00 1.318495266071737226e-01
-9.059100000000002595e+00 1.376990423968011690e-01
-8.958999999999999631e+00 1.437394893870062584e-01
-8.858900000000003772e+00 1.499733553287788124e-01
-8.758800000000000807e+00 1.564029537619604504e-01
-8.658699999999999619e+00 1.630304119532254292e-01
-8.558600000000003760e+00 1.698576587676441652e-01
-8.458500000000000796e+00 1.768864125064135151e-01
-8.358399999999997831e+00 1.841181687448376070e-01
-8.258300000000001972e+00 1.915541882060948775e-01
-8.158199999999999008e+00 1.991954847076683188e-01
-8.058100000000003149e+00 2.070428132185846704e-01
-7.958000000000001073e+00 2.150966580667982297e-01
-7.857899999999998109e+00 2.233572213370963733e-01
-7.757800000000002250e+00 2.318244115008803452e-01
-7.657699999999999285e+00 2.404978323199898904e-01
-7.557600000000003426e+00 2.493767720674347210e-01
-7.457500000000001350e+00 2.584601931084743454e-01
-7.357399999999998386e+00 2.677467218858667897e-01
-7.257300000000002527e+00 2.772346393533924314e-01
-7.157199999999999562e+00 2.869218719018333807e-01
-7.057100000000003703e+00 2.968059828215125484e-01
-6.957000000000001627e+00 3.068841643452695500e-01
-6.856899999999998663e+00 3.171532303152904131e-01
-6.756800000000002804e+00 3.276096095166270983e-01
-6.656699999999999839e+00 3.382493397194283324e-01
-6.556600000000003980e+00 3.490680624709069368e-01
-6.456500000000001904e+00 3.600610186769204191e-01
-6.356399999999998940e+00 3.712230450116205116e-01
-6.256300000000003081e+00 3.825485711921070009e-01
-6.156200000000000117e+00 3.940316181532278472e-01
-6.056099999999998040e+00 4.056657971557212639e-01
-5.956000000000002181e+00 4.174443098587696799e-01
-5.855899999999999217e+00 4.293599493856912197e-01
-5.755800000000003358e+00 4.414051024089817865e-01
-5.655700000000000394e+00 4.535717522782712896e-01
-5.555599999999998317e+00 4.658514832118507698e-01
-5.455500000000002458e+00 4.782354855694667117e-01
-5.355399999999999494e+00 4.907145622208791136e-01
-5.255300000000003635e+00 5.032791360213709764e-01
-5.155200000000000671e+00 5.159192584019799410e-01
-5.055099999999998595e+00 5.286246190786166865e-01
-4.955000000000002736e+00 5.413845568806044950e-01
-4.854899999999999771e+00 5.541880716953739849e-01
-4.754800000000003912e+00 5.670238375221980931e-01
-4.654700000000000948e+00 5.798802166239622746e-01
-4.554599999999998872e+00 5.927452747619411655e-01
-4.454500000000003013e+00 6.056067974946039989e-01
-4.354400000000000048e+00 6.184523075174038764e-01
-4.254300000000004189e+00 6.312690830164801037e-01
-4.154200000000001225e+00 6.440441770052205417e-01
-4.054099999999999149e+00 6.567644376086013702e-01
-3.954000000000003290e+00 6.694165292563372116e-01
-3.853900000000000325e+00 6.819869547419797895e-01
-3.753799999999997805e+00 6.944620781013379762e-01
-3.653700000000001946e+00 7.068281482599341192e-01
-3.553599999999999426e+00 7.190713233956473882e-01
-3.453500000000003567e+00 7.311776959592901637e-01
-3.353400000000000603e+00 7.431333182926371794e-01
-3.253299999999998082e+00 7.549242287803111795e-01
-3.153200000000002223e+00 7.665364784690987809e-01
-3.053099999999999703e+00 7.779561580855507419e-01
-2.953000000000003844e+00 7.891694253802883363e-01
-2.852900000000000880e+00 8.001625327252249731e-01
-2.752799999999998359e+00 8.109218548879273403e-01
-2.652700000000002500e+00 8.214339169056540380e-01
-2.552599999999999980e+00 8.316854219801652626e-01
-2.452500000000004121e+00 8.416632793132421408e-01
-2.352400000000001601e+00 8.513546318020234205e-01
-2.252299999999998636e+00 8.607468835126687035e-01
-2.152200000000002778e+00 8.698277268506443560e-01
-2.052100000000000257e+00 8.785851693459607592e-01
-1.952000000000004398e+00 8.870075599720639303e-01
-1.851900000000001656e+00 8.950836149177938683e-01
-1.751799999999999136e+00 9.028024427327886459e-01
-1.651700000000003277e+00 9.101535687680688547e-01
-1.551600000000000534e+00 9.171269588351514956e-01
-1.451499999999997792e+00 9.237130420089688654e-01
-1.351400000000001933e+00 9.299027325021499424e-01
-1.251299999999999413e+00 9.356874505407181131e-01
-1.151200000000003554e+00 9.410591421741120177e-01
-1.051100000000000811e+00 9.460102979555314873e-01
-9.509999999999981801e-01 9.505339704319730743e-01
-8.509000000000023212e-01 9.546237903869557728e-01
-7.507999999999996898e-01 9.582739817827836681e-01
-6.507000000000038309e-01 9.614793753532789866e-01
-5.506000000000010886e-01 9.642354208022239082e-01
-4.504999999999984572e-01 9.665381975672021619e-01
-3.504000000000025983e-01 9.683844241132195663e-01
-2.502999999999999670e-01 9.697714657252497483e-01
-1.502000000000040802e-01 9.706973407738098691e-01
-5.010000000000143505e-02 9.711607254327120353e-01
5.000000000000121708e-02 9.711609568332614240e-01
1.500999999999970969e-01 9.706980346443883079e-01
2.501999999999997559e-01 9.697726210734370911e-01
3.503000000000023872e-01 9.683860392876120216e-01
4.503999999999982462e-01 9.665402702613443697e-01
5.505000000000008775e-01 9.642379480600974384e-01
6.505999999999967365e-01 9.614823535763289408e-01
7.506999999999994788e-01 9.582774067384540739e-01
8.508000000000021101e-01 9.546276572187174514e-01
9.508999999999979691e-01 9.505382736707951308e-01
1.051000000000000600e+00 9.460150315327724435e-01
1.151099999999996459e+00 9.410642994357797386e-01
1.251199999999999202e+00 9.356930242630537853e-01
1.351300000000001722e+00 9.299087149084880322e-01
1.451399999999997581e+00 9.237194247878114384e-01
1.551500000000000323e+00 9.171337331594050513e-01
1.651599999999996182e+00 9.101607253153777277e-01
1.751699999999998925e+00 9.028099717068970298e-01
1.851800000000001445e+00 8.950915060708772852e-01
1.951899999999997304e+00 8.870158026279469921e-01
2.052000000000000046e+00 8.785937524241530516e-01
2.152099999999995905e+00 8.698366388911261682e-01
2.252199999999998425e+00 8.607561127013315661e-01
2.352300000000001390e+00 8.513641659967070563e-01
2.452399999999997249e+00 8.416731060702720146e-01
2.552499999999999769e+00 8.316955285813137921e-01
2.652600000000002289e+00 8.214442903854537459e-01
2.752699999999998148e+00 8.109324820612373586e-01
2.852800000000000669e+00 8.001734002149842873e-01
2.952899999999996528e+00 7.891805196453660631e-01
3.052999999999999492e+00 7.779674654486140595e-01
3.153100000000002012e+00 7.665479851444252368e-01
3.253199999999997871e+00 7.549359209014586680e-01
3.353300000000000392e+00 7.431451819398992020e-01
3.453399999999996250e+00 7.311897171868633194e-01
3.553499999999999215e+00 7.190834882584311583e-01
3.653600000000001735e+00 7.068404428399075456e-01
3.753699999999997594e+00 6.944744885334259710e-01
3.853800000000000114e+00 6.819994672393577817e-01
3.953899999999995973e+00 6.694291301351106283e-01
4.053999999999998494e+00 6.567771133117920046e-01
4.154100000000001458e+00 6.440569141260203967e-01
4.254199999999997317e+00 6.312818683207038761e-01
4.354300000000000281e+00 6.184651279650988931e-01
4.454400000000002358e+00 6.056196402607803009e-01
4.554499999999998217e+00 5.927581272563654524e-01
4.654600000000001181e+00 5.798930665099917281e-01
4.754699999999997040e+00 5.670366727346148883e-01
4.854800000000000004e+00 5.542008804571881830e-01
4.954900000000002080e+00 5.413973277188159905e-01
5.054999999999997939e+00 5.286373408388930217e-01
5.155100000000000904e+00 5.159319202622483225e-01
5.255199999999996763e+00 5.032917275043093941e-01
5.355299999999999727e+00 4.907270732052881890e-01
5.455400000000001803e+00 4.782479063005345976e-01
5.555499999999997662e+00 4.658638043102910076e-01
5.655600000000000627e+00 4.535839647483473902e-01
5.755699999999996486e+00 4.414171976454224766e-01
5.855799999999999450e+00 4.293719191795000167e-01
5.955900000000001526e+00 4.174561464019559964e-01
6.055999999999997385e+00 4.056774930449492667e-01
6.156100000000000350e+00 3.940431663924190420e-01
6.256199999999996209e+00 3.825599651940108648e-01
6.356299999999999173e+00 3.712342785983757665e-01
6.456400000000001249e+00 3.600720860796461364e-01
6.556499999999997108e+00 3.490789583283376851e-01
6.656600000000000072e+00 3.382600590756339454e-01
6.756700000000002149e+00 3.276201478178571436e-01
6.856799999999998896e+00 3.171635834059647330e-01
6.956900000000000972e+00 3.068943284631646673e-01
7.056999999999996831e+00 2.968159545921779108e-01
7.157099999999999795e+00 2.869316483322774669e-01
7.257200000000001872e+00 2.772442178250862366e-01
7.357299999999997731e+00 2.677561001470968871e-01
7.457400000000000695e+00 2.584693692660984254e-01
7.557499999999996554e+00 2.493857445780773285e-01
7.657599999999999518e+00 2.405065999807219912e-01
7.757700000000001594e+00 2.318329734394354857e-01
7.857799999999997453e+00 2.233655770016540754e-01
7.957900000000000418e+00 2.151048072153892710e-01
8.057999999999996277e+00 2.070507559081578852e-01
8.158099999999999241e+00 1.992032212828589999e-01
8.258200000000002206e+00 1.915617192877467623e-01
8.358299999999998064e+00 1.841254952183087323e-01
8.458400000000001029e+00 1.768935355097138729e-01
8.558499999999996888e+00 1.698645796794436835e-01
8.658599999999998076e+00 1.630371323807680850e-01
8.758700000000001040e+00 1.564094755289293370e-01
8.858799999999996899e+00 1.499796804631383373e-01
8.958899999999999864e+00 1.437456201088626317e-01
9.059000000000002828e+00 1.377049811063164042e-01
9.159099999999998687e+00 1.318552758725572704e-01
9.259200000000001651e+00 1.261938545661701050e-01
9.359299999999997510e+00 1.207179169251308137e-01
9.459400000000000475e+00 1.154245239500864134e-01
9.559500000000001663e+00 1.103106094070010756e-01
9.659599999999997522e+00 1.053729911248079409e-01
9.759700000000000486e+00 1.006083820654527228e-01
9.859799999999996345e+00 9.601340114545320326e-02
9.959899999999999309e+00 9.158458378982836656e-02
1.006000000000000227e+01 8.731839220100048871e-02
1.016009999999999813e+01 8.321122532697849961e-02
1.026020000000000110e+01 7.925942851484078788e-02
1.036029999999999696e+01 7.545930283720836407e-02
1.046039999999999814e+01 7.180711408103294946e-02
1.056050000000000111e+01 6.829910138964261079e-02
1.066059999999999697e+01 6.493148555053440685e-02
1.076069999999999993e+01 6.170047692292890407e-02
1.086079999999999579e+01 5.860228300056349870e-02
1.096089999999999876e+01 5.563311560660383348e-02
1.106100000000000172e+01 5.278919771891464607e-02
1.116109999999999758e+01 5.006676992521241071e-02
1.126119999999999344e+01 4.746209650885478692e-02
1.136130000000000173e+01 4.497147116718495929e-02
1.146139999999999759e+01 4.259122236544300721e-02
1.156149999999999345e+01 4.031771833028174185e-02
1.166160000000000352e+01 3.814737168789410909e-02
1.176169999999999938e+01 3.607664375264096196e-02
1.186179999999999524e+01 3.410204847289065311e-02
1.196190000000000531e+01 3.222015604154275514e-02
1.206200000000000117e+01 3.042759617938540356e-02
1.216209999999999702e+01 2.872106110005356872e-02
1.226220000000000532e+01 2.709730816591380057e-02
1.236230000000000118e+01 2.555316224468005132e-02
1.246239999999999704e+01 2.408551777698891491e-02
1.256249999999999289e+01 2.269134056552950945e-02
1.266260000000000296e+01 2.136766929661764944e-02
1.276269999999999882e+01 2.011161680535327595e-02
1.286279999999999468e+01 1.892037109568441011e-02
1.296290000000000475e+01 1.779119612684246232e-02
1.306300000000000061e+01 1.672143237769465468e-02
1.316309999999999647e+01 1.570849720059737734e-02
1.326320000000000476e+01 1.474988497633126366e-02
1.336330000000000062e+01 1.384316708164471700e-02
1.346339999999999648e+01 1.298599168084389223e-02
1.356349999999999234e+01 1.217608335274435530e-02
1.366360000000000241e+01 1.141124256413499419e-02
1.376369999999999827e+01 1.068934500071637775e-02
1.386379999999999413e+01 1.000834076625270810e-02
1.396390000000000420e+01 9.366253460433583353e-03
1.406400000000000006e+01 8.761179145669475629e-03
1.416409999999999592e+01 8.191285212755179332e-03
1.426420000000000421e+01 7.654809155028820776e-03
1.436430000000000007e+01 7.150057260327937619e-03
1.446439999999999593e+01 6.675403229706750909e-03
1.456450000000000600e+01 6.229286731531970961e-03
1.466460000000000186e+01 5.810211899214779915e-03
1.476469999999999771e+01 5.416745780472758190e-03
1.486479999999999357e+01 5.047516745647443251e-03
1.496490000000000364e+01 4.701212862228805467e-03
1.506499999999999950e+01 4.376580242366016719e-03
1.516509999999999536e+01 4.072421369768741348e-03
1.526520000000000366e+01 3.787593412033675964e-03
1.536529999999999951e+01 3.521006524061232913e-03
1.546539999999999537e+01 3.271622147863823254e-03
1.556550000000000544e+01 3.038451313710314843e-03
1.566560000000000130e+01 2.820552947198974678e-03
1.576569999999999716e+01 2.617032186508204752e-03
1.586579999999999302e+01 2.427038713740550455e-03
1.596590000000000309e+01 2.249765103949213745e-03
1.606599999999999895e+01 2.084445195122238987e-03
1.616609999999999303e+01 1.930352482094280708e-03
1.626620000000000488e+01 1.786798537063792342e-03
1.636629999999999896e+01 1.653131459110949737e-03
1.646639999999999660e+01 1.528734354842249893e-03
1.656650000000000489e+01 1.413023852030488060e-03
1.666659999999999897e+01 1.305448647873058005e-03
1.676669999999999661e+01 1.205488093258770500e-03
1.686680000000000490e+01 1.112650814213172329e-03
1.696690000000000254e+01 1.026473371483986770e-03
1.706699999999999662e+01 9.465189590324874641e-04
1.716709999999999425e+01 8.723761420134163369e-04
1.726720000000000255e+01 8.036576346540020340e-04
1.736730000000000018e+01 7.399991182831744613e-04
1.746739999999999426e+01 6.810580996135177489e-04
1.756750000000000256e+01 6.265128092417480152e-04
1.766760000000000019e+01 5.760611402071333376e-04
1.776769999999999428e+01 5.294196263317525698e-04
1.786780000000000612e+01 4.863224599613332052e-04
1.796790000000000020e+01 4.465205486296734303e-04
1.806799999999999784e+01 4.097806100836321559e-04
1.816809999999999192e+01 3.758843050287590816e-04
1.826820000000000377e+01 3.446274068869760628e-04
1.836829999999999785e+01 3.158190077976539677e-04
1.846839999999999549e+01 2.892807600407916371e-04
1.856850000000000378e+01 2.648461520159985897e-04
1.866859999999999786e+01 2.423598178726615112e-04
1.876869999999999550e+01 2.216768798549248356e-04
1.886880000000000379e+01 2.026623223995870267e-04
1.896890000000000143e+01 1.851903970049249273e-04
1.906899999999999551e+01 1.691440568738003525e-04
1.916910000000000736e+01 1.544144203246570406e-04
1.926920000000000144e+01 1.409002619586582526e-04
1.936929999999999907e+01 1.285075305700785755e-04
1.946939999999999316e+01 1.171488927897683131e-04
1.956950000000000145e+01 1.067433014575362385e-04
1.966959999999999908e+01 9.721558772857011343e-05
1.976969999999999317e+01 8.849607593101866234e-05
1.986980000000000501e+01 8.052022020645385563e-05
1.996989999999999910e+01 7.322826198168417384e-05
2.006999999999999673e+01 6.656490733915391934e-05
2.017010000000000502e+01 6.047902337365110639e-05
2.027020000000000266e+01 5.492335264496980081e-05
2.037029999999999674e+01 4.985424485936648035e-05
2.047039999999999438e+01 4.523140493691754210e-05
2.057050000000000267e+01 4.101765664694459332e-05
2.067059999999999675e+01 3.717872101945635468e-05
2.077069999999999439e+01 3.368300876679835893e-05
2.087080000000000268e+01 3.050142597633534298e-05
2.097090000000000032e+01 2.760719236178823982e-05
2.107099999999999440e+01 2.497567138774950057e-05
2.117110000000000625e+01 2.258421160876695306e-05
2.127120000000000033e+01 2.041199859108607046e-05
2.137129999999999797e+01 1.843991681161603641e-05
2.147140000000000626e+01 1.665042095483786663e-05
2.157150000000000034e+01 1.502741605410974530e-05
2.167159999999999798e+01 1.355614594910394304e-05
2.177169999999999206e+01 1.222308955586730439e-05
2.187180000000000391e+01 1.101586447016526368e-05
2.197189999999999799e+01 9.923137448332356475e-06
2.207199999999999562e+01 8.934541332751642822e-06
2.217210000000000392e+01 8.040598011310002438e-06
2.227220000000000155e+01 7.232647021685996952e-06
2.237229999999999563e+01 6.502779432116922473e-06
2.247240000000000393e+01 5.843776650346852857e-06
2.257250000000000156e+01 5.249053831761729300e-06
2.267259999999999565e+01 4.712607576276278377e-06
2.277270000000000749e+01 4.228967621349248461e-06
2.287280000000000157e+01 3.793152255563988076e-06
2.297289999999999921e+01 3.400627193536122688e-06
2.307299999999999329e+01 3.047267668504542011e-06
2.317310000000000514e+01 2.729323513834207514e-06
2.327319999999999922e+01 2.443387018829180351e-06
2.337329999999999686e+01 2.186363357730659408e-06
2.347340000000000515e+01 1.955443403581186100e-06
2.357349999999999923e+01 1.748078750783163949e-06
2.367359999999999687e+01 1.561958781692800652e-06
2.377370000000000516e+01 1.394989623487410427e-06
2.387380000000000280e+01 1.245274851843462175e-06
2.397389999999999688e+01 1.111097807689095213e-06
2.407399999999999451e+01 9.909054024685786467e-07
2.417410000000000281e+01 8.832932959973683832e-07
2.427420000000000044e+01 7.869923391198524052e-07
2.437429999999999453e+01 7.008561810265714309e-07
2.447440000000000282e+01 6.238499482675440263e-07
2.457450000000000045e+01 5.550399092326753050e-07
2.467459999999999454e+01 4.935840441816357950e-07
2.477470000000000638e+01 4.387234468144088450e-07
2.487480000000000047e+01 3.897744888993075890e-07
2.497489999999999810e+01 3.461216846385385393e-07
2.507500000000000639e+01 3.072111962709949104e-07
2.517510000000000403e+01 2.725449269061706230e-07
2.527519999999999811e+01 2.416751507705078748e-07
2.537529999999999575e+01 2.141996349453146779e-07
2.547540000000000404e+01 1.897572102999185812e-07
2.557549999999999812e+01 1.680237526917285795e-07
2.567559999999999576e+01 1.487085386311447929e-07
2.577570000000000405e+01 1.315509425090804457e-07
2.587580000000000169e+01 1.163174451718085977e-07
2.597589999999999577e+01 1.027989261157993590e-07
2.607600000000000406e+01 9.080821387677415999e-08
2.617610000000000170e+01 8.017787131448911931e-08
2.627619999999999578e+01 7.075819445942048603e-08
2.637629999999999342e+01 6.241540540048836767e-08
2.647640000000000171e+01 5.503002136445619529e-08
2.657649999999999935e+01 4.849538367759591571e-08
2.667659999999999343e+01 4.271633171771787619e-08
2.677670000000000528e+01 3.760800826852089004e-08
2.687679999999999936e+01 3.309478388646317123e-08
2.697689999999999699e+01 2.910928899078803257e-08
2.707700000000000529e+01 2.559154339710479027e-08
2.717709999999999937e+01 2.248817394075719729e-08
2.727719999999999700e+01 1.975171168447720757e-08
2.737730000000000530e+01 1.733996098141042192e-08
2.747740000000000293e+01 1.521543337500154982e-08
2.757749999999999702e+01 1.334483996663721186e-08
2.767759999999999465e+01 1.169863647513083242e-08
2.777770000000000294e+01 1.025061575355286750e-08
2.787780000000000058e+01 8.977543022742297922e-09
2.797789999999999466e+01 7.858829530904360718e-09
2.807800000000000296e+01 6.876240758607054630e-09
2.817810000000000059e+01 6.013635661529526880e-09
2.827819999999999467e+01 5.256733782572038073e-09
2.837830000000000652e+01 4.592907373246719559e-09
2.847840000000000060e+01 4.010995944246334169e-09
2.857849999999999824e+01 3.501140919165801724e-09
2.867859999999999232e+01 3.054638295761529836e-09
2.877870000000000417e+01 2.663807427925736309e-09
2.887879999999999825e+01 2.321874230635488527e-09
2.897889999999999588e+01 2.022867281239568970e-09
2.907900000000000418e+01 1.761525445181527568e-09
2.917909999999999826e+01 1.533215794087283317e-09
2.927919999999999590e+01 1.333860710423141804e-09
2.937930000000000419e+01 1.159873186891519769e-09
2.947940000000000182e+01 1.008099431504303225e-09
2.957949999999999591e+01 8.757679818975124793e-10
2.967960000000000775e+01 7.604446158703794946e-10
2.977970000000000184e+01 6.599924202100763086e-10
2.987979999999999947e+01 5.725364473907597517e-10
2.997989999999999355e+01 4.964324504311779925e-10
3.008000000000000185e+01 4.302392407121323840e-10
3.018009999999999948e+01 3.726942624925712423e-10
3.028019999999999357e+01 3.226920217611404215e-10
3.038030000000000541e+01 2.792650464133111380e-10
3.048039999999999949e+01 2.415670899988706266e-10
3.058049999999999713e+01 2.088583228479317991e-10
3.068060000000000542e+01 1.804922826235091785e-10
3.078070000000000306e+01 1.559043815984025287e-10
3.088079999999999714e+01 1.346017905162478326e-10
3.098089999999999478e+01 1.161545390439584948e-10
3.108100000000000307e+01 1.001876908022486033e-10
3.118109999999999715e+01 8.637446699577218446e-11
3.128119999999999479e+01 7.443020695563078647e-11
3.138130000000000308e+01 6.410706663631400947e-11
3.148140000000000072e+01 5.518936743987741651e-11
3.158149999999999480e+01 4.748951781979025912e-11
3.168160000000000664e+01 4.084443907787126251e-11
3.178170000000000073e+01 3.511243472915214735e-11
3.188179999999999836e+01 3.017044987852051267e-11
3.198190000000000666e+01 2.591167332573113708e-11
3.208200000000000074e+01 2.224344067795776721e-11
3.218209999999999837e+01 1.908540167895282594e-11
3.228219999999999601e+01 1.636791933028976267e-11
3.238230000000000075e+01 1.403067224508028607e-11
3.248239999999999839e+01 1.202143509353997035e-11
3.258249999999999602e+01 1.029501502235829839e-11
3.268260000000000787e+01 8.812324600380539419e-12
3.278269999999999840e+01 7.539574201146443606e-12
3.288279999999999603e+01 6.447568813691146829e-12
3.298290000000000788e+01 5.511096108145481736e-12
3.308299999999999841e+01 4.708394200106905314e-12
3.318309999999999604e+01 4.020688982463488826e-12
3.328320000000000789e+01 3.431792147542561400e-12
3.338330000000000553e+01 2.927752125860274234e-12
3.348339999999999606e+01 2.496551137922386118e-12
3.358349999999999369e+01 2.127842408041291044e-12
3.368360000000000554e+01 1.812722337806943290e-12
3.378370000000000317e+01 1.543533093941624948e-12
3.388379999999999370e+01 1.313691641633700983e-12
3.398390000000000555e+01 1.117541759705151701e-12
3.408400000000000318e+01 9.502260166257147679e-13
3.418409999999999371e+01 8.075750739734849778e-13
3.428420000000000556e+01 6.860120231070280459e-13
3.438430000000000319e+01 5.824697574299745591e-13
3.448440000000000083e+01 4.943196418831096550e-13
3.458449999999999136e+01 4.193099677626602165e-13
3.468460000000000321e+01 3.555128786674136016e-13
3.478470000000000084e+01 3.012786258740529035e-13
3.488479999999999848e+01 2.551961618539105182e-13
3.498490000000000322e+01 2.160592117270694049e-13
3.508500000000000085e+01 1.828370766177497076e-13
3.518509999999999849e+01 1.546495222540379755e-13
3.528520000000000323e+01 1.307451926102167829e-13
3.538530000000000086e+01 1.104830635580707338e-13
3.548539999999999850e+01 9.331651681065751968e-14
3.558550000000001035e+01 7.877967116618793444e-14
3.568560000000000088e+01 6.647565729263525180e-14
3.578569999999999851e+01 5.606656500047404342e-14
3.588579999999999615e+01 4.726482897511953560e-14
3.598590000000000089e+01 3.982585101983263989e-14
3.608599999999999852e+01 3.354168463870992953e-14
3.618609999999999616e+01 2.823563183043240988e-14
3.628620000000000800e+01 2.375762275785613479e-14
3.638629999999999853e+01 1.998026693432048834e-14
3.648639999999999617e+01 1.679548009802595260e-14
3.658650000000000801e+01 1.411160435592986820e-14
3.668659999999999854e+01 1.185095075121834408e-14
3.678669999999999618e+01 9.947703389666814822e-15
3.688679999999999382e+01 8.346132864031529738e-15
3.698690000000000566e+01 6.999074127871354694e-15
3.708699999999999619e+01 5.866630352335897183e-15
3.718709999999999383e+01 4.915069791486229378e-15
3.728720000000000567e+01 4.115887405137687373e-15
3.738730000000000331e+01 3.445007048285285869e-15
3.748739999999999384e+01 2.882103524094601255e-15
3.758750000000000568e+01 2.410026792158595221e-15
3.768760000000000332e+01 2.014313193516702477e-15
3.778769999999999385e+01 1.682770757874091439e-15
3.788780000000000570e+01 1.405127547565250496e-15
3.798790000000000333e+01 1.172733611143707667e-15
3.808800000000000097e+01 9.783085050859294236e-16
3.818809999999999150e+01 8.157275277775431531e-16
3.828820000000000334e+01 6.798408239813060165e-16
3.838830000000000098e+01 5.663203847392840642e-16
3.848839999999999861e+01 4.715307081101244134e-16
3.858850000000000335e+01 3.924195183431275469e-16
3.868860000000000099e+01 3.264254805657314862e-16
3.878869999999999862e+01 2.714003081573232562e-16
3.888880000000000337e+01 2.255430521607004775e-16
3.898890000000000100e+01 1.873446961838816436e-16
3.908899999999999864e+01 1.555414647125560630e-16
3.918909999999999627e+01 1.290754948269503360e-16
3.928920000000000101e+01 1.070617271998885728e-16
3.938929999999999865e+01 8.876004726008356328e-17
3.948939999999999628e+01 7.355185608384093883e-17
3.958950000000000102e+01 6.092037682119873034e-17
3.968959999999999866e+01 5.043410959536939110e-17
3.978969999999999629e+01 4.173293868029254952e-17
3.988980000000000814e+01 3.451647278770661782e-17
3.998989999999999867e+01 2.853426455425151482e-17
4.008999999999999631e+01 2.357761057834764548e-17
4.019010000000000815e+01 1.947268012253362280e-17
4.029020000000000579e+01 1.607476015336338964e-17
4.039029999999999632e+01 1.326343783102634826e-17
4.049039999999999395e+01 1.093856981485816246e-17
4.059050000000000580e+01 9.016911610065466435e-18
4.069059999999999633e+01 7.429300317985639512e-18
4.079069999999999396e+01 6.118301138398430822e-18
4.089080000000000581e+01 5.036242293055169242e-18
4.099090000000000344e+01 4.143575106373851622e-18
4.109099999999999397e+01 3.407506141394996405e-18
4.119110000000000582e+01 2.800856842580552311e-18
4.129120000000000346e+01 2.301113332600376335e-18
4.139130000000000109e+01 1.889635060199262390e-18
4.149139999999999162e+01 1.550996080209101836e-18
4.159150000000000347e+01 1.272437016680801367e-18
4.169160000000000110e+01 1.043409344380318529e-18
4.179169999999999163e+01 8.551966309855904456e-19
4.189180000000000348e+01 7.005999038228125544e-19
4.199190000000000111e+01 5.736764181605691817e-19
4.209199999999999875e+01 4.695228741090844415e-19
4.219210000000000349e+01 3.840956109728245155e-19
4.229220000000000113e+01 3.140615477433091726e-19
4.239229999999999876e+01 2.566746752490700508e-19
4.249240000000000350e+01 2.096737720742424178e-19
4.259250000000000114e+01 1.711977402779287208e-19
4.269259999999999877e+01 1.397155613586433607e-19
4.279269999999999641e+01 1.139683772700732711e-19
4.289280000000000115e+01 9.292162194169101893e-20
4.299289999999999878e+01 7.572547939828185550e-20
4.309299999999999642e+01 6.168223670011657356e-20
4.319310000000000827e+01 5.021934317487605459e-20
4.329319999999999879e+01 4.086718985310966912e-20
4.339329999999999643e+01 3.324079140752299849e-20
4.349340000000000828e+01 2.702469288573908616e-20
4.359349999999999881e+01 2.196053984378481865e-20
4.369359999999999644e+01 1.783684708484717673e-20
4.379369999999999408e+01 1.448058138535887353e-20
4.389380000000000592e+01 1.175024010383097448e-20
4.399389999999999645e+01 9.530162716439054545e-21
4.409399999999999409e+01 7.725858024657357149e-21
4.419410000000000593e+01 6.260167632523990031e-21
4.429420000000000357e+01 5.070117625741033387e-21
4.439429999999999410e+01 4.104336310299923590e-21
4.449440000000000595e+01 3.320937307021843604e-21
4.459450000000000358e+01 2.685785017421916553e-21
4.469459999999999411e+01 2.171074113271031782e-21
4.479470000000000596e+01 1.754166786826726174e-21
4.489480000000000359e+01 1.416641470725618537e-21
4.499490000000000123e+01 1.143514960944400630e-21
4.509499999999999176e+01 9.226066557203035672e-22
4.519510000000000360e+01 7.440192087822226941e-22
4.529520000000000124e+01 5.997144945465173558e-22
4.539529999999999887e+01 4.831675681902073590e-22
4.549540000000000362e+01 3.890844171682722422e-22
4.559550000000000125e+01 3.131718605981223132e-22
4.569559999999999889e+01 2.519500563861542158e-22
4.579570000000000363e+01 2.025998034805524077e-22
4.589580000000000126e+01 1.628382446456342471e-22
4.599589999999999890e+01 1.308177385032207779e-22
4.609599999999999653e+01 1.050436235086808547e-22
4.619610000000000127e+01 8.430737831344688769e-23
4.629619999999999891e+01 6.763232333880410384e-23
4.639629999999999654e+01 5.422953265062772464e-23
4.649640000000000128e+01 4.346205420862314851e-23
4.659649999999999892e+01 3.481588739856507920e-23
4.669659999999999656e+01 2.787645352859595352e-23
4.679670000000000840e+01 2.230952925559934365e-23
4.689679999999999893e+01 1.784580421151624851e-23
4.699689999999999657e+01 1.426838022572022977e-23
4.709700000000000841e+01 1.140265689007177993e-23
4.719710000000000605e+01 9.108152037394348721e-24
4.729719999999999658e+01 7.271890303834150245e-24
4.739729999999999421e+01 5.803061844530921539e-24
4.749740000000000606e+01 4.628709354779379073e-24
4.759749999999999659e+01 3.690247175632007144e-24
4.769759999999999422e+01 2.940653363670530931e-24
4.779770000000000607e+01 2.342205756957842929e-24
4.789780000000000371e+01 1.864657561540127693e-24
4.799789999999999424e+01 1.483767867385715229e-24
4.809800000000000608e+01 1.180118637798787610e-24
4.819810000000000372e+01 9.381628022870309503e-25
4.829819999999999425e+01 7.454586903114495372e-25
4.839830000000000609e+01 5.920546372607639572e-25
4.849840000000000373e+01 4.699945529651198956e-25
4.859850000000000136e+01 3.729208752071357712e-25
4.869859999999999189e+01 2.957558866135582845e-25
4.879870000000000374e+01 2.344460567520831343e-25
4.889880000000000138e+01 1.857570477578547660e-25
4.899889999999999901e+01 1.471094258016909456e-25
4.909900000000000375e+01 1.164470613018225092e-25
4.919910000000000139e+01 9.213176648488961730e-26
4.929919999999999902e+01 7.285898148773967344e-26
4.939930000000000376e+01 5.759033781467092309e-26
4.949940000000000140e+01 4.549974772732502465e-26
4.959949999999999903e+01 3.593032817582248080e-26
4.969959999999999667e+01 2.835999902864292689e-26
4.979970000000000141e+01 2.237402257056033441e-26
4.989979999999999905e+01 1.764309467404548055e-26
4.999989999999999668e+01 1.390587399542277724e-26
