-1.200000000000000000e+02 1.121724885180269146e-53
-1.197597600000000000e+02 1.821344778609736576e-53
-1.195195200000000000e+02 2.954446435081965969e-53
-1.192792800000000000e+02 4.787824481267065004e-53
-1.190390400000000000e+02 7.751369980582964008e-53
-1.187988000000000000e+02 1.253709328725175274e-52
-1.185585599999999999e+02 2.025785196725957460e-52
-1.183183200000000141e+02 3.270153013231817489e-52
-1.180780800000000141e+02 5.273766536132058324e-52
-1.178378400000000141e+02 8.496731042890114415e-52
-1.175976000000000141e+02 1.367605968305736935e-51
-1.173573599999999999e+02 2.199116558781089726e-51
-1.171171199999999999e+02 3.532756100706903908e-51
-1.168768799999999999e+02 5.669662490077930658e-51
-1.166366399999999999e+02 9.090314377841039403e-51
-1.163963999999999999e+02 1.456058234208620561e-50
-1.161561599999999999e+02 2.330004347721359497e-50
-1.159159199999999998e+02 3.724884949369328101e-50
-1.156756799999999998e+02 5.949043439618529944e-50
-1.154354399999999998e+02 9.492040053356307726e-50
-1.151951999999999998e+02 1.513039023366036232e-49
-1.149549599999999998e+02 2.409455120708695845e-49
-1.147147200000000140e+02 3.833237239961470546e-49
-1.144744800000000140e+02 6.092432147055555212e-49
-1.142342400000000140e+02 9.673727476427080040e-49
-1.139939999999999998e+02 1.534529144017774949e-48
-1.137537599999999998e+02 2.431837653885798417e-48
-1.135135199999999998e+02 3.850101344477775387e-48
-1.132732799999999997e+02 6.089587697355880150e-48
-1.130330399999999997e+02 9.622363568327672934e-48
-1.127927999999999997e+02 1.518986031442819826e-47
-1.125525599999999997e+02 2.395542847534411759e-47
-1.123123199999999997e+02 3.774263797716441124e-47
-1.120720799999999997e+02 5.940714817234325110e-47
-1.118318399999999997e+02 9.341643790329375776e-47
-1.115916000000000139e+02 1.467526818219835145e-46
-1.113513600000000139e+02 2.303174985207140522e-46
-1.111111200000000139e+02 3.611153659629792217e-46
-1.108708800000000139e+02 5.656439513181282409e-46
-1.106306400000000139e+02 8.851532559330816766e-46
-1.103903999999999996e+02 1.383795583259806998e-45
-1.101501599999999996e+02 2.161242773311061231e-45
-1.099099199999999996e+02 3.372199915675159667e-45
-1.096696799999999996e+02 5.256555054752905805e-45
-1.094294399999999996e+02 8.185915676538690152e-45
-1.091891999999999996e+02 1.273536689140004194e-44
-1.089489599999999996e+02 1.979401068938922683e-44
-1.087087199999999996e+02 3.073507555046991365e-44
-1.084684799999999996e+02 4.767743850245311329e-44
-1.082282399999999996e+02 7.388728172220608186e-44
-1.079879999999999995e+02 1.143943590188796385e-43
-1.077477600000000137e+02 1.769365985511250075e-43
-1.075075200000000137e+02 2.734065306984785079e-43
-1.072672800000000137e+02 4.220639306536430538e-43
-1.070270399999999995e+02 6.509171876465089417e-43
-1.067867999999999995e+02 1.002885574871813742e-42
-1.065465599999999995e+02 1.543672526915642786e-42
-1.063063199999999995e+02 2.373761656850386866e-42
-1.060660799999999995e+02 3.646676102199502188e-42
-1.058258399999999995e+02 5.596743668457605281e-42
-1.055855999999999995e+02 8.581274358342328552e-42
-1.053453599999999994e+02 1.314456756718017293e-41
-1.051051199999999994e+02 2.011495031004434464e-41
-1.048648799999999994e+02 3.075174537726138855e-41
-1.046246400000000136e+02 4.696763811594125737e-41
-1.043844000000000136e+02 7.166478748297594530e-41
-1.041441600000000136e+02 1.092423561836290350e-40
-1.039039200000000136e+02 1.663621195801310377e-40
-1.036636800000000136e+02 2.531022328108913104e-40
-1.034234399999999994e+02 3.846942127815867525e-40
-1.031831999999999994e+02 5.841353304372322843e-40
-1.029429599999999994e+02 8.861136799851518897e-40
-1.027027199999999993e+02 1.342899626828200052e-39
-1.024624799999999993e+02 2.033179911373297809e-39
-1.022222399999999993e+02 3.075290963128881157e-39
-1.019819999999999993e+02 4.647022327523575137e-39
-1.017417599999999993e+02 7.015222521439320456e-39
-1.015015199999999993e+02 1.058001512566627031e-38
-1.012612799999999993e+02 1.594076909342756694e-38
-1.010210399999999993e+02 2.399442783963204243e-38
-1.007807999999999993e+02 3.608192263153989551e-38
-1.005405600000000135e+02 5.420596602820583345e-38
-1.003003200000000135e+02 8.135470063148923171e-38
-1.000600800000000135e+02 1.219821711665136442e-37
-9.981983999999999924e+01 1.827208942433996131e-37
-9.957959999999999923e+01 2.734375851998259424e-37
-9.933935999999999922e+01 4.087957321687570446e-37
-9.909911999999999921e+01 6.105660348565205280e-37
-9.885887999999999920e+01 9.110392219352198155e-37
-9.861863999999999919e+01 1.358062173718706182e-36
-9.837839999999999918e+01 2.022462027778153643e-36
-9.813816000000001338e+01 3.008979610790861092e-36
-9.789792000000001337e+01 4.472354892062586492e-36
-9.765768000000001337e+01 6.640968454359954561e-36
-9.741744000000001336e+01 9.851553520914388536e-36
-9.717720000000001335e+01 1.460011141684499854e-35
-9.693696000000001334e+01 2.161651925069475237e-35
-9.669672000000001333e+01 3.197374471086359781e-35
-9.645647999999999911e+01 4.724756022380126066e-35
-9.621623999999999910e+01 6.974987225287197325e-35
-9.597599999999999909e+01 1.028692541231896478e-34
-9.573575999999999908e+01 1.515674382487663431e-34
-9.549551999999999907e+01 2.231024681723678800e-34
-9.525527999999999906e+01 3.280809278567505813e-34
-9.501503999999999905e+01 4.819874600238811213e-34
-9.477479999999999905e+01 7.074058371424998747e-34
-9.453455999999999904e+01 1.037241020940205707e-33
-9.429431999999999903e+01 1.519388636407737644e-33
-9.405407999999999902e+01 2.223495265579374735e-33
-9.381384000000001322e+01 3.250735913130006983e-33
-9.357360000000001321e+01 4.747941010088484399e-33
-9.333336000000001320e+01 6.927987331588048556e-33
-9.309312000000001319e+01 1.009920063856627007e-32
-9.285287999999999897e+01 1.470771009488393738e-32
-9.261263999999999896e+01 2.139839827419973500e-32
-9.237239999999999895e+01 3.110252280704742888e-32
-9.213215999999999894e+01 4.516355431552529974e-32
-9.189191999999999894e+01 6.551771672054449046e-32
-9.165167999999999893e+01 9.495274841335333958e-32
-9.141143999999999892e+01 1.374784006116751849e-31
-9.117120000000001312e+01 1.988563882371350370e-31
-9.093096000000001311e+01 2.873576533844364417e-31
-9.069072000000001310e+01 4.148433520583526272e-31
-9.045048000000001309e+01 5.983063970114545381e-31
-9.021024000000001308e+01 8.620675602552889871e-31
-8.997000000000001307e+01 1.240900914038740473e-30
-8.972976000000001306e+01 1.784477396298109445e-30
-8.948951999999999884e+01 2.563676031090050678e-30
-8.924927999999999884e+01 3.679538741296506695e-30
-8.900903999999999883e+01 5.275963251444268309e-30
-8.876879999999999882e+01 7.557676336808667764e-30
-8.852855999999999881e+01 1.081565837612371847e-29
-8.828831999999999880e+01 1.546307201290389301e-29
-8.804807999999999879e+01 2.208598336885739788e-29
-8.780783999999999878e+01 3.151489382081953950e-29
-8.756759999999999877e+01 4.492551877399636819e-29
-8.732735999999999876e+01 6.398062797811818881e-29
-8.708711999999999875e+01 9.102947565914072481e-29
-8.684687999999999874e+01 1.293879192925959091e-28
-8.660664000000001295e+01 1.837314751248689115e-28
-8.636640000000001294e+01 2.606462853437429804e-28
-8.612616000000001293e+01 3.694006565166477386e-28
-8.588591999999999871e+01 5.230243773564151532e-28
-8.564567999999999870e+01 7.398170643993551424e-28
-8.540543999999999869e+01 1.045453937784543353e-27
-8.516519999999999868e+01 1.475922679190183592e-27
-8.492496000000001288e+01 2.081615220600140539e-27
-8.468472000000001287e+01 2.933022863375413837e-27
-8.444448000000001286e+01 4.128654937028479480e-27
-8.420424000000001286e+01 5.806037959926365591e-27
-8.396400000000001285e+01 8.156978166194775363e-27
-8.372376000000001284e+01 1.144871841346981436e-26
-8.348352000000001283e+01 1.605323609514165283e-26
-8.324328000000001282e+01 2.248777343510548974e-26
-8.300304000000001281e+01 3.147084952018001811e-26
-8.276280000000001280e+01 4.399958909730281453e-26
-8.252255999999999858e+01 6.145637221612665155e-26
-8.228231999999999857e+01 8.575577274522818493e-26
-8.204207999999999856e+01 1.195467996780679378e-25
-8.180183999999999855e+01 1.664909721069960312e-25
-8.156159999999999854e+01 2.316442737392634158e-25
-8.132135999999999854e+01 3.219812586876069086e-25
-8.108111999999999853e+01 4.471134802067381587e-25
-8.084087999999999852e+01 6.202732882139355659e-25
-8.060063999999999851e+01 8.596596428616197949e-25
-8.036039999999999850e+01 1.190277281239326863e-24
-8.012015999999999849e+01 1.646447529147316342e-24
-7.987991999999999848e+01 2.275232539104828948e-24
-7.963968000000001268e+01 3.141100490830773362e-24
-7.939944000000001267e+01 4.332274997485606029e-24
-7.915920000000001266e+01 5.969367916100067564e-24
-7.891895999999999844e+01 8.217104741199137500e-24
-7.867871999999999844e+01 1.130023418220459063e-23
-7.843847999999999843e+01 1.552509297611811812e-23
-7.819823999999999842e+01 2.130880626161798435e-23
-7.795800000000001262e+01 2.921878663026086852e-23
-7.771776000000001261e+01 4.002610942012167710e-23
-7.747752000000001260e+01 5.477756522287668956e-23
-7.723728000000001259e+01 7.489282557874744613e-23
-7.699704000000001258e+01 1.022953405836109716e-22
-7.675680000000001257e+01 1.395884980247785368e-22
-7.651656000000001256e+01 1.902924514562700382e-22
-7.627632000000001256e+01 2.591621849794943755e-22
-7.603608000000001255e+01 3.526142422762823670e-22
-7.579584000000001254e+01 4.792986565608835801e-22
-7.555560000000001253e+01 6.508647011998159615e-22
-7.531535999999999831e+01 8.829850915790732997e-22
-7.507511999999999830e+01 1.196724461408708876e-21
-7.483487999999999829e+01 1.620365958011489436e-21
-7.459463999999999828e+01 2.191846811867734659e-21
-7.435439999999999827e+01 2.962002567116625970e-21
-7.411415999999999826e+01 3.998884017968579168e-21
-7.387391999999999825e+01 5.393495626864919943e-21
-7.363367999999999824e+01 7.267415632611657502e-21
-7.339343999999999824e+01 9.782904447262867809e-21
-7.315319999999999823e+01 1.315630004882233410e-20
-7.291296000000001243e+01 1.767575090845380709e-20
-7.267272000000001242e+01 2.372466675630768406e-20
-7.243248000000001241e+01 3.181269884047839642e-20
-7.219224000000001240e+01 4.261662495205440405e-20
-7.195199999999999818e+01 5.703425013647470746e-20
-7.171175999999999817e+01 7.625539315374885369e-20
-7.147151999999999816e+01 1.018552779303255523e-19
-7.123128000000001236e+01 1.359172744022993632e-19
-7.099104000000001236e+01 1.811940451462109071e-19
-7.075080000000001235e+01 2.413188958838484591e-19
-7.051056000000001234e+01 3.210826831993666530e-19
-7.027032000000001233e+01 4.267962380091041840e-19
-7.003008000000001232e+01 5.667642220437496864e-19
-6.978984000000001231e+01 7.519040362305705148e-19
-6.954960000000001230e+01 9.965533433132233170e-19
-6.930936000000001229e+01 1.319522590827215731e-18
-6.906912000000001228e+01 1.745465440889260661e-18
-6.882888000000001227e+01 2.306661272382101505e-18
-6.858864000000001226e+01 3.045331248283936756e-18
-6.834839999999999804e+01 4.016644529512835403e-18
-6.810815999999999804e+01 5.292616221562244625e-18
-6.786791999999999803e+01 6.967156300218385610e-18
-6.762767999999999802e+01 9.162602554847788906e-18
-6.738743999999999801e+01 1.203816492133361316e-17
-6.714719999999999800e+01 1.580082903649831650e-17
-6.690695999999999799e+01 2.071942049731530999e-17
-6.666671999999999798e+01 2.714272707993405250e-17
-6.642647999999999797e+01 3.552282533517605814e-17
-6.618624000000001217e+01 4.644507473669512346e-17
-6.594600000000001216e+01 6.066664480701980584e-17
-6.570576000000001216e+01 7.916595088888777981e-17
-6.546552000000001215e+01 1.032060207363759618e-16
-6.522528000000001214e+01 1.344156323484348433e-16
-6.498503999999999792e+01 1.748930979209186786e-16
-6.474479999999999791e+01 2.273388751158338876e-16
-6.450455999999999790e+01 2.952248346401109167e-16
-6.426432000000001210e+01 3.830100893174363950e-16
-6.402408000000001209e+01 4.964159028606676363e-16
-6.378384000000001208e+01 6.427754815131973168e-16
-6.354360000000001207e+01 8.314785767577421508e-16
-6.330336000000001206e+01 1.074536001373064701e-15
-6.306312000000001206e+01 1.387295643702880427e-15
-6.282288000000001205e+01 1.789349677801386513e-15
-6.258264000000001204e+01 2.305682808579650333e-15
-6.234240000000000492e+01 2.968124054072090388e-15
-6.210216000000000491e+01 3.817180360424224318e-15
-6.186192000000000490e+01 4.904350020620843101e-15
-6.162168000000000490e+01 6.295038351496018039e-15
-6.138144000000000489e+01 8.072228515305821744e-15
-6.114120000000000488e+01 1.034109815387075063e-14
-6.090096000000001197e+01 1.323481935636158031e-14
-6.066072000000000486e+01 1.692183751742205553e-14
-6.042048000000000485e+01 2.161499644664596877e-14
-6.018024000000000484e+01 2.758296582750477160e-14
-5.994000000000000483e+01 3.516453665989068821e-14
-5.969976000000000482e+01 4.478648537391642717e-14
-5.945952000000000481e+01 5.698587362471832236e-14
-5.921928000000001191e+01 7.243785537005554024e-14
-5.897904000000001190e+01 9.199031420691051749e-14
-5.873880000000000479e+01 1.167069624367089731e-13
-5.849856000000000478e+01 1.479209114770626945e-13
-5.825832000000000477e+01 1.873011862248493854e-13
-5.801808000000000476e+01 2.369352221684338571e-13
-5.777784000000000475e+01 2.994310756362779214e-13
-5.753760000000000474e+01 3.780439213294778846e-13
-5.729736000000000473e+01 4.768324394809571042e-13
-5.705711999999999762e+01 6.008519464426551732e-13
-5.681687999999999761e+01 7.563926438925111254e-13
-5.657664000000001181e+01 9.512732091930697219e-13
-5.633640000000001180e+01 1.195202189875341871e-12
-5.609616000000001179e+01 1.500222379158559654e-12
-5.585592000000001178e+01 1.881256632968906231e-12
-5.561568000000001177e+01 2.356777556855312015e-12
-5.537544000000000466e+01 2.949628280372124930e-12
-5.513520000000000465e+01 3.688027309874932281e-12
-5.489496000000000464e+01 4.606797402064131711e-12
-5.465472000000000463e+01 5.748866760178667122e-12
-5.441448000000000462e+01 7.167100895470503298e-12
-5.417424000000000461e+01 8.926535541789256913e-12
-5.393400000000000460e+01 1.110709544317650594e-11
-5.369376000000000460e+01 1.380690110496276853e-11
-5.345351999999999748e+01 1.714628624069741727e-11
-5.321328000000001168e+01 2.127267328776606332e-11
-5.297304000000001167e+01 2.636648374174404874e-11
-5.273280000000001166e+01 3.264829504015001213e-11
-5.249256000000001166e+01 4.038749732686998171e-11
-5.225232000000001165e+01 4.991275283962845706e-11
-5.201208000000001164e+01 6.162461927677591274e-11
-5.177184000000000452e+01 7.601076794214517376e-11
-5.153160000000000451e+01 9.366430963356180256e-11
-5.129136000000000450e+01 1.153058383390312333e-10
-5.105112000000000450e+01 1.418099174008026077e-10
-5.081088000000000449e+01 1.742368678802018995e-10
-5.057064000000000448e+01 2.138708778581275745e-10
-5.033040000000000447e+01 2.622656383331757800e-10
-5.009015999999999735e+01 3.212989308488452556e-10
-4.984992000000001156e+01 3.932378493203440675e-10
-4.960968000000001155e+01 4.808166398765669967e-10
-4.936944000000001154e+01 5.873294949412574604e-10
-4.912920000000001153e+01 7.167410493533369481e-10
-4.888896000000001152e+01 8.738178063594334218e-10
-4.864872000000001151e+01 1.064284280435315594e-09
-4.840848000000000440e+01 1.295008294255759559e-09
-4.816824000000000439e+01 1.574220622593943523e-09
-4.792800000000000438e+01 1.911775052273307249e-09
-4.768776000000000437e+01 2.319455942458972918e-09
-4.744752000000000436e+01 2.811341543922776015e-09
-4.720728000000000435e+01 3.404232692511625703e-09
-4.696704000000000434e+01 4.118158056975606633e-09
-4.672680000000000433e+01 4.976968924011588752e-09
-4.648656000000001143e+01 6.009038577019551254e-09
-4.624632000000001142e+01 7.248083706955905698e-09
-4.600608000000001141e+01 8.734128025663652486e-09
-4.576584000000001140e+01 1.051463138107076758e-08
-4.552560000000001139e+01 1.264581125210264160e-08
-4.528536000000001138e+01 1.519418758755654719e-08
-4.504512000000001137e+01 1.823838661267685233e-08
-4.480488000000000426e+01 2.187124453211082840e-08
-4.456464000000000425e+01 2.620225808856345696e-08
-4.432440000000000424e+01 3.136043578154668664e-08
-4.408416000000000423e+01 3.749761130810807020e-08
-4.384392000000000422e+01 4.479228956516022596e-08
-4.360368000000000421e+01 5.345410546952396859e-08
-4.336344000000000420e+01 6.372898703682337460e-08
-4.312320000000000420e+01 7.590512675583052510e-08
-4.288296000000001129e+01 9.031987945536955980e-08
-4.264272000000001128e+01 1.073677207545601658e-07
-4.240248000000001127e+01 1.275094179961394237e-07
-4.216224000000001126e+01 1.512825854838027157e-07
-4.192200000000001125e+01 1.793138180898845837e-07
-4.168176000000001125e+01 2.123326220970564280e-07
-4.144152000000001124e+01 2.511873897305791713e-07
-4.120128000000000412e+01 2.968636944857423518e-07
-4.096104000000000411e+01 3.505052183341792710e-07
-4.072080000000000410e+01 4.134376594944049851e-07
-4.048056000000000409e+01 4.871960109830989438e-07
-4.024032000000000409e+01 5.735556459460241395e-07
-4.000008000000000408e+01 6.745676961361860546e-07
-3.975984000000000407e+01 7.925992652091784101e-07
-3.951960000000001116e+01 9.303790790992845877e-07
-3.927936000000001115e+01 1.091049241990428232e-06
-3.903912000000001115e+01 1.278223838673908273e-06
-3.879888000000001114e+01 1.496055202763384291e-06
-3.855864000000001113e+01 1.749308755685834129e-06
-3.831840000000001112e+01 2.043447413949964533e-06
-3.807816000000001111e+01 2.384726662260967206e-06
-3.783792000000000399e+01 2.780301497935807200e-06
-3.759768000000000399e+01 3.238346568083556757e-06
-3.735744000000000398e+01 3.768190945424337522e-06
-3.711720000000000397e+01 4.380469121660684783e-06
-3.687696000000000396e+01 5.087289939165735137e-06
-3.663672000000000395e+01 5.902425332532115846e-06
-3.639648000000000394e+01 6.841520911276336660e-06
-3.615624000000001104e+01 7.922330583672876223e-06
-3.591600000000001103e+01 9.164977599156491958e-06
-3.567576000000001102e+01 1.059224457271862392e-05
-3.543552000000001101e+01 1.222989524885157571e-05
-3.519528000000001100e+01 1.410703096431508850e-05
-3.495504000000001099e+01 1.625648497762471491e-05
-3.471480000000001098e+01 1.871525804779864381e-05
-3.447456000000001097e+01 2.152499886447300931e-05
-3.423432000000000386e+01 2.473253315469897809e-05
-3.399408000000000385e+01 2.839044551703576676e-05
-3.375384000000000384e+01 3.255771825914754579e-05
-3.351360000000000383e+01 3.730043173894562512e-05
-3.327336000000000382e+01 4.269253092900917570e-05
-3.303312000000000381e+01 4.881666313691998430e-05
-3.279288000000001801e+01 5.576509201724783770e-05
-3.255264000000001090e+01 6.364069320090782903e-05
-3.231240000000001089e+01 7.255803704078361328e-05
-3.207216000000001088e+01 8.264456412486147880e-05
-3.183192000000001087e+01 9.404185933521702883e-05
-3.159168000000001086e+01 1.069070303283082223e-04
-3.135144000000000730e+01 1.214141963740180395e-04
-3.111120000000000729e+01 1.377560935122855348e-04
-3.087096000000000728e+01 1.561458019611408632e-04
-3.063072000000000727e+01 1.768186016324011791e-04
-3.039048000000000371e+01 2.000339614747358337e-04
-3.015024000000000370e+01 2.260776681615936097e-04
-2.991000000000000369e+01 2.552640993666677269e-04
-2.966976000000000369e+01 2.879386465151029077e-04
-2.942952000000001433e+01 3.244802914572614120e-04
-2.918928000000001433e+01 3.653043409763995111e-04
-2.894904000000001432e+01 4.108653224046873156e-04
-2.870880000000001075e+01 4.616600428767714910e-04
-2.846856000000001075e+01 5.182308138893135328e-04
-2.822832000000001074e+01 5.811688418523198053e-04
-2.798808000000001073e+01 6.511177842073248307e-04
-2.774784000000000717e+01 7.287774694429573858e-04
-2.750760000000000716e+01 8.149077779552879944e-04
-2.726736000000000715e+01 9.103326791744279856e-04
-2.702712000000000714e+01 1.015944418706988314e-03
-2.678688000000000358e+01 1.132707847424288235e-03
-2.654664000000000357e+01 1.261664882457751635e-03
-2.630640000000000356e+01 1.403939087946549013e-03
-2.606616000000000355e+01 1.560740361120461356e-03
-2.582592000000001420e+01 1.733369706897301774e-03
-2.558568000000001419e+01 1.923224081634886421e-03
-2.534544000000001418e+01 2.131801284010517369e-03
-2.510520000000001062e+01 2.360704868216891537e-03
-2.486496000000001061e+01 2.611649051774051367e-03
-2.462472000000001060e+01 2.886463587278410067e-03
-2.438448000000001059e+01 3.187098564359001560e-03
-2.414424000000000703e+01 3.515629105008512452e-03
-2.390400000000000702e+01 3.874259912325180803e-03
-2.366376000000000701e+01 4.265329629567058203e-03
-2.342352000000000345e+01 4.691314963310870556e-03
-2.318328000000000344e+01 5.154834521454918807e-03
-2.294304000000000343e+01 5.658652313842794761e-03
-2.270280000000000342e+01 6.205680860448830119e-03
-2.246256000000001407e+01 6.798983849395033238e-03
-2.222232000000001406e+01 7.441778284605002347e-03
-2.198208000000001405e+01 8.137436060683490846e-03
-2.174184000000001049e+01 8.889484900688783553e-03
-2.150160000000001048e+01 9.701608590880402352e-03
-2.126136000000001047e+01 1.057764644532720004e-02
-2.102112000000001046e+01 1.152159193249586121e-02
-2.078088000000000690e+01 1.253759039565468733e-02
-2.054064000000000689e+01 1.362993579916947813e-02
-2.030040000000000688e+01 1.480306643358234725e-02
-2.006016000000000687e+01 1.606155951379468691e-02
-1.981992000000000331e+01 1.741012460676401655e-02
-1.957968000000000330e+01 1.885359582790873539e-02
-1.933944000000000329e+01 2.039692274893157090e-02
-1.909920000000001394e+01 2.204515996404973407e-02
-1.885896000000001393e+01 2.380345526668678491e-02
-1.861872000000001393e+01 2.567703639455073961e-02
-1.837848000000001392e+01 2.767119630771953248e-02
-1.813824000000001035e+01 2.979127697186925716e-02
-1.789800000000001035e+01 3.204265162712593290e-02
-1.765776000000001034e+01 3.443070553217601748e-02
-1.741752000000001033e+01 3.696081518322134191e-02
-1.717728000000000677e+01 3.963832601807958794e-02
-1.693704000000000676e+01 4.246852862717291621e-02
-1.669680000000000675e+01 4.545663350526559648e-02
-1.645656000000000319e+01 4.860774439054876828e-02
-1.621632000000000318e+01 5.192683025095359145e-02
-1.597608000000000317e+01 5.541869599132471375e-02
-1.573584000000001559e+01 5.908795196921316079e-02
-1.549560000000001558e+01 6.293898242144750632e-02
-1.525536000000001380e+01 6.697591291820353954e-02
-1.501512000000001201e+01 7.120257697590541557e-02
-1.477488000000001200e+01 7.562248197480410383e-02
-1.453464000000001022e+01 8.023877454138142462e-02
-1.429440000000001021e+01 8.505420556965909151e-02
-1.405416000000000842e+01 9.007109506890879913e-02
-1.381392000000000841e+01 9.529129703801088314e-02
-1.357368000000000663e+01 1.007161645786353726e-01
-1.333344000000000662e+01 1.063465154703678445e-01
-1.309320000000000483e+01 1.121825984407102683e-01
-1.285296000000000483e+01 1.182240603714096588e-01
-1.261272000000000304e+01 1.244699146896417891e-01
-1.237248000000001547e+01 1.309185111980687710e-01
-1.213224000000001546e+01 1.375675076015593079e-01
-1.189200000000001367e+01 1.444138429902679932e-01
-1.165176000000001366e+01 1.514537135387313826e-01
-1.141152000000001188e+01 1.586825506785077000e-01
-1.117128000000001187e+01 1.660950019976140113e-01
-1.093104000000001008e+01 1.736849151135146929e-01
-1.069080000000001007e+01 1.814453247576276740e-01
-1.045056000000000829e+01 1.893684432982311594e-01
-1.021032000000000828e+01 1.974456549152383278e-01
-9.970080000000006493e+00 2.056675136245972590e-01
-9.729840000000006484e+00 2.140237453320811556e-01
-9.489600000000004698e+00 2.225032540760436550e-01
-9.249360000000004689e+00 2.310941325963868920e-01
-9.009120000000002904e+00 2.397836773426564594e-01
-8.768880000000015329e+00 2.485584080079544789e-01
-8.528640000000015320e+00 2.574040916474221730e-01
-8.288400000000013534e+00 2.663057714105477314e-01
-8.048160000000013525e+00 2.752477998857439934e-01
-7.807920000000011740e+00 2.842138770236836143e-01
-7.567680000000010843e+00 2.931870925730774013e-01
-7.327440000000009945e+00 3.021499729291555747e-01
-7.087200000000009048e+00 3.110845322613518538e-01
-6.846960000000008151e+00 3.199723277528901955e-01
-6.606720000000007254e+00 3.287945187514208500e-01
-6.366480000000006356e+00 3.375319295968579603e-01
-6.126240000000005459e+00 3.461651158604425182e-01
-5.886000000000004562e+00 3.546744336981030310e-01
-5.645760000000003664e+00 3.630401119917214814e-01
-5.405520000000016090e+00 3.712423269242160484e-01
-5.165280000000015193e+00 3.792612786087592447e-01
-4.925040000000014295e+00 3.870772693691705846e-01
-4.684800000000013398e+00 3.946707832479089961e-01
-4.444560000000012501e+00 4.020225663002802707e-01
-4.204320000000011603e+00 4.091137072187914225e-01
-3.964080000000010262e+00 4.159257178201352656e-01
-3.723840000000009365e+00 4.224406129193081783e-01
-3.483600000000008468e+00 4.286409891109362880e-01
-3.243360000000007570e+00 4.345101019771546169e-01
-3.003120000000006673e+00 4.400319412443878808e-01
-2.762880000000005776e+00 4.451913034181786966e-01
-2.522640000000004878e+00 4.499738614357816080e-01
-2.282400000000003981e+00 4.543662308905497826e-01
-2.042160000000016407e+00 4.583560324001288988e-01
-1.801920000000015509e+00 4.619319497119980800e-01
-1.561680000000014390e+00 4.650837831648252929e-01
-1.321440000000013493e+00 4.678024981522644343e-01
-1.081200000000012595e+00 4.700802682669680821e-01
-8.409600000000116982e-01 4.719105128364916579e-01
-6.007200000000106899e-01 4.732879285991541951e-01
-3.604800000000097926e-01 4.742085153064689029e-01
-1.202400000000088676e-01 4.746695950791589569e-01
1.199999999999920713e-01 4.746698253856837524e-01
3.602399999999930102e-01 4.742092055552397656e-01
6.004799999999939075e-01 4.732890767810157828e-01
8.407199999999949158e-01 4.719121156136802941e-01
1.080959999999995924e+00 4.700823209892785459e-01
1.321199999999983277e+00 4.678049948795286461e-01
1.561439999999984174e+00 4.650867166955514609e-01
1.801679999999985071e+00 4.619353116179794050e-01
2.041919999999985968e+00 4.583598130667836945e-01
2.282159999999986866e+00 4.543704195627292219e-01
2.522399999999987763e+00 4.499784462687349551e-01
2.762639999999988660e+00 4.451962715333396270e-01
3.002879999999990002e+00 4.400372787896144611e-01
3.243119999999990899e+00 4.345157941910302024e-01
3.483359999999991796e+00 4.286470203907106757e-01
3.723599999999992693e+00 4.224469668920434740e-01
3.963839999999993591e+00 4.159323774166054366e-01
4.204079999999994044e+00 4.091206547496661350e-01
4.444319999999995829e+00 4.020297835341211656e-01
4.684559999999996727e+00 3.946782514904965122e-01
4.924799999999997624e+00 3.870849695436852089e-01
5.165039999999998521e+00 3.792691913363341882e-01
5.405279999999999418e+00 3.712504326043938319e-01
5.645520000000000316e+00 3.630483908823497474e-01
5.885760000000001213e+00 3.546828659942244943e-01
6.126000000000002110e+00 3.461736817717396830e-01
6.366240000000003008e+00 3.375406094232479282e-01
6.606479999999976371e+00 3.288032929564020379e-01
6.846719999999977269e+00 3.199811770342753658e-01
7.086959999999979054e+00 3.110934376190526152e-01
7.327199999999979951e+00 3.021589157296986627e-01
7.567439999999980849e+00 2.931960546105768506e-01
7.807679999999981746e+00 2.842228405770165778e-01
8.047919999999981755e+00 2.752567477717146605e-01
8.288159999999983540e+00 2.663146870328528815e-01
8.528399999999983550e+00 2.574129590412703172e-01
8.768639999999985335e+00 2.485672118802222108e-01
9.008879999999985344e+00 2.397924031074958606e-01
9.249119999999987130e+00 2.311027664062401954e-01
9.489359999999988915e+00 2.225117828480408233e-01
9.729599999999988924e+00 2.140321567698392213e-01
9.969839999999990710e+00 2.056757962354645586e-01
1.021007999999999072e+01 1.974537980230555989e-01
1.045031999999999250e+01 1.893764370517101170e-01
1.069055999999999251e+01 1.814531601344730460e-01
1.093079999999999430e+01 1.736925839204363220e-01
1.117103999999999431e+01 1.661024968664011614e-01
1.141127999999999609e+01 1.586898650583526693e-01
1.165151999999999610e+01 1.514608416850099504e-01
1.189175999999999789e+01 1.444207799499949429e-01
1.213199999999999790e+01 1.375742491957536728e-01
1.237223999999999968e+01 1.309250540012695807e-01
1.261247999999999969e+01 1.244762560068256863e-01
1.285272000000000148e+01 1.182301982125661954e-01
1.309296000000000149e+01 1.121885314933308564e-01
1.333319999999997663e+01 1.063522430701122901e-01
1.357343999999997664e+01 1.007216866784292619e-01
1.381367999999997842e+01 9.529661417583717986e-02
1.405391999999997843e+01 9.007620833453858222e-02
1.429415999999998022e+01 8.505911657056845765e-02
1.453439999999998022e+01 8.024348536809279564e-02
1.477463999999998201e+01 7.562699516587871595e-02
1.501487999999998202e+01 7.120689548280507986e-02
1.525511999999998380e+01 6.698004007022786976e-02
1.549535999999998381e+01 6.294292189094015388e-02
1.573559999999998560e+01 5.909170773721816872e-02
1.597583999999998561e+01 5.542227231385912084e-02
1.621607999999998739e+01 5.193023162605132220e-02
1.645631999999998740e+01 4.861097552621102685e-02
1.669655999999998741e+01 4.545969928844448282e-02
1.693679999999999097e+01 4.247143409389642771e-02
1.717703999999999098e+01 3.964107632481288918e-02
1.741727999999999099e+01 3.696341557954502949e-02
1.765751999999999455e+01 3.443316133484788932e-02
1.789775999999999456e+01 3.204496819557943466e-02
1.813799999999999457e+01 2.979345968518870222e-02
1.837823999999999458e+01 2.767325054311975743e-02
1.861847999999999814e+01 2.567896750737706443e-02
1.885871999999999815e+01 2.380526857194009693e-02
1.909895999999999816e+01 2.204686071943129724e-02
1.933919999999999817e+01 2.039851613939223929e-02
1.957944000000000173e+01 1.885508695167937773e-02
1.981968000000000174e+01 1.741151846283435500e-02
2.005992000000000175e+01 1.606286099080284774e-02
2.030015999999997689e+01 1.480428030006950522e-02
2.054039999999997690e+01 1.363106669514858350e-02
2.078063999999997691e+01 1.253864282543935664e-02
2.102087999999998047e+01 1.152257025872894559e-02
2.126111999999998048e+01 1.057855488414749350e-02
2.150135999999998049e+01 9.702451208162652871e-03
2.174159999999998050e+01 8.890265609290586360e-03
2.198183999999998406e+01 8.138158618631497962e-03
2.222207999999998407e+01 7.442446294152411761e-03
2.246231999999998408e+01 6.799600756882261988e-03
2.270255999999998409e+01 6.206249956899930441e-03
2.294279999999998765e+01 5.659176736231123078e-03
2.318303999999998766e+01 5.155317254572749572e-03
2.342327999999998767e+01 4.691758842179809263e-03
2.366351999999998768e+01 4.265737342327856514e-03
2.390375999999999124e+01 3.874634003548063383e-03
2.414399999999999125e+01 3.515971979367575433e-03
2.438423999999999126e+01 3.187412490617131267e-03
2.462447999999999126e+01 2.886750702531985270e-03
2.486471999999999483e+01 2.611911365909732816e-03
2.510495999999999484e+01 2.360944268535884304e-03
2.534519999999999484e+01 2.132019539978809251e-03
2.558543999999999841e+01 1.923422849721107648e-03
2.582567999999999842e+01 1.733550535462960798e-03
2.606591999999999842e+01 1.560904695330393851e-03
2.630615999999999843e+01 1.404088274670460589e-03
2.654640000000000200e+01 1.261800175136563442e-03
2.678664000000000200e+01 1.132830410877991171e-03
2.702687999999997359e+01 1.016055333863327909e-03
2.726711999999997715e+01 9.104329477002948406e-04
2.750735999999997716e+01 8.149983267753826239e-04
2.774759999999997717e+01 7.288591551323338408e-04
2.798783999999998073e+01 6.511913972468306652e-04
2.822807999999998074e+01 5.812351107378788692e-04
2.846831999999998075e+01 5.182904090879428011e-04
2.870855999999998076e+01 4.617135806239334160e-04
2.894879999999998432e+01 4.109133683391888491e-04
2.918903999999998433e+01 3.653474136105141351e-04
2.942927999999998434e+01 3.245188654810335599e-04
2.966951999999998435e+01 2.879731559349976234e-04
2.990975999999998791e+01 2.552949404797662616e-04
3.014999999999998792e+01 2.261052023674280900e-04
3.039023999999998793e+01 2.000585179277083992e-04
3.063047999999998794e+01 1.768404797383754299e-04
3.087071999999999150e+01 1.561652737224048426e-04
3.111095999999999151e+01 1.377734057255604317e-04
3.135119999999999152e+01 1.214295726865876110e-04
3.159143999999999153e+01 1.069206731576576399e-04
3.183167999999999509e+01 9.405395165780211107e-05
3.207191999999999155e+01 8.265527113980441619e-05
3.231215999999999866e+01 7.256750771439201110e-05
3.255239999999999867e+01 6.364906169796505559e-05
3.279263999999999868e+01 5.577247902502549792e-05
3.303287999999999869e+01 4.882317708781753075e-05
3.327311999999999870e+01 4.269826912765024970e-05
3.351335999999999871e+01 3.730548139944124791e-05
3.375359999999999872e+01 3.256215745810171698e-05
3.399383999999997741e+01 2.839434406770397084e-05
3.423407999999997742e+01 2.473595340752473868e-05
3.447431999999997743e+01 2.152799643903850174e-05
3.471455999999997744e+01 1.871788250100779431e-05
3.495479999999997744e+01 1.625878041272676080e-05
3.519503999999997745e+01 1.410903658515342475e-05
3.543527999999998457e+01 1.223164586349646205e-05
3.567551999999998458e+01 1.059377105041828512e-05
3.591575999999998459e+01 9.166307284315858132e-06
3.615599999999998460e+01 7.923487670348517621e-06
3.639623999999998460e+01 6.842526781458373339e-06
3.663647999999998461e+01 5.903298861273145128e-06
3.687671999999998462e+01 5.088047769410514720e-06
3.711695999999998463e+01 4.381125911433849369e-06
3.735719999999999175e+01 3.768759589842549255e-06
3.759743999999999176e+01 3.238838398477047654e-06
3.783767999999999176e+01 2.780726460191626556e-06
3.807791999999999177e+01 2.385093476335884868e-06
3.831815999999999178e+01 2.043763716346022182e-06
3.855839999999999179e+01 1.749581226535286733e-06
3.879863999999999180e+01 1.496289679032540372e-06
3.903887999999999181e+01 1.278425414866839311e-06
3.927911999999999892e+01 1.091222359613338179e-06
3.951935999999999893e+01 9.305276060347276159e-07
3.975959999999999894e+01 7.927265660453011906e-07
3.999983999999999895e+01 6.746766944001667683e-07
4.024007999999999896e+01 5.736488791018259218e-07
4.048031999999999897e+01 4.872756789719267362e-07
4.072055999999997766e+01 4.135056675207714269e-07
4.096079999999997767e+01 3.505632145313654160e-07
4.120103999999997768e+01 2.969131030312612428e-07
4.144127999999997769e+01 2.512294399242198670e-07
4.168151999999997770e+01 2.123683738615213293e-07
4.192175999999997771e+01 1.793441843059945434e-07
4.216199999999997772e+01 1.513083515286817253e-07
4.240223999999997773e+01 1.275312588133321683e-07
4.264247999999998484e+01 1.073862157493197346e-07
4.288271999999998485e+01 9.033552547611817903e-08
4.312295999999998486e+01 7.591834939374707785e-08
4.336319999999998487e+01 6.374015044938946741e-08
4.360343999999998488e+01 5.346352091038399790e-08
4.384367999999998489e+01 4.480022278164789534e-08
4.408391999999998490e+01 3.750428894895767450e-08
4.432415999999999201e+01 3.136605094051487869e-08
4.456439999999999202e+01 2.620697509469905078e-08
4.480463999999999203e+01 2.187520308407441663e-08
4.504487999999999204e+01 1.824170534265371637e-08
4.528511999999999205e+01 1.519696712979310489e-08
4.552535999999999206e+01 1.264813688177392964e-08
4.576559999999999206e+01 1.051657528094956173e-08
4.600583999999999207e+01 8.735751230781524429e-09
4.624607999999999919e+01 7.249437771032386269e-09
4.648631999999999920e+01 6.010166998784937869e-09
4.672655999999999921e+01 4.977908366586661749e-09
4.696679999999999922e+01 4.118939389111636371e-09
4.720703999999999922e+01 3.404881876676644344e-09
4.744727999999997081e+01 2.811880392879226591e-09
4.768751999999997793e+01 2.319902763056768729e-09
4.792775999999997794e+01 1.912145192636941091e-09
4.816799999999997794e+01 1.574526936661533331e-09
4.840823999999997795e+01 1.295261535698573099e-09
4.864847999999997796e+01 1.064493436308682252e-09
4.888871999999997797e+01 8.739903793813606519e-10
4.912895999999997798e+01 7.168832964468740378e-10
4.936919999999997799e+01 5.874466285865135150e-10
4.960943999999998510e+01 4.809129978766156545e-10
4.984967999999998511e+01 3.933170377728911534e-10
5.008991999999998512e+01 3.213639444156985484e-10
5.033015999999998513e+01 2.623189612975991051e-10
5.057039999999998514e+01 2.139145689428830062e-10
5.081063999999998515e+01 1.742726313553875613e-10
5.105087999999998516e+01 1.418391626303906928e-10
5.129111999999999227e+01 1.153297295896720326e-10
5.153135999999999228e+01 9.368380769125380976e-11
5.177159999999999229e+01 7.602666484512123732e-11
5.201183999999999230e+01 6.163756727077444993e-11
5.225207999999999231e+01 4.992328848963028508e-11
5.249231999999999232e+01 4.039606157308886012e-11
5.273255999999999233e+01 3.265524986188647851e-11
5.297279999999999234e+01 2.637212598741524301e-11
5.321303999999999945e+01 2.127724614027317170e-11
5.345327999999999946e+01 1.714998871189548746e-11
5.369351999999999947e+01 1.380989588932146504e-11
5.393375999999999948e+01 1.110951540700427530e-11
5.417399999999999949e+01 8.928489079147300552e-12
5.441423999999997108e+01 7.168676343827098054e-12
5.465447999999997819e+01 5.750136036861083057e-12
5.489471999999997820e+01 4.607818995716836450e-12
5.513495999999997821e+01 3.688848738621406956e-12
5.537519999999997822e+01 2.950288109537398982e-12
5.561543999999997823e+01 2.357307053350296448e-12
5.585567999999997824e+01 1.881681120279887663e-12
5.609591999999997824e+01 1.500562345910856031e-12
5.633615999999997825e+01 1.195474195797634667e-12
5.657639999999998537e+01 9.514906247021099412e-13
5.681663999999998538e+01 7.565662531963890940e-13
5.705687999999998539e+01 6.009904388138624001e-13
5.729711999999998540e+01 4.769428090005500097e-13
5.753735999999998540e+01 3.781317918022991442e-13
5.777759999999998541e+01 2.995009643983684859e-13
5.801783999999998542e+01 2.369907540475201590e-13
5.825807999999998543e+01 1.873452668849335975e-13
5.849831999999999255e+01 1.479558677055121599e-13
5.873855999999999256e+01 1.167346555555257698e-13
5.897879999999999256e+01 9.201223165816309907e-14
5.921903999999999257e+01 7.245518459618262365e-14
5.945927999999999258e+01 5.699956160232148525e-14
5.969951999999999259e+01 4.479728653537988946e-14
5.993975999999999260e+01 3.517305142639013268e-14
6.017999999999999972e+01 2.758967155955524162e-14
6.042023999999999972e+01 2.162027227761423708e-14
6.066047999999999973e+01 1.692598425763923020e-14
6.090071999999999974e+01 1.323807542924850110e-14
6.114095999999997133e+01 1.034365234148219897e-14
6.138119999999997134e+01 8.074230141197383007e-15
6.162143999999997845e+01 6.296605407502290865e-15
6.186167999999997846e+01 4.905575645789138905e-15
6.210191999999997847e+01 3.818138000733356375e-15
6.234215999999997848e+01 2.968871567178103508e-15
6.258239999999997849e+01 2.306265725820472813e-15
6.282263999999997850e+01 1.789803793729290746e-15
6.306287999999997851e+01 1.387649069595230289e-15
6.330311999999997852e+01 1.074810791948762203e-15
6.354335999999998563e+01 8.316920174372024741e-16
6.378359999999998564e+01 6.429411059799029490e-16
6.402383999999997855e+01 4.965442965786041456e-16
6.426407999999997855e+01 3.831095233579336789e-16
6.450431999999999277e+01 2.953017651259823329e-16
6.474455999999999278e+01 2.273983363589219311e-16
6.498479999999999279e+01 1.749390115539473616e-16
6.522503999999999280e+01 1.344510501453079607e-16
6.546527999999999281e+01 1.032333151444471349e-16
6.570551999999999282e+01 7.918696437533085587e-17
6.594575999999999283e+01 6.068280679901000960e-17
6.618599999999999284e+01 4.645749309086155358e-17
6.642623999999999285e+01 3.553235780895021417e-17
6.666647999999999286e+01 2.715003711838104038e-17
6.690671999999999287e+01 2.072502073176030227e-17
6.714695999999999287e+01 1.580511516612629157e-17
6.738719999999999288e+01 1.204144207631549869e-17
6.762743999999999289e+01 9.165105787899909055e-18
6.786767999999999290e+01 6.969066497633800485e-18
6.810791999999997870e+01 5.294072444692403176e-18
6.834815999999997871e+01 4.017753577500863758e-18
6.858839999999997872e+01 3.046175059960988351e-18
6.882863999999997873e+01 2.307302649616702789e-18
6.906887999999997874e+01 1.745952469421257112e-18
6.930911999999997875e+01 1.319892051451083128e-18
6.954935999999997875e+01 9.968333412564068362e-19
6.978959999999997876e+01 7.521160257967563744e-19
7.002983999999997877e+01 5.669245639822999658e-19
7.027007999999997878e+01 4.269173962077827102e-19
7.051031999999997879e+01 3.211741432746728066e-19
7.075055999999997880e+01 2.413878695649735707e-19
7.099079999999997881e+01 1.812460098424340709e-19
7.123103999999997882e+01 1.359563860896129340e-19
7.147127999999999304e+01 1.018846867718140379e-19
7.171151999999999305e+01 7.627748451711074266e-20
7.195175999999999306e+01 5.705082845167397124e-20
7.219199999999999307e+01 4.262905381987560908e-20
7.243223999999999307e+01 3.182200769154221812e-20
7.267247999999999308e+01 2.373163196225011600e-20
7.291271999999999309e+01 1.768095740087839174e-20
7.315295999999999310e+01 1.316018808189071242e-20
7.339319999999999311e+01 9.785805049117746191e-21
7.363343999999999312e+01 7.269577453866360426e-21
7.387367999999999313e+01 5.395105252820858058e-21
7.411391999999999314e+01 4.000081319954591898e-21
7.435415999999999315e+01 2.962892292582029022e-21
7.459439999999999316e+01 2.192507325750812372e-21
7.483463999999997895e+01 1.620855828774404900e-21
7.507487999999997896e+01 1.197087418059815114e-21
7.531511999999997897e+01 8.832537507660389076e-22
7.555535999999997898e+01 6.510633666561994914e-22
7.579559999999997899e+01 4.794454196271444049e-22
7.603583999999997900e+01 3.527225563714912424e-22
7.627607999999997901e+01 2.592420445527836662e-22
7.651631999999997902e+01 1.903512738686216562e-22
7.675655999999997903e+01 1.396317825383309834e-22
7.699679999999997904e+01 1.023271602880665942e-22
7.723703999999997905e+01 7.491619423063659783e-23
7.747727999999997905e+01 5.479471052412267371e-23
7.771751999999997906e+01 4.003867638931753780e-23
7.795775999999997907e+01 2.922798879441303435e-23
7.819799999999997908e+01 2.131553794098927901e-23
7.843823999999999330e+01 1.553001258882719203e-23
7.867847999999999331e+01 1.130382598495132970e-23
7.891871999999999332e+01 8.219724541198091384e-24
7.915895999999999333e+01 5.971276880887721917e-24
7.939919999999999334e+01 4.333664636000667895e-24
7.963943999999999335e+01 3.142111092326016355e-24
7.987967999999999336e+01 2.275966769270702998e-24
8.011991999999999337e+01 1.646980445107995207e-24
8.036015999999999337e+01 1.190663701128529830e-24
8.060039999999999338e+01 8.599395632161378441e-25
8.084063999999999339e+01 6.204758622467770826e-25
8.108087999999999340e+01 4.472599362775011981e-25
8.132111999999999341e+01 3.220870391144014761e-25
8.156135999999999342e+01 2.317206006361709373e-25
8.180159999999997922e+01 1.665459925743393699e-25
8.204183999999997923e+01 1.195864224945300365e-25
8.228207999999997924e+01 8.578427904393531865e-26
8.252231999999997925e+01 6.147686074440001281e-26
8.276255999999997925e+01 4.401430053644471588e-26
8.300279999999997926e+01 3.148140247408970119e-26
8.324303999999997927e+01 2.249533597067025859e-26
8.348327999999997928e+01 1.605865030825732304e-26
8.372351999999997929e+01 1.145259079207269450e-26
8.396375999999997930e+01 8.159745075004341137e-27
8.420399999999997931e+01 5.808013048016361353e-27
8.444423999999997932e+01 4.130063423578373857e-27
8.468447999999997933e+01 2.934026308363442777e-27
8.492471999999997934e+01 2.082329402899137139e-27
8.516495999999997935e+01 1.476430486871086837e-27
8.540519999999999357e+01 1.045814652731340289e-27
8.564543999999999357e+01 7.400730430349445992e-28
8.588567999999999358e+01 5.232058528679635590e-28
8.612591999999999359e+01 3.695291872796579298e-28
8.636615999999999360e+01 2.607372286853991879e-28
8.660639999999999361e+01 1.837957601051640075e-28
8.684663999999999362e+01 1.294333158505870611e-28
8.708687999999999363e+01 9.106150228288921323e-29
8.732711999999999364e+01 6.400320019580600478e-29
8.756735999999999365e+01 4.494141200370932541e-29
8.780759999999999366e+01 3.152607338741554958e-29
8.804783999999999367e+01 2.209383957134087392e-29
8.828807999999999367e+01 1.546858739088693085e-29
8.852831999999996526e+01 1.081952661088575667e-29
8.876855999999997948e+01 7.560386686406374875e-30
8.900879999999997949e+01 5.277860449914274070e-30
8.924903999999997950e+01 3.680865448845343563e-30
8.948927999999997951e+01 2.564602887874106823e-30
8.972951999999997952e+01 1.785124278319418629e-30
8.996975999999997953e+01 1.241351951444835179e-30
9.020999999999997954e+01 8.623817377623395316e-31
9.045023999999997955e+01 5.985250284854160704e-31
9.069047999999997955e+01 4.149953456779266140e-31
9.093071999999997956e+01 2.874632167261178091e-31
9.117095999999997957e+01 1.989296329052565898e-31
9.141119999999997958e+01 1.375291714145079810e-31
9.165143999999997959e+01 9.498790665864127561e-32
9.189167999999997960e+01 6.554203962947119150e-32
9.213191999999997961e+01 4.518036475286970989e-32
9.237215999999997962e+01 3.111412974607523322e-32
9.261239999999999384e+01 2.140640456944344172e-32
9.285263999999999385e+01 1.471322732022486140e-32
9.309287999999999386e+01 1.010299890198694056e-32
9.333311999999999387e+01 6.930599641465894816e-33
9.357335999999999387e+01 4.749735907254564729e-33
9.381359999999999388e+01 3.251967967103007295e-33
9.405383999999999389e+01 2.224340145895724614e-33
9.429407999999999390e+01 1.519967446323567879e-33
9.453431999999999391e+01 1.037637164006554640e-33
9.477455999999999392e+01 7.076766962827372742e-34
9.501479999999999393e+01 4.821724764496454139e-34
9.525503999999996552e+01 3.282071839790334323e-34
9.549527999999996553e+01 2.231885417766350047e-34
9.573551999999997975e+01 1.516260605588049628e-34
9.597575999999997975e+01 1.029091411143769231e-34
9.621599999999997976e+01 6.977698509531735826e-35
9.645623999999997977e+01 4.726597193953415438e-35
9.669647999999997978e+01 3.198623547255581099e-35
9.693671999999997979e+01 2.162498487612232114e-35
9.717695999999997980e+01 1.460584339665864568e-35
9.741719999999997981e+01 9.855430788252258111e-36
9.765743999999997982e+01 6.643588581375036127e-36
9.789767999999997983e+01 4.474123756131341449e-36
9.813791999999997984e+01 3.010172615354549486e-36
9.837815999999997985e+01 2.023265859780460032e-36
9.861839999999997985e+01 1.358603256900318017e-36
9.885863999999997986e+01 9.114030853119338246e-37
9.909887999999997987e+01 6.108104838403913081e-37
9.933911999999997988e+01 4.089597963289812829e-37
9.957935999999999410e+01 2.735475908034685418e-37
9.981959999999999411e+01 1.827945813518050856e-37
1.000598399999999941e+02 1.220314821710629678e-37
1.003000799999999941e+02 8.138766705449445803e-38
1.005403199999999941e+02 5.422798390602621977e-38
1.007805599999999941e+02 3.609661374637075964e-38
1.010207999999999942e+02 2.400422070370659137e-38
1.012610399999999942e+02 1.594729048666238784e-38
1.015012799999999942e+02 1.058435369708898211e-38
1.017415199999999942e+02 7.018106080334951016e-39
1.019817599999999942e+02 4.648936965305172293e-39
1.022219999999999658e+02 3.076561011196795456e-39
1.024622399999999658e+02 2.034021557323344573e-39
1.027024799999999658e+02 1.343456831148824713e-39
1.029427199999999800e+02 8.864822120508337202e-40
1.031829599999999800e+02 5.843788376711251312e-40
1.034231999999999800e+02 3.848549528852553850e-40
1.036634399999999800e+02 2.532082344113669075e-40
1.039036799999999801e+02 1.664319551069328394e-40
1.041439199999999801e+02 1.092883200155583480e-40
1.043841599999999801e+02 7.169501008667363247e-41
1.046243999999999801e+02 4.698749098917439309e-41
1.048646399999999801e+02 3.076477376627941331e-41
1.051048799999999801e+02 2.012349180584804028e-41
1.053451199999999801e+02 1.315016196082692761e-41
1.055853599999999801e+02 8.584934922294653363e-42
1.058255999999999801e+02 5.599136537174403086e-42
1.060658399999999801e+02 3.648238766361665197e-42
1.063060799999999801e+02 2.374781159478280115e-42
1.065463199999999944e+02 1.544337014657918171e-42
1.067865599999999944e+02 1.003318249605927589e-42
1.070267999999999944e+02 6.511986446398384701e-43
1.072670399999999944e+02 4.222468410999405714e-43
1.075072799999999944e+02 2.735252827008881567e-43
1.077475199999999944e+02 1.770136213595521903e-43
1.079877599999999944e+02 1.144442674300575086e-43
1.082279999999999944e+02 7.391958928034923617e-44
1.084682399999999944e+02 4.769833197034033495e-44
1.087084799999999944e+02 3.074857428137819250e-44
1.089487199999999660e+02 1.980272336157527130e-44
1.091889599999999660e+02 1.274098494452299170e-44
1.094291999999999661e+02 8.189534741274447132e-45
1.096694399999999661e+02 5.258884126748871191e-45
1.099096799999999803e+02 3.373697342251398085e-45
1.101499199999999803e+02 2.162204572108964297e-45
1.103901599999999803e+02 1.384412745010586302e-45
1.106303999999999803e+02 8.855488865224639612e-46
1.108706399999999803e+02 5.658973222686973871e-46
1.111108799999999803e+02 3.612774722596719621e-46
1.113511199999999803e+02 2.304211126693764570e-46
1.115913599999999803e+02 1.468188446964517255e-46
1.118315999999999804e+02 9.345864503108337155e-47
1.120718399999999804e+02 5.943404700136508525e-47
1.123120799999999804e+02 3.775976402288082855e-47
1.125523199999999804e+02 2.396632171307239513e-47
1.127925599999999804e+02 1.519678233730994504e-47
1.130327999999999804e+02 9.626757823316714899e-48
1.132730399999999804e+02 6.092374547791036281e-48
1.135132799999999946e+02 3.851867049939140357e-48
1.137535199999999946e+02 2.432955286479777620e-48
1.139937599999999946e+02 1.535235878148273922e-48
1.142339999999999947e+02 9.678192145644670922e-49
1.144742399999999947e+02 6.095249872897458595e-49
1.147144799999999947e+02 3.835013818511793942e-49
1.149547199999999947e+02 2.410574162572439712e-49
1.151949599999999947e+02 1.513743204688694520e-49
1.154351999999999947e+02 9.496466945347436943e-50
1.156754399999999947e+02 5.951823726523778442e-50
1.159156799999999663e+02 3.726629391529620585e-50
1.161559199999999663e+02 2.331097799949696878e-50
1.163961599999999663e+02 1.456742964184905038e-50
1.166363999999999663e+02 9.094598039517139510e-51
1.168766399999999805e+02 5.672339729969262402e-51
1.171168799999999806e+02 3.534427713638410460e-51
1.173571199999999806e+02 2.200159261424519363e-51
1.175973599999999806e+02 1.368255741142548093e-51
1.178375999999999806e+02 8.500776233237203711e-52
1.180778399999999806e+02 5.276282432292401460e-52
1.183180799999999806e+02 3.271716242975193469e-52
1.185583199999999806e+02 2.026755548628493508e-52
1.187985599999999806e+02 1.254311073150419517e-52
1.190387999999999806e+02 7.755097940708254653e-53
1.192790399999999806e+02 4.790131795884945677e-53
1.195192799999999806e+02 2.955873089415663230e-53
1.197595199999999807e+02 1.822226044767689478e-53
1.199997599999999807e+02 1.122268726026612133e-53
