-1.250000000000000000e+02 1.114532555529380066e-08
-1.246871090000000066e+02 2.526763235649987882e-09
-1.243742180000000133e+02 7.792639726504329482e-10
-1.240613270000000057e+02 1.157516892040906191e-09
-1.237484360000000123e+02 8.800402794452100657e-10
-1.234355449999999905e+02 5.362082348518800227e-10
-1.231226539999999972e+02 3.000713678107369840e-10
-1.228097629999999896e+02 1.183891323538273983e-09
-1.224968719999999962e+02 9.702679982408531726e-10
-1.221839810000000028e+02 4.455330839595170651e-10
-1.218710900000000095e+02 4.743601371774609236e-10
-1.215581990000000019e+02 8.461917300849999985e-11
-1.212453079999999943e+02 5.734214082377999900e-12
-1.209324170000000009e+02 5.519176300556500176e-11
-1.206195260000000076e+02 1.962900445388584359e-09
-1.203066350000000000e+02 2.800204552991701045e-09
-1.199937439999999924e+02 2.359413763354530412e-08
-1.196808529999999990e+02 1.251645408685796060e-09
-1.193679620000000057e+02 1.260405674839347939e-09
-1.190550710000000123e+02 7.640500915741444040e-09
-1.187421800000000047e+02 3.941072274619079730e-10
-1.184292889999999971e+02 9.670452106947398701e-11
-1.181163980000000038e+02 1.170994291737250036e-10
-1.178035070000000104e+02 1.565732983725140286e-10
-1.174906160000000028e+02 2.298689692537939750e-10
-1.171777249999999952e+02 2.404254191431249828e-10
-1.168648340000000019e+02 3.612436115024650550e-10
-1.165519430000000085e+02 5.882710056109119730e-10
-1.162390520000000009e+02 4.559573048112969767e-10
-1.159261610000000076e+02 1.190494457965219762e-09
-1.156132700000000000e+02 1.467102930550120037e-09
-1.153003790000000066e+02 1.325730765778625242e-09
-1.149874879999999990e+02 1.536428070277824866e-09
-1.146745970000000057e+02 1.788506981641844792e-09
-1.143617059999999981e+02 3.065195754446580533e-09
-1.140488150000000047e+02 2.317673910733872743e-09
-1.137359239999999971e+02 3.447771912098900086e-09
-1.134230330000000038e+02 3.809829313998456967e-09
-1.131101420000000104e+02 4.230023379915462969e-09
-1.127972510000000028e+02 4.626760982668757706e-09
-1.124843599999999952e+02 5.031988523513933692e-09
-1.121714690000000019e+02 6.451598049594818535e-09
-1.118585780000000085e+02 6.323594023226796205e-09
-1.115456870000000009e+02 4.607577988294401001e-09
-1.112327959999999933e+02 4.605464754746577216e-09
-1.109199050000000000e+02 7.699159244947061642e-09
-1.106070140000000066e+02 6.604113830634888580e-09
-1.102941230000000132e+02 6.595131516372750873e-09
-1.099812319999999914e+02 4.337384400331237367e-09
-1.096683409999999981e+02 3.850325175356118203e-09
-1.093554500000000047e+02 2.236025883481168960e-09
-1.090425590000000113e+02 6.908378974603970289e-10
-1.087296679999999895e+02 2.735164030861125060e-09
-1.084167769999999962e+02 5.561306825892100974e-09
-1.081038860000000028e+02 3.286177246780954135e-09
-1.077909950000000094e+02 6.388668032515526281e-09
-1.074781040000000019e+02 1.891772515311784751e-09
-1.071652129999999943e+02 1.438269864894109255e-09
-1.068523220000000009e+02 5.481905876959449499e-10
-1.065394310000000075e+02 3.903836797954529219e-10
-1.062265400000000000e+02 3.695700568508570322e-10
-1.059136489999999924e+02 6.001255836727198998e-11
-1.056007579999999990e+02 7.902142802660000494e-12
-1.052878670000000056e+02 1.412496943207399914e-11
-1.049749759999999981e+02 5.168233310941000396e-12
-1.046620850000000047e+02 1.195606537755200175e-11
-1.043491939999999971e+02 2.271641179984100357e-11
-1.040363030000000037e+02 6.232718693702799789e-11
-1.037234119999999962e+02 4.521680262425799158e-11
-1.034105210000000028e+02 3.218349057240399235e-11
-1.030976299999999952e+02 5.451331466889998965e-12
-1.027847390000000019e+02 7.443936911205000001e-12
-1.024718480000000085e+02 6.396412254855999623e-12
-1.021589570000000009e+02 1.025779409893799864e-11
-1.018460660000000075e+02 1.623285714536999903e-12
-1.015331750000000000e+02 6.273067345911400412e-11
-1.012202840000000066e+02 2.881184992396660461e-10
-1.009073929999999990e+02 3.828894194610530149e-10
-1.005945020000000056e+02 5.910384877896330437e-10
-1.002816109999999981e+02 9.228527337033249646e-10
-9.996872000000000469e+01 1.336161111784145085e-09
-9.965582899999999711e+01 1.694590420569916944e-09
-9.934293800000000374e+01 2.040923222722181388e-09
-9.903004700000001037e+01 2.523363045184269039e-09
-9.871715600000000279e+01 2.988129923946505332e-09
-9.840426499999999521e+01 3.328874011574792426e-09
-9.809137400000000184e+01 2.970458021709267372e-09
-9.777848300000000847e+01 2.519654227583293100e-09
-9.746559200000000089e+01 3.334091684683681555e-09
-9.715270099999999331e+01 3.605588241067913510e-09
-9.683980999999999995e+01 3.281657033120000183e-09
-9.652691900000000658e+01 3.381450717311872745e-09
-9.621402800000001321e+01 3.125078250529184648e-09
-9.590113699999999142e+01 2.476159866629698397e-09
-9.558824599999999805e+01 2.419700713831700245e-09
-9.527535500000000468e+01 2.106078895220984578e-09
-9.496246399999999710e+01 2.133072145586456887e-09
-9.464957299999998952e+01 1.982963740922532264e-09
-9.433668199999999615e+01 2.456214112486613331e-09
-9.402379100000000278e+01 2.866958581505417921e-09
-9.371090000000000941e+01 5.795289730007753152e-09
-9.339800900000000183e+01 7.263995169076165329e-09
-9.308511800000000846e+01 1.203919436155495981e-08
-9.277222700000000088e+01 1.774354503032791259e-08
-9.245933600000000752e+01 2.745017183888747068e-08
-9.214644499999998573e+01 3.630634120788252556e-08
-9.183355399999999236e+01 6.917606501537709672e-08
-9.152066299999999899e+01 8.246865477611141894e-08
-9.120777200000000562e+01 1.521881356040269232e-07
-9.089488099999999804e+01 2.188444394685186476e-07
-9.058199000000000467e+01 3.439840213564420141e-07
-9.026909900000001130e+01 5.040199337426892395e-07
-8.995620800000000372e+01 6.870855534059620951e-07
-8.964331699999999614e+01 1.008239667022128038e-06
-8.933042599999998856e+01 1.426514612862841210e-06
-8.901753499999999519e+01 1.928974466782987087e-06
-8.870464400000000182e+01 2.605274655639365383e-06
-8.839175299999999424e+01 3.588783676640823543e-06
-8.807886200000000088e+01 4.650520098427486140e-06
-8.776597100000000751e+01 5.816098265797863585e-06
-8.745308000000001414e+01 7.241846991127739083e-06
-8.714018900000000656e+01 8.724556429592334901e-06
-8.682729799999999898e+01 1.011084025708426840e-05
-8.651440699999999140e+01 1.128760765557904661e-05
-8.620151599999999803e+01 1.188133172196393392e-05
-8.588862500000000466e+01 1.159502871602906121e-05
-8.557573399999999708e+01 1.009215850450835439e-05
-8.526284300000000371e+01 7.338070084371533635e-06
-8.494995200000001034e+01 3.735577575242419494e-06
-8.463706100000001697e+01 1.115153297531457084e-06
-8.432416999999999518e+01 3.835895726420301075e-06
-8.401127900000000182e+01 2.099347625661036865e-05
-8.369838799999999424e+01 7.018939658186858341e-05
-8.338549700000000087e+01 1.829736709522821348e-04
-8.307260599999999329e+01 4.148989989533704062e-04
-8.275971499999999992e+01 8.592328475085442762e-04
-8.244682400000000655e+01 1.671370787922629633e-03
-8.213393300000001318e+01 3.102834916710509212e-03
-8.182104200000000560e+01 5.549337731530839916e-03
-8.150815099999999802e+01 9.637037496731733210e-03
-8.119526000000000465e+01 1.632205535033277172e-02
-8.088236899999999707e+01 2.707006851477197079e-02
-8.056947799999998949e+01 4.408173759882880183e-02
-8.025658699999999612e+01 7.062937688631601429e-02
-7.994369600000000275e+01 1.115260772339730228e-01
-7.963080500000000939e+01 1.737874799342571386e-01
-7.931791400000000181e+01 2.675306367974973343e-01
-7.900502300000000844e+01 4.071985556841051235e-01
-7.869213200000000086e+01 6.132205659217822014e-01
-7.837924100000000749e+01 9.142320659774815228e-01
-7.806634999999998570e+01 1.349927730117003843e+00
-7.775345899999999233e+01 1.974909459268190837e+00
-7.744056799999999896e+01 2.863379627469878841e+00
-7.712767700000000559e+01 4.115260990379087325e+00
-7.681478599999999801e+01 5.863649758487345487e+00
-7.650189500000000464e+01 8.283805998112644176e+00
-7.618900400000001127e+01 1.160366829131323918e+01
-7.587611300000000369e+01 1.611547695862822493e+01
-7.556322199999999611e+01 2.218979066721773918e+01
-7.525033099999998853e+01 3.028614462910328342e+01
-7.493743999999999517e+01 4.096722664982752349e+01
-7.462454900000000180e+01 5.490335521417380704e+01
-7.431165799999999422e+01 7.287433216828961235e+01
-7.399876700000000085e+01 9.575504536562714009e+01
-7.368587600000000748e+01 1.244817551331014727e+02
-7.337298500000001411e+01 1.599921476823961370e+02
-7.306009399999999232e+01 2.031180968243631924e+02
-7.274720299999999895e+01 2.544321469615294404e+02
-7.243431199999999137e+01 3.140219905001332563e+02
-7.212142099999999800e+01 3.811935903871593609e+02
-7.180852999999999042e+01 4.540813738133222728e+02
-7.149563899999999705e+01 5.292035127990379806e+02
-7.118274800000000369e+01 6.009877840200749688e+02
-7.086985700000001032e+01 6.613826744867559455e+02
-7.055696600000000274e+01 6.997269211546263250e+02
-7.024407499999999516e+01 7.032388240279018419e+02
-6.993118400000000179e+01 6.587011826112188828e+02
-6.961829299999999421e+01 5.562307644240231639e+02
-6.930540200000000084e+01 3.966453637942277055e+02
-6.899251099999999326e+01 2.046226600209248829e+02
-6.867961999999999989e+01 5.106092254169999478e+01
-6.836672900000000652e+01 8.965129888685054027e+01
-6.805383800000001315e+01 6.150037226069968028e+02
-6.774094700000000557e+01 2.152938463458390743e+03
-6.742805599999999799e+01 5.598076771027838731e+03
-6.711516500000000462e+01 1.242009640929698799e+04
-6.680227399999999705e+01 2.496849562905327184e+04
-6.648938299999998947e+01 4.691719531474217365e+04
-6.617649199999999610e+01 8.390548621093081601e+04
-6.586360100000000273e+01 1.444522386025685992e+05
-6.555071000000000936e+01 2.412466174554867903e+05
-6.523781900000000178e+01 3.929533978566729347e+05
-6.492492799999999420e+01 6.267144188864888856e+05
-6.461203700000000083e+01 9.815855999336197274e+05
-6.429914600000000746e+01 1.513217810411894461e+06
-6.398625499999999278e+01 2.300179992895661388e+06
-6.367336399999999230e+01 3.452430017937251832e+06
-6.336047299999999893e+01 5.122569359212465584e+06
-6.304758199999999846e+01 7.520673626117836684e+06
-6.273469100000000509e+01 1.093367313545842469e+07
-6.242179999999999040e+01 1.575046225295969285e+07
-6.210890899999999704e+01 2.249414578499392793e+07
-6.179601799999999656e+01 3.186307410273910686e+07
-6.148312700000000319e+01 4.478255933560777456e+07
-6.117023600000000272e+01 6.246938714578843862e+07
-6.085734499999999514e+01 8.651140803253124654e+07
-6.054445399999999466e+01 1.189645446662708968e+08
-6.023156300000000130e+01 1.624694581065146029e+08
-5.991867200000000082e+01 2.203897243973552883e+08
-5.960578099999999324e+01 2.969726257865371108e+08
-5.929288999999999277e+01 3.975323383198960423e+08
-5.897999899999999940e+01 5.286532616698938012e+08
-5.866710799999999892e+01 6.984081634355418682e+08
-5.835421700000000556e+01 9.165815131205662489e+08
-5.804132599999999087e+01 1.194882405036206961e+09
-5.772843499999999750e+01 1.547123584323194027e+09
-5.741554399999999703e+01 1.989332836681402922e+09
-5.710265300000000366e+01 2.539750163393107414e+09
-5.678976199999998897e+01 3.218648505054909229e+09
-5.647687099999999560e+01 4.047897490456358910e+09
-5.616397999999999513e+01 5.050169301395345688e+09
-5.585108900000000176e+01 6.247664552565713882e+09
-5.553819800000000129e+01 7.660216754458523750e+09
-5.522530699999999371e+01 9.302620502782394409e+09
-5.491241599999999323e+01 1.118102800883098030e+10
-5.459952499999999986e+01 1.328828165421267128e+10
-5.428663399999999939e+01 1.559811215251665688e+10
-5.397374299999999181e+01 1.805825663213242722e+10
-5.366085199999999844e+01 2.058277079561321259e+10
-5.334796099999999797e+01 2.304417167877336121e+10
-5.303507000000000460e+01 2.526661786773888016e+10
-5.272217900000000412e+01 2.702220181133747482e+10
-5.240928799999999654e+01 2.803371879072813034e+10
-5.209639699999999607e+01 2.798915240992974472e+10
-5.178350600000000270e+01 2.657580423161499023e+10
-5.147061500000000223e+01 2.354578750211497879e+10
-5.115772399999999465e+01 1.882989574114807892e+10
-5.084483299999999417e+01 1.272415802156849289e+10
-5.053194200000000080e+01 6.183370836443718910e+09
-5.021905100000000033e+01 1.269417451190442801e+09
-4.990616000000000696e+01 1.820358718154421091e+09
-4.959326899999999227e+01 1.443052897332793236e+10
-4.928037799999999891e+01 4.986400421721957397e+10
-4.896748699999999843e+01 1.250661182658897247e+11
-4.865459600000000506e+01 2.659930685864013672e+11
-4.834170499999999038e+01 5.115516887182070312e+11
-4.802881399999999701e+01 9.190346715351362305e+11
-4.771592299999999653e+01 1.571556493242362793e+12
-4.740303200000000317e+01 2.588148909199925781e+12
-4.709014100000000269e+01 4.137370647223090820e+12
-4.677724999999999511e+01 6.455534186047965820e+12
-4.646435899999999464e+01 9.870965900081796875e+12
-4.615146800000000127e+01 1.483610970011973438e+13
-4.583857700000000079e+01 2.196977707062658203e+13
-4.552568599999999321e+01 3.211246030670427734e+13
-4.521279499999999274e+01 4.639838734945003125e+13
-4.489990399999999937e+01 6.634893749755636719e+13
-4.458701299999999890e+01 9.399319495591765625e+13
-4.427412200000000553e+01 1.320228358214182344e+14
-4.396123099999999084e+01 1.839902757114819062e+14
-4.364833999999999747e+01 2.545611104072789375e+14
-4.333544899999999700e+01 3.498344313680898125e+14
-4.302255800000000363e+01 4.777476734289741250e+14
-4.270966699999998895e+01 6.485863477243091250e+14
-4.239677599999999558e+01 8.756234368959627500e+14
-4.208388499999999510e+01 1.175918505104981250e+15
-4.177099400000000173e+01 1.571312842109644500e+15
-4.145810300000000126e+01 2.089664376356142000e+15
-4.114521199999999368e+01 2.766374833520841500e+15
-4.083232099999999321e+01 3.646271881493007000e+15
-4.051942999999999984e+01 4.785921009108023000e+15
-4.020653899999999936e+01 6.256455874172356000e+15
-3.989364799999999178e+01 8.147032089839272000e+15
-3.958075699999999131e+01 1.056902818180364000e+16
-3.926786599999999794e+01 1.366113904883631200e+16
-3.895497499999999746e+01 1.759553202264862600e+16
-3.864208400000000410e+01 2.258526389413596400e+16
-3.832919299999998941e+01 2.889318941137483200e+16
-3.801630199999999604e+01 3.684262812964793600e+16
-3.770341099999999557e+01 4.683009748043933600e+16
-3.739052000000000220e+01 5.934046589535151200e+16
-3.707762899999999462e+01 7.496493113629166400e+16
-3.676473799999999414e+01 9.442228598246265600e+16
-3.645184700000000078e+01 1.185839964159783040e+17
-3.613895600000000030e+01 1.485036866888650560e+17
-3.582606500000000693e+01 1.854517013412069760e+17
-3.551317399999999225e+01 2.309554964804582720e+17
-3.520028299999999888e+01 2.868467014386264960e+17
-3.488739199999999840e+01 3.553157871736083840e+17
-3.457450100000000504e+01 4.389753792053270400e+17
-3.426160999999999035e+01 5.409333600261320320e+17
-3.394871899999999698e+01 6.648770181441387520e+17
-3.363582799999999651e+01 8.151696173127779840e+17
-3.332293700000000314e+01 9.969608789114718720e+17
-3.301004600000000266e+01 1.216312991423283968e+18
-3.269715499999999508e+01 1.480343881703823104e+18
-3.238426399999999461e+01 1.797389601134867968e+18
-3.207137300000000124e+01 2.177187793276396288e+18
-3.175848200000000077e+01 2.631084315337986048e+18
-3.144559099999998963e+01 3.172265180374702080e+18
-3.113269999999999271e+01 3.816016066762422272e+18
-3.081980899999999579e+01 4.580011702006897152e+18
-3.050691799999999887e+01 5.484637464712825856e+18
-3.019402700000000195e+01 6.553345556444675072e+18
-2.988113599999999437e+01 7.813048068813237248e+18
-2.956824499999999389e+01 9.294549204706469888e+18
-2.925535399999999697e+01 1.103301879998514586e+19
-2.894246300000000005e+01 1.306850912683664384e+19
-2.862957199999999247e+01 1.544651673622669517e+19
-2.831668099999999555e+01 1.821859080756175462e+19
-2.800378999999999863e+01 2.144298911272329216e+19
-2.769089900000000171e+01 2.518538226339627418e+19
-2.737800800000000478e+01 2.951960638854092800e+19
-2.706511699999999365e+01 3.452846377852540518e+19
-2.675222599999999673e+01 4.030457033001961062e+19
-2.643933499999999981e+01 4.695124782674514739e+19
-2.612644400000000289e+01 5.458345819495582925e+19
-2.581355299999999175e+01 6.332877587907387392e+19
-2.550066199999999483e+01 7.332839339024692019e+19
-2.518777099999999791e+01 8.473815389588494746e+19
-2.487488000000000099e+01 9.772960344660587315e+19
-2.456198900000000407e+01 1.124910540812217549e+20
-2.424909799999999294e+01 1.292286476279050568e+20
-2.393620699999999601e+01 1.481674085407745966e+20
-2.362331599999999909e+01 1.695522725863916831e+20
-2.331042500000000217e+01 1.936490766562696888e+20
-2.299753399999999104e+01 2.207454934405347738e+20
-2.268464299999999412e+01 2.511518931741711073e+20
-2.237175199999999720e+01 2.852021132125546742e+20
-2.205886100000000027e+01 3.232541148155807007e+20
-2.174597000000000335e+01 3.656905052522240410e+20
-2.143307899999999222e+01 4.129189022420027310e+20
-2.112018799999999530e+01 4.653721168280450499e+20
-2.080729699999999838e+01 5.235081300829394043e+20
-2.049440600000000146e+01 5.878098386536459796e+20
-2.018151499999999032e+01 6.587845440214432481e+20
-1.986862399999999340e+01 7.369631605818696663e+20
-1.955573299999999648e+01 8.228991183007551324e+20
-1.924284199999999956e+01 9.171669367075286548e+20
-1.892995100000000264e+01 1.020360448477413376e+21
-1.861705999999999150e+01 1.133090652834078523e+21
-1.830416899999999458e+01 1.255983181401510117e+21
-1.799127799999999766e+01 1.389675362143068750e+21
-1.767838700000000074e+01 1.534812870520479678e+21
-1.736549599999998961e+01 1.692045960904852898e+21
-1.705260499999999269e+01 1.862025275851019911e+21
-1.673971399999999576e+01 2.045397235826237899e+21
-1.642682299999999884e+01 2.242799017325414318e+21
-1.611393200000000192e+01 2.454853133270640493e+21
-1.580104099999999256e+01 2.682161635705234653e+21
-1.548814999999999564e+01 2.925299967244986483e+21
-1.517525899999999872e+01 3.184810494659178004e+21
-1.486236800000000180e+01 3.461195764602055950e+21
-1.454947699999999067e+01 3.754911528387494281e+21
-1.423658599999999375e+01 4.066359589741075104e+21
-1.392369499999999682e+01 4.395880535862835937e+21
-1.361080399999999990e+01 4.743746418572296978e+21
-1.329791300000000298e+01 5.110153458341625463e+21
-1.298502199999999185e+01 5.495214849107575177e+21
-1.267213099999999493e+01 5.898953746798722679e+21
-1.235923999999999801e+01 6.321296528360810217e+21
-1.204634900000000108e+01 6.762066410746793689e+21
-1.173345799999998995e+01 7.220977521796631757e+21
-1.142056699999999303e+01 7.697629515568372515e+21
-1.110767599999999611e+01 8.191502824204369134e+21
-1.079478499999999919e+01 8.701954637127894434e+21
-1.048189400000000226e+01 9.228215694939764294e+21
-1.016900299999999113e+01 9.769387981279812649e+21
-9.856111999999994211e+00 1.032444339036070556e+22
-9.543220999999997289e+00 1.089222344000434654e+22
-9.230330000000000368e+00 1.147144009207951602e+22
-8.917438999999991012e+00 1.206067773235575914e+22
-8.604547999999994090e+00 1.265839635016940782e+22
-8.291656999999995392e+00 1.326293594670143164e+22
-7.978765999999999359e+00 1.387252218693329879e+22
-7.665875000000002437e+00 1.448527329639712109e+22
-7.352983999999991305e+00 1.509920818957466468e+22
-7.040092999999994383e+00 1.571225580051756378e+22
-6.727201999999997462e+00 1.632226557150204894e+22
-6.414311000000000540e+00 1.692701904014849501e+22
-6.101419999999990296e+00 1.752424244909986074e+22
-5.788528999999993374e+00 1.811162028838976959e+22
-5.475637999999996453e+00 1.868680966571190282e+22
-5.162746999999999531e+00 1.924745538640948914e+22
-4.849855999999988398e+00 1.979120561361835681e+22
-4.536964999999991477e+00 2.031572796667122103e+22
-4.224073999999994555e+00 2.081872590743855641e+22
-3.911182999999997634e+00 2.129795525719848963e+22
-3.598292000000000712e+00 2.175124067954650723e+22
-3.285400999999990024e+00 2.217649196247072270e+22
-2.972509999999993102e+00 2.257171993083426059e+22
-2.659618999999982414e+00 2.293505182091796965e+22
-2.346727999999985492e+00 2.326474595284342433e+22
-2.033836999999988571e+00 2.355920554032831136e+22
-1.720945999999991427e+00 2.381699148582107690e+22
-1.408054999999994505e+00 2.403683401915693846e+22
-1.095163999999997362e+00 2.421764304790283407e+22
-7.822730000000004402e-01 2.435851710262646984e+22
-4.693820000000034076e-01 2.445875077496770134e+22
-1.564910000000064305e-01 2.451784056291115559e+22
1.564000000000176915e-01 2.453548905645535029e+22
4.692910000000146686e-01 2.451160741451927231e+22
7.821820000000117012e-01 2.444631610493909965e+22
1.095073000000008623e+00 2.433994389921199659e+22
1.407964000000005766e+00 2.419302513279445343e+22
1.720855000000002688e+00 2.400629526347353424e+22
2.033745999999999832e+00 2.378068477894248838e+22
2.346636999999996753e+00 2.351731152349982360e+22
2.659527999999993675e+00 2.321747153229586838e+22
2.972419000000017686e+00 2.288262847712480933e+22
3.285310000000014607e+00 2.251440184372698599e+22
3.598201000000011973e+00 2.211455397327488313e+22
3.911092000000008895e+00 2.168497611180699812e+22
4.223983000000005816e+00 2.122767362158989463e+22
4.536874000000002738e+00 2.074475051473552435e+22
4.849764999999999660e+00 2.023839347466850796e+22
5.162655999999996581e+00 1.971085553377750915e+22
5.475546999999993503e+00 1.916443957569206301e+22
5.788438000000017958e+00 1.860148182932793170e+22
6.101329000000014879e+00 1.802433551748383218e+22
6.414220000000011801e+00 1.743535481692768489e+22
6.727111000000008723e+00 1.683687927925388922e+22
7.040002000000005644e+00 1.623121885189281468e+22
7.352893000000002566e+00 1.562063962783146521e+22
7.665783999999999487e+00 1.500735043998628132e+22
7.978674999999997297e+00 1.439349040265267302e+22
8.291565999999994219e+00 1.378111748816542840e+22
8.604457000000017786e+00 1.317219821163748576e+22
8.917348000000014707e+00 1.256859848145283475e+22
9.230239000000011629e+00 1.197207565741981486e+22
9.543130000000008550e+00 1.138427184302972207e+22
9.856021000000005472e+00 1.080670842330856974e+22
1.016891200000000239e+01 1.024078184471053363e+22
1.048180299999999932e+01 9.687760619768696013e+21
1.079469399999999624e+01 9.148783526127909994e+21
1.110758499999999316e+01 8.624858957340301328e+21
1.142047600000001850e+01 8.116865372183903338e+21
1.173336700000001542e+01 7.625552779304472936e+21
1.204625800000001234e+01 7.151545185705281978e+21
1.235914900000000927e+01 6.695343930890523771e+21
1.267204000000000619e+01 6.257331822547217416e+21
1.298493100000000311e+01 5.837777985679885599e+21
1.329782200000000003e+01 5.436843334376283439e+21
1.361071299999999695e+01 5.054586573752030462e+21
1.392360399999999387e+01 4.690970639721010037e+21
1.423649500000001744e+01 4.345869485054311793e+21
1.454938600000001614e+01 4.019075122348231754e+21
1.486227700000001306e+01 3.710304837928647918e+21
1.517516800000000998e+01 3.419208494475401232e+21
1.548805900000000690e+01 3.145375845065895182e+21
1.580095000000000383e+01 2.888343786921280930e+21
1.611384100000000075e+01 2.647603488940248007e+21
1.642673199999999767e+01 2.422607333667727475e+21
1.673962299999999459e+01 2.212775620969209790e+21
1.705251400000001993e+01 2.017502987385452364e+21
1.736540500000001686e+01 1.836164502237597925e+21
1.767829600000001378e+01 1.668121408272726491e+21
1.799118700000001070e+01 1.512726481254078743e+21
1.830407800000000762e+01 1.369328989497412551e+21
1.861696900000000454e+01 1.237279240397352075e+21
1.892986000000000146e+01 1.115932706789525553e+21
1.924275099999999838e+01 1.004653731414470427e+21
1.955564199999999531e+01 9.028188125490317885e+20
1.986853300000001710e+01 8.098194783570703155e+20
2.018142400000001402e+01 7.250647614521262735e+20
2.049431500000001094e+01 6.479832884761045238e+20
2.080720600000000786e+01 5.780250024369649746e+20
2.112009700000000478e+01 5.146625379251716751e+20
2.143298800000000526e+01 4.573922711703498260e+20
2.174587900000000218e+01 4.057350683601911153e+20
2.205876999999999910e+01 3.592367565912776376e+20
2.237166099999999602e+01 3.174683423619746365e+20
2.268455200000001781e+01 2.800260027390379622e+20
2.299744300000001473e+01 2.465308741478331515e+20
2.331033400000001166e+01 2.166286632663255613e+20
2.362322500000000858e+01 1.899891038032638116e+20
2.393611600000000550e+01 1.663052819810720809e+20
2.424900700000000242e+01 1.452928524126436229e+20
2.456189799999999934e+01 1.266891647938554921e+20
2.487478899999999626e+01 1.102523204295013335e+20
2.518767999999999319e+01 9.576017614257576346e+19
2.550057100000001853e+01 8.300931160262985318e+19
2.581346200000001545e+01 7.181397455824039117e+19
2.612635300000001237e+01 6.200501692147613696e+19
2.643924400000000929e+01 5.342883314010544538e+19
2.675213500000000622e+01 4.594631081767004570e+19
2.706502600000000314e+01 3.943180213037381222e+19
2.737791700000000006e+01 3.377212324892743680e+19
2.769080799999999698e+01 2.886558771169680179e+19
2.800369899999999390e+01 2.462107852649635021e+19
2.831659000000001924e+01 2.095716270217830810e+19
2.862948100000001617e+01 1.780125093081593446e+19
2.894237200000001309e+01 1.508880426079376998e+19
2.925526300000001001e+01 1.276258881749937562e+19
2.956815400000000693e+01 1.077197893937146675e+19
2.988104500000000385e+01 9.072308500993878016e+18
3.019393600000000077e+01 7.624269685860321280e+18
3.050682699999999770e+01 6.393358044843899904e+18
3.081971799999999462e+01 5.349362326950575104e+18
3.113260900000001996e+01 4.465897289800849408e+18
3.144550000000001688e+01 3.719977482488194048e+18
3.175839100000001380e+01 3.091629836662273024e+18
3.207128200000001073e+01 2.563542796283268096e+18
3.238417300000000409e+01 2.120749656273398272e+18
3.269706400000000457e+01 1.750343759322797824e+18
3.300995499999999794e+01 1.441223212494191616e+18
3.332284599999999841e+01 1.183862825729401856e+18
3.363573699999999178e+01 9.701110378957050880e+17
3.394862800000002068e+01 7.930096779788284160e+17
3.426151900000001405e+01 6.466345053538076160e+17
3.457441000000001452e+01 5.259545800067875200e+17
3.488730100000000789e+01 4.267086278657850880e+17
3.520019200000000836e+01 3.452966851683385600e+17
3.551308300000000173e+01 2.786854265908813120e+17
3.582597400000000221e+01 2.243257025996888320e+17
3.613886499999999558e+01 1.800809304319059840e+17
3.645175599999999605e+01 1.441650988650054080e+17
3.676464700000001784e+01 1.150892583647772160e+17
3.707753800000001831e+01 9.161547446421803200e+16
3.739042900000001168e+01 7.271732269203316800e+16
3.770332000000001216e+01 5.754609762006720800e+16
3.801621100000000553e+01 4.540199638663478400e+16
3.832910200000000600e+01 3.570961827805772800e+16
3.864199299999999937e+01 2.799719663771783600e+16
3.895488399999999984e+01 2.187904764509628400e+16
3.926777499999999321e+01 1.704078257071483600e+16
3.958066600000002211e+01 1.322688623272693000e+16
3.989355700000001548e+01 1.023031486899828200e+16
4.020644800000001595e+01 7.883811838072367000e+15
4.051933900000000932e+01 6.052679836625139000e+15
4.083223000000000980e+01 4.628784042287339000e+15
4.114512100000000316e+01 3.525592132845447500e+15
4.145801200000000364e+01 2.674084863722319500e+15
4.177090299999999701e+01 2.019395162293154500e+15
4.208379399999999748e+01 1.518054861683831750e+15
4.239668500000001927e+01 1.135746571720702750e+15
4.270957600000001975e+01 8.454740738369048750e+14
4.302246700000001312e+01 6.260783115291975000e+14
4.333535800000001359e+01 4.610377877869303750e+14
4.364824900000000696e+01 3.375022128619688750e+14
4.396114000000000743e+01 2.455167850424416562e+14
4.427403100000000080e+01 1.774017278025436562e+14
4.458692200000000128e+01 1.272578227279975156e+14
4.489981299999999464e+01 9.057382386523642188e+13
4.521270400000001644e+01 6.391595281128650000e+13
4.552559500000001691e+01 4.468327579948409375e+13
4.583848600000001028e+01 3.091576012917106250e+13
4.615137700000001075e+01 2.114428983725056641e+13
4.646426800000000412e+01 1.427396957040074414e+13
4.677715900000000460e+01 9.493730286468855469e+12
4.709005000000000507e+01 6.206630044919081055e+12
4.740294099999999844e+01 3.976368482395509766e+12
4.771583199999999891e+01 2.486447792179883789e+12
4.802872300000002070e+01 1.509152713630356689e+12
4.834161400000001407e+01 8.821180335956412354e+11
4.865450500000001455e+01 4.907302975972338867e+11
4.896739600000000792e+01 2.549924604533871155e+11
4.928028700000000839e+01 1.197840733474378204e+11
4.959317800000000176e+01 4.769021380531192017e+10
4.990606900000000223e+01 1.376200646276107025e+10
5.021895999999999560e+01 1.720342436622310638e+09
5.053185099999999608e+01 1.230524200510010481e+09
5.084474200000001787e+01 5.965742636713994026e+09
5.115763300000001834e+01 1.224695797898688316e+10
5.147052400000001171e+01 1.810027688306330490e+10
5.178341500000001218e+01 2.261379774479434586e+10
5.209630600000000555e+01 2.550693116697756577e+10
5.240919700000000603e+01 2.684861137880858994e+10
5.272208799999999940e+01 2.687835010472974396e+10
5.303497899999999987e+01 2.589712373912472916e+10
5.334786999999999324e+01 2.420470345957813263e+10
5.366076100000002214e+01 2.206707181636401749e+10
5.397365200000001551e+01 1.970266377461960220e+10
5.428654300000001598e+01 1.727982050713564301e+10
5.459943400000000935e+01 1.492042815020370102e+10
5.491232500000000982e+01 1.270651726549189377e+10
5.522521600000000319e+01 1.068783690079356575e+10
5.553810700000000367e+01 8.889250254238059998e+09
5.585099799999999703e+01 7.317345577128379822e+09
5.616388899999999751e+01 5.966002940161520004e+09
5.647678000000001930e+01 4.820867785918236732e+09
5.678967100000001977e+01 3.862800897504997253e+09
5.710256200000001314e+01 3.070433411398573399e+09
5.741545300000001362e+01 2.421976981213851929e+09
5.772834400000000699e+01 1.896438315091864109e+09
5.804123500000000746e+01 1.474374179855928898e+09
5.835412600000000083e+01 1.138304144898353338e+09
5.866701700000000130e+01 8.728779063345102072e+08
5.897990799999999467e+01 6.648743772801028490e+08
5.929279900000002357e+01 5.030921199656190872e+08
5.960569000000001694e+01 3.781756732577735782e+08
5.991858100000001741e+01 2.824099924295998216e+08
6.023147200000001078e+01 2.095054073050758541e+08
6.054436300000001125e+01 1.543879291754103303e+08
6.085725400000000462e+01 1.130040538383157253e+08
6.117014500000000510e+01 8.214507324042148888e+07
6.148303599999999847e+01 5.929300256896415353e+07
6.179592699999999894e+01 4.248827362772697210e+07
6.210881800000002073e+01 3.021810342637854442e+07
6.242170900000001410e+01 2.132372702327803522e+07
6.273460000000001457e+01 1.492433344291010313e+07
6.304749100000000794e+01 1.035544519715956412e+07
6.336038200000000842e+01 7.119546857995199971e+06
6.367327300000000179e+01 4.846931169182064943e+06
6.398616400000000226e+01 3.264945978203234263e+06
6.429905499999999563e+01 2.174059926150558516e+06
6.461194600000000321e+01 1.429398386293037329e+06
6.492483700000002500e+01 9.266206639741004910e+05
6.523772800000001837e+01 5.912077866112726042e+05
6.555061900000001174e+01 3.704041334196205135e+05
6.586351000000000511e+01 2.272051389375694271e+05
6.617640100000001269e+01 1.359084751168059593e+05
6.648929200000000606e+01 7.884955168064641475e+04
6.680218299999999942e+01 4.402641441777767614e+04
6.711507399999999279e+01 2.338683903336926596e+04
6.742796500000000037e+01 1.160420890194533240e+04
6.774085600000002216e+01 5.211021386645819803e+03
6.805374700000001553e+01 1.991716742824913126e+03
6.836663800000000890e+01 5.618055958203183309e+02
6.867952900000001648e+01 7.954099107621894404e+01
6.899242000000000985e+01 5.092979524831731908e+01
6.930531100000000322e+01 1.997596548670672689e+02
6.961820199999999659e+01 3.823799859460345942e+02
6.993109300000000417e+01 5.328923758646558326e+02
7.024398399999999754e+01 6.287061708492821026e+02
7.055687500000001933e+01 6.695092811791051872e+02
7.086976600000001270e+01 6.649073823784240176e+02
7.118265700000002028e+01 6.275360140313321153e+02
7.149554800000001364e+01 5.695294778549218790e+02
7.180843900000000701e+01 5.009717831618054902e+02
7.212133000000000038e+01 4.294567761772313474e+02
7.243422100000000796e+01 3.602188764426968532e+02
7.274711200000000133e+01 2.965143335173758032e+02
7.306000299999999470e+01 2.400725382414556464e+02
7.337289400000001649e+01 1.915236836560073925e+02
7.368578500000002407e+01 1.507610542370521785e+02
7.399867600000001744e+01 1.172258236741489981e+02
7.431156700000001081e+01 9.011782397137363887e+01
7.462445800000000418e+01 6.854285297119029963e+01
7.493734900000001176e+01 5.160930671810036330e+01
7.525024000000000513e+01 3.848652743811631893e+01
7.556313099999999849e+01 2.843563418613919680e+01
7.587602199999999186e+01 2.082156095412547003e+01
7.618891300000002786e+01 1.511300771351171335e+01
7.650180400000002123e+01 1.087522767130783663e+01
7.681469500000001460e+01 7.759108624835677759e+00
7.712758600000000797e+01 5.488862588190253078e+00
7.744047700000001555e+01 3.849783209642028137e+00
7.775336800000000892e+01 2.676917148520759238e+00
7.806625900000000229e+01 1.845073340018263508e+00
7.837914999999999566e+01 1.260316884151904571e+00
7.869204100000000324e+01 8.529230709093723606e-01
7.900493200000002503e+01 5.716703919471332052e-01
7.931782300000001840e+01 3.793051081246850420e-01
7.963071400000001177e+01 2.489960963420729811e-01
7.994360500000000513e+01 1.616044322096506503e-01
8.025649600000001271e+01 1.036085932724279263e-01
8.056938700000000608e+01 6.554739806604624464e-02
8.088227799999999945e+01 4.086511282044825305e-02
8.119516900000000703e+01 2.506437593463237481e-02
8.150806000000000040e+01 1.509156605756337491e-02
8.182095100000002219e+01 8.895505379044234967e-03
8.213384200000001556e+01 5.113895432593031955e-03
8.244673300000000893e+01 2.852815782281375393e-03
8.275962400000001651e+01 1.533281562131069177e-03
8.307251500000000988e+01 7.856005163418272727e-04
8.338540600000000325e+01 3.774358649298044485e-04
8.369829699999999661e+01 1.653803230025337016e-04
8.401118800000000419e+01 6.275000211161021048e-05
8.432407899999999756e+01 1.844160360759822530e-05
8.463697000000001935e+01 3.246789259207826399e-06
8.494986100000001272e+01 1.130505566645983205e-06
8.526275200000002030e+01 3.769580713050183422e-06
8.557564300000001367e+01 7.201563661777601663e-06
8.588853400000000704e+01 9.817461407267459865e-06
8.620142500000000041e+01 1.119473135742951418e-05
8.651431600000000799e+01 1.144450163157798390e-05
8.682720700000000136e+01 1.086549379810540238e-05
8.714009799999999473e+01 9.775064556885392931e-06
8.745298900000001652e+01 8.438252594675151266e-06
8.776588000000002410e+01 7.047832952940010683e-06
8.807877100000001747e+01 5.728413551399942486e-06
8.839166200000001083e+01 4.549812575350976174e-06
8.870455300000000420e+01 3.542178596025445307e-06
8.901744400000001178e+01 2.709433826637384608e-06
8.933033500000000515e+01 2.039852117729460534e-06
8.964322599999999852e+01 1.513700749012870956e-06
8.995611699999999189e+01 1.108361460020235838e-06
9.026900800000002789e+01 8.014939564877441922e-07
9.058189900000002126e+01 5.727867857349697141e-07
9.089479000000001463e+01 4.047528032564148442e-07
9.120768100000000800e+01 2.829211930514111227e-07
9.152057200000001558e+01 1.956799688930477001e-07
9.183346300000000895e+01 1.339418400398551215e-07
9.214635400000000232e+01 9.074431844777922676e-08
9.245924499999999568e+01 6.085028597985126741e-08
9.277213600000000326e+01 4.038455680963709584e-08
9.308502700000002505e+01 2.652215989488958607e-08
9.339791800000001842e+01 1.723193692489904943e-08
9.371080900000001179e+01 1.107227918692614355e-08
9.402370000000001937e+01 7.032551883886272959e-09
9.433659100000001274e+01 4.412631905014152646e-09
9.464948200000000611e+01 2.733100676112761628e-09
9.496237299999999948e+01 1.669409291390941081e-09
9.527526400000000706e+01 1.004347019579849647e-09
9.558815500000000043e+01 5.942078385571879962e-10
9.590104600000002222e+01 3.450276891300020834e-10
9.621393700000001559e+01 1.961077562317729887e-10
9.652682800000000896e+01 1.087312102465969996e-10
9.683971900000001654e+01 5.853073298962500342e-11
9.715261000000000990e+01 3.038861063268000329e-11
9.746550100000000327e+01 1.507101301157300250e-11
9.777839199999999664e+01 7.034577761649999645e-12
9.809128300000000422e+01 3.015872173241999866e-12
9.840417399999999759e+01 1.136660291752000255e-12
9.871706500000001938e+01 3.447271873700000429e-13
9.902995600000001275e+01 7.000380611999999466e-14
9.934284700000002033e+01 1.681284992500000341e-14
9.965573800000001370e+01 4.088185017800000710e-14
9.996862900000000707e+01 7.822163281000000754e-14
1.002815200000000004e+02 1.051589307049999867e-13
1.005944110000000080e+02 1.166622997130000279e-13
1.009073020000000014e+02 1.151362290009999911e-13
1.012201929999999948e+02 1.050223224979999901e-13
1.015330840000000165e+02 9.048146574100001154e-14
1.018459750000000241e+02 7.462155334499997992e-14
1.021588660000000175e+02 5.943210180500000156e-14
1.024717570000000109e+02 4.598994423399999854e-14
1.027846480000000042e+02 3.472831502500000666e-14
1.030975390000000118e+02 2.567231958099999942e-14
1.034104300000000052e+02 1.862324323599999270e-14
1.037233209999999985e+02 1.328129611299999995e-14
1.040362119999999919e+02 9.324686764999999464e-15
1.043491030000000279e+02 6.452187050000000167e-15
1.046619940000000213e+02 4.403722045000000910e-15
1.049748850000000147e+02 2.966553188999999954e-15
1.052877760000000080e+02 1.973324899999999400e-15
1.056006670000000156e+02 1.296507073999999855e-15
1.059135580000000090e+02 8.414884000000001823e-16
1.062264490000000023e+02 5.395857799999999293e-16
1.065393399999999957e+02 3.417912450000000996e-16
1.068522310000000033e+02 2.138371450000000109e-16
1.071651220000000251e+02 1.320806160000000257e-16
1.074780130000000185e+02 8.051472400000001793e-17
1.077909040000000118e+02 4.840306000000000505e-17
1.081037950000000194e+02 2.866968200000000346e-17
1.084166860000000128e+02 1.670728000000000406e-17
1.087295770000000061e+02 9.569416000000000758e-18
1.090424679999999995e+02 5.375100999999999514e-18
1.093553590000000071e+02 2.956104999999999879e-18
1.096682500000000005e+02 1.583125000000000002e-18
1.099811410000000222e+02 8.246499999999999800e-19
1.102940320000000156e+02 4.134439999999999472e-19
1.106069230000000232e+02 1.979649999999999949e-19
1.109198140000000166e+02 8.938000000000002052e-20
1.112327050000000099e+02 3.725599999999999868e-20
1.115455960000000033e+02 1.372499999999999823e-20
1.118584870000000109e+02 4.083999999999999680e-21
1.121713780000000042e+02 8.180000000000001437e-22
1.124842689999999976e+02 1.970000000000000079e-22
1.127971600000000194e+02 3.770000000000000214e-22
1.131100510000000128e+02 6.889999999999999726e-22
1.134229420000000204e+02 8.770000000000002102e-22
1.137358330000000137e+02 9.860000000000003380e-22
1.140487240000000071e+02 9.160000000000000455e-22
1.143616150000000005e+02 7.929999999999999720e-22
1.146745060000000080e+02 6.800000000000000613e-22
1.149873970000000014e+02 5.329999999999999735e-22
1.153002880000000232e+02 4.009999999999999417e-22
1.156131790000000166e+02 2.899999999999999694e-22
1.159260700000000242e+02 2.260000000000000096e-22
1.162389610000000175e+02 1.440000000000000155e-22
1.165518520000000109e+02 9.999999999999999310e-23
1.168647430000000043e+02 6.399999999999999512e-23
1.171776340000000118e+02 4.900000000000000379e-23
1.174905250000000052e+02 3.600000000000000387e-23
1.178034159999999986e+02 1.599999999999999878e-23
1.181163070000000204e+02 1.599999999999999878e-23
1.184291980000000279e+02 9.000000000000000966e-24
1.187420890000000213e+02 3.999999999999999695e-24
1.190549800000000147e+02 3.999999999999999695e-24
1.193678709999999796e+02 9.999999999999999237e-25
1.196807620000000441e+02 9.999999999999999237e-25
1.199936530000000374e+02 9.999999999999999237e-25
1.203065440000000308e+02 9.999999999999999237e-25
1.206194350000000242e+02 0.000000000000000000e+00
1.209323260000000317e+02 0.000000000000000000e+00
1.212452170000000251e+02 0.000000000000000000e+00
1.215581080000000185e+02 0.000000000000000000e+00
1.218709990000000118e+02 0.000000000000000000e+00
1.221838900000000194e+02 0.000000000000000000e+00
1.224967810000000128e+02 0.000000000000000000e+00
1.228096720000000062e+02 0.000000000000000000e+00
1.231225629999999995e+02 0.000000000000000000e+00
1.234354540000000071e+02 0.000000000000000000e+00
1.237483450000000005e+02 0.000000000000000000e+00
1.240612359999999939e+02 0.000000000000000000e+00
1.243741269999999872e+02 0.000000000000000000e+00
1.246870179999999948e+02 0.000000000000000000e+00
1.249999089999999882e+02 0.000000000000000000e+00
