-1.250000000000000000e+02 3.039175122175083121e+00
-1.246871090000000066e+02 2.977816344211861921e+00
-1.243742180000000133e+02 2.810127457683117669e+00
-1.240613270000000057e+02 2.554935635587765486e+00
-1.237484360000000123e+02 2.215519121690618931e+00
-1.234355449999999905e+02 1.841641213483713679e+00
-1.231226539999999972e+02 1.460443118833520959e+00
-1.228097629999999896e+02 1.101645493980280222e+00
-1.224968719999999962e+02 7.911658201069797780e-01
-1.221839810000000028e+02 5.510515015289139118e-01
-1.218710900000000095e+02 3.979987609201968701e-01
-1.215581990000000019e+02 3.483042665347716449e-01
-1.212453079999999943e+02 4.192304549771372901e-01
-1.209324170000000009e+02 6.296051854467124009e-01
-1.206195260000000076e+02 1.004742638639059882e+00
-1.203066350000000000e+02 1.581139583316695685e+00
-1.199937439999999924e+02 2.404971356978830244e+00
-1.196808529999999990e+02 3.535280669121227515e+00
-1.193679620000000057e+02 5.049183038560238757e+00
-1.190550710000000123e+02 7.038904262754395624e+00
-1.187421800000000047e+02 9.617990750434325165e+00
-1.184292889999999971e+02 1.292102727957565911e+01
-1.181163980000000038e+02 1.710226954861460413e+01
-1.178035070000000104e+02 2.234555980674881326e+01
-1.174906160000000028e+02 2.885337427433064050e+01
-1.171777249999999952e+02 3.684830080567868293e+01
-1.168648340000000019e+02 4.658541410187795861e+01
-1.165519430000000085e+02 5.833249065020360291e+01
-1.162390520000000009e+02 7.237156243669278410e+01
-1.159261610000000076e+02 8.899388442063866478e+01
-1.156132700000000000e+02 1.084787683460823331e+02
-1.153003790000000066e+02 1.311026460843376640e+02
-1.149874879999999990e+02 1.571065351693625303e+02
-1.146745970000000057e+02 1.866719092342460442e+02
-1.143617059999999981e+02 2.199277683225820965e+02
-1.140488150000000047e+02 2.569012834717954092e+02
-1.137359239999999971e+02 2.974931252618711142e+02
-1.134230330000000038e+02 3.414758657493280793e+02
-1.131101420000000104e+02 3.884483087807647621e+02
-1.127972510000000028e+02 4.378432100695677036e+02
-1.124843599999999952e+02 4.889064976989502611e+02
-1.121714690000000019e+02 5.406648386665509634e+02
-1.118585780000000085e+02 5.919766972410465087e+02
-1.115456870000000009e+02 6.415321840347442048e+02
-1.112327959999999933e+02 6.878612825820355283e+02
-1.109199050000000000e+02 7.294113103157282012e+02
-1.106070140000000066e+02 7.645746234786603281e+02
-1.102941230000000132e+02 7.917562062984417253e+02
-1.099812319999999914e+02 8.094651125056428782e+02
-1.096683409999999981e+02 8.163596618059324328e+02
-1.093554500000000047e+02 8.113572124535419334e+02
-1.090425590000000113e+02 7.937453212054776941e+02
-1.087296679999999895e+02 7.632207295716671069e+02
-1.084167769999999962e+02 7.199963511523935722e+02
-1.081038860000000028e+02 6.648621518435318194e+02
-1.077909950000000094e+02 5.992114581666328377e+02
-1.074781040000000019e+02 5.250782582196736712e+02
-1.071652129999999943e+02 4.450975283834060860e+02
-1.068523220000000009e+02 3.624374948045384031e+02
-1.065394310000000075e+02 2.807045709649624428e+02
-1.062265400000000000e+02 2.037734319225804143e+02
-1.059136489999999924e+02 1.355843615872570069e+02
-1.056007579999999990e+02 7.992954427600406575e+01
-1.052878670000000056e+02 4.019388966280478570e+01
-1.049749759999999981e+02 1.911632271615596679e+01
-1.046620850000000047e+02 1.856143102761904728e+01
-1.043491939999999971e+02 3.933063657936836677e+01
-1.040363030000000037e+02 8.103674639967736937e+01
-1.037234119999999962e+02 1.420394029560432898e+02
-1.034105210000000028e+02 2.194611138882118553e+02
-1.030976299999999952e+02 3.092767916787341846e+02
-1.027847390000000019e+02 4.064695868962749046e+02
-1.024718480000000085e+02 5.052593845353090387e+02
-1.021589570000000009e+02 5.993694586268882176e+02
-1.018460660000000075e+02 6.823461525686194591e+02
-1.015331750000000000e+02 7.479011037737618608e+02
-1.012202840000000066e+02 7.902822585043182926e+02
-1.009073929999999990e+02 8.046862295657238064e+02
-1.005945020000000056e+02 7.877190023603571944e+02
-1.002816109999999981e+02 7.379264886094382518e+02
-9.996872000000000469e+01 6.564119185356903472e+02
-9.965582899999999711e+01 5.475892799330100615e+02
-9.934293800000000374e+01 4.200376264860712467e+02
-9.903004700000001037e+01 2.875159290017264766e+02
-9.871715600000000279e+01 1.700590067584570875e+02
-9.840426499999999521e+01 9.511806745614489955e+01
-9.809137400000000184e+01 9.863046013300427717e+01
-9.777848300000000847e+01 2.258427662524210291e+02
-9.746559200000000089e+01 5.316874685586900569e+02
-9.715270099999999331e+01 1.080434049210869944e+03
-9.683980999999999995e+01 1.944337732195256422e+03
-9.652691900000000658e+01 3.200989407571978063e+03
-9.621402800000001321e+01 4.929111933419448178e+03
-9.590113699999999142e+01 7.202616669190949324e+03
-9.558824599999999805e+01 1.008291372046011929e+04
-9.527535500000000468e+01 1.360955279741358390e+04
-9.496246399999999710e+01 1.778969131658984770e+04
-9.464957299999998952e+01 2.258696205619430475e+04
-9.433668199999999615e+01 2.791075845319459040e+04
-9.402379100000000278e+01 3.360721076875247672e+04
-9.371090000000000941e+01 3.945343270264298189e+04
-9.339800900000000183e+01 4.515669600802227797e+04
-9.308511800000000846e+01 5.036048119357923861e+04
-9.277222700000000088e+01 5.465906035616183362e+04
-9.245933600000000752e+01 5.762217954859924794e+04
-9.214644499999998573e+01 5.883073113268974703e+04
-9.183355399999999236e+01 5.792369650696884491e+04
-9.152066299999999899e+01 5.465569157059846475e+04
-9.120777200000000562e+01 4.896322039674522239e+04
-9.089488099999999804e+01 4.103678268333822780e+04
-9.058199000000000467e+01 3.139465371648356449e+04
-9.026909900000001130e+01 2.095316594356846690e+04
-8.995620800000000372e+01 1.108749230707010975e+04
-8.964331699999999614e+01 3.676300417233101143e+03
-8.933042599999998856e+01 1.123454654113286779e+03
-8.901753499999999519e+01 6.350013814995816574e+03
-8.870464400000000182e+01 2.275035955063905931e+04
-8.839175299999999424e+01 5.410724100365056802e+04
-8.807886200000000088e+01 1.044620820392465976e+05
-8.776597100000000751e+01 1.779390063285686192e+05
-8.745308000000001414e+01 2.785240194905528333e+05
-8.714018900000000656e+01 4.098042986821003724e+05
-8.682729799999999898e+01 5.746774818813222228e+05
-8.651440699999999140e+01 7.750460682938811369e+05
-8.620151599999999803e+01 1.011517756483145757e+06
-8.588862500000000466e+01 1.283138837619972881e+06
-8.557573399999999708e+01 1.587191364224751713e+06
-8.526284300000000371e+01 1.919087362667079084e+06
-8.494995200000001034e+01 2.272391341323272791e+06
-8.463706100000001697e+01 2.638995571715167258e+06
-8.432416999999999518e+01 3.009460726751506329e+06
-8.401127900000000182e+01 3.373517590429020580e+06
-8.369838799999999424e+01 3.720705112255779561e+06
-8.338549700000000087e+01 4.041099369704467710e+06
-8.307260599999999329e+01 4.326068798540270887e+06
-8.275971499999999992e+01 4.568978964203417301e+06
-8.244682400000000655e+01 4.765767305414197966e+06
-8.213393300000001318e+01 4.915317377614468336e+06
-8.182104200000000560e+01 5.019583924306652509e+06
-8.150815099999999802e+01 5.083451959157759324e+06
-8.119526000000000465e+01 5.114349516085236333e+06
-8.088236899999999707e+01 5.121667754688515328e+06
-8.056947799999998949e+01 5.116066719997544773e+06
-8.025658699999999612e+01 5.108752404343795963e+06
-7.994369600000000275e+01 5.110801972750294954e+06
-7.963080500000000939e+01 5.132588301462792791e+06
-7.931791400000000181e+01 5.183322089546495117e+06
-7.900502300000000844e+01 5.270697105253593065e+06
-7.869213200000000086e+01 5.400600461925446056e+06
-7.837924100000000749e+01 5.576842256394159049e+06
-7.806634999999998570e+01 5.800868417633130215e+06
-7.775345899999999233e+01 6.071446804340002127e+06
-7.744056799999999896e+01 6.384351925843446516e+06
-7.712767700000000559e+01 6.732109656195420772e+06
-7.681478599999999801e+01 7.103889175040962175e+06
-7.650189500000000464e+01 7.485637379446092993e+06
-7.618900400000001127e+01 7.860533634912670590e+06
-7.587611300000000369e+01 8.209805521195389330e+06
-7.556322199999999611e+01 8.513889523731505498e+06
-7.525033099999998853e+01 8.753859435217969120e+06
-7.493743999999999517e+01 8.912982404656976461e+06
-7.462454900000000180e+01 8.978210345636773854e+06
-7.431165799999999422e+01 8.941375990171380341e+06
-7.399876700000000085e+01 8.799859775967098773e+06
-7.368587600000000748e+01 8.556526079903064296e+06
-7.337298500000001411e+01 8.218825558798981830e+06
-7.306009399999999232e+01 7.797107161064963788e+06
-7.274720299999999895e+01 7.302371026043666527e+06
-7.243431199999999137e+01 6.743872749873013236e+06
-7.212142099999999800e+01 6.127122674063238315e+06
-7.180852999999999042e+01 5.452889930522581562e+06
-7.149563899999999705e+01 4.717872232306770049e+06
-7.118274800000000369e+01 3.917854318844048772e+06
-7.086985700000001032e+01 3.054632988900841214e+06
-7.055696600000000274e+01 2.148905356912476011e+06
-7.024407499999999516e+01 1.262789901466957759e+06
-6.993118400000000179e+01 5.376637027964874869e+05
-6.961829299999999421e+01 2.554291685548963433e+05
-6.930540200000000084e+01 9.339486546558734262e+05
-6.899251099999999326e+01 3.469882465457949787e+06
-6.867961999999999989e+01 9.344109769324786961e+06
-6.836672900000000652e+01 2.090583193560467288e+07
-6.805383800000001315e+01 4.175089676516605169e+07
-6.774094700000000557e+01 7.720745204234078526e+07
-6.742805599999999799e+01 1.349374256582366228e+08
-6.711516500000000462e+01 2.256553440575813055e+08
-6.680227399999999705e+01 3.639566719375680685e+08
-6.648938299999998947e+01 5.692364248273588419e+08
-6.617649199999999610e+01 8.666653956705009937e+08
-6.586360100000000273e+01 1.288175760494479179e+09
-6.555071000000000936e+01 1.873389922642279387e+09
-6.523781900000000178e+01 2.670407873301399231e+09
-6.492492799999999420e+01 3.736354418014956951e+09
-6.461203700000000083e+01 5.137587045704138756e+09
-6.429914600000000746e+01 6.949486744393166542e+09
-6.398625499999999278e+01 9.255799562961771011e+09
-6.367336399999999230e+01 1.214755779279907227e+10
-6.336047299999999893e+01 1.572166828513962173e+10
-6.304758199999999846e+01 2.007929040656098938e+10
-6.273469100000000509e+01 2.532412065135734558e+10
-6.242179999999999040e+01 3.156064724942661285e+10
-6.210890899999999704e+01 3.889234279038227081e+10
-6.179601799999999656e+01 4.741965425157327271e+10
-6.148312700000000319e+01 5.723758014838023376e+10
-6.117023600000000272e+01 6.843265721662085724e+10
-6.085734499999999514e+01 8.107934979205201721e+10
-6.054445399999999466e+01 9.523611231415547180e+10
-6.023156300000000130e+01 1.109416690468967133e+11
-5.991867200000000082e+01 1.282121886852158051e+11
-5.960578099999999324e+01 1.470399395968514099e+11
-5.929288999999999277e+01 1.673937016931240234e+11
-5.897999899999999940e+01 1.892207529641765137e+11
-5.866710799999999892e+01 2.124497006345213318e+11
-5.835421700000000556e+01 2.369928477240904846e+11
-5.804132599999999087e+01 2.627463391959846802e+11
-5.772843499999999750e+01 2.895863883198198242e+11
-5.741554399999999703e+01 3.173608800810501709e+11
-5.710265300000000366e+01 3.458776772575474854e+11
-5.678976199999998897e+01 3.748933677875466919e+11
-5.647687099999999560e+01 4.041077146763875732e+11
-5.616397999999999513e+01 4.331685964547003174e+11
-5.585108900000000176e+01 4.616897739261891479e+11
-5.553819800000000129e+01 4.892806675579074097e+11
-5.522530699999999371e+01 5.155848861939143066e+11
-5.491241599999999323e+01 5.403224978515589600e+11
-5.459952499999999986e+01 5.633283851577681885e+11
-5.428663399999999939e+01 5.845745402652564697e+11
-5.397374299999999181e+01 6.041605734883371582e+11
-5.366085199999999844e+01 6.222606267689091797e+11
-5.334796099999999797e+01 6.390315069948626709e+11
-5.303507000000000460e+01 6.545120092730085449e+11
-5.272217900000000412e+01 6.685605914892768555e+11
-5.240928799999999654e+01 6.808682618865003662e+11
-5.209639699999999607e+01 6.910422961005344238e+11
-5.178350600000000270e+01 6.987105510850300293e+11
-5.147061500000000223e+01 7.035912613902731934e+11
-5.115772399999999465e+01 7.055353849928422852e+11
-5.084483299999999417e+01 7.046422939334913330e+11
-5.053194200000000080e+01 7.015762091312758789e+11
-5.021905100000000033e+01 6.980756870062785645e+11
-4.990616000000000696e+01 6.973701622587623291e+11
-4.959326899999999227e+01 7.039903826271090088e+11
-4.928037799999999891e+01 7.225746281806087646e+11
-4.896748699999999843e+01 7.558846343299572754e+11
-4.865459600000000506e+01 8.031192169160731201e+11
-4.834170499999999038e+01 8.600879102465012207e+11
-4.802881399999999701e+01 9.221449925096038818e+11
-4.771592299999999653e+01 9.888275490381271973e+11
-4.740303200000000317e+01 1.066840813937524048e+12
-4.709014100000000269e+01 1.167300233789561035e+12
-4.677724999999999511e+01 1.295729514909131836e+12
-4.646435899999999464e+01 1.439160926484820068e+12
-4.615146800000000127e+01 1.560790161622502930e+12
-4.583857700000000079e+01 1.613804799925115723e+12
-4.552568599999999321e+01 1.577865310750599121e+12
-4.521279499999999274e+01 1.504890801789621094e+12
-4.489990399999999937e+01 1.543454020288374756e+12
-4.458701299999999890e+01 1.906954582672555420e+12
-4.427412200000000553e+01 2.771624755499520508e+12
-4.396123099999999084e+01 4.135928077805227051e+12
-4.364833999999999747e+01 5.723591230198680664e+12
-4.333544899999999700e+01 7.033393136194212891e+12
-4.302255800000000363e+01 7.596226646510595703e+12
-4.270966699999998895e+01 7.386432131120927734e+12
-4.239677599999999558e+01 7.188736547146023438e+12
-4.208388499999999510e+01 8.627715820749032227e+12
-4.177099400000000173e+01 1.361890929974144141e+13
-4.145810300000000126e+01 2.324940772592955078e+13
-4.114521199999999368e+01 3.648831195418854688e+13
-4.083232099999999321e+01 4.948924230557385156e+13
-4.051942999999999984e+01 5.632903128285865625e+13
-4.020653899999999936e+01 5.162252618627126562e+13
-3.989364799999999178e+01 3.454685008497164062e+13
-3.958075699999999131e+01 1.267726067074551953e+13
-3.926786599999999794e+01 3.232802542065765137e+12
-3.895497499999999746e+01 2.949287928404182812e+13
-3.864208400000000410e+01 1.116826336232536406e+14
-3.832919299999998941e+01 2.543753437955245000e+14
-3.801630199999999604e+01 4.355228049572658125e+14
-3.770341099999999557e+01 6.041037984843703750e+14
-3.739052000000000220e+01 6.925040903257401250e+14
-3.707762899999999462e+01 6.452357954703375000e+14
-3.676473799999999414e+01 4.580382591530775625e+14
-3.645184700000000078e+01 2.131206119229516875e+14
-3.613895600000000030e+01 9.103362777061167188e+13
-3.582606500000000693e+01 3.413008304179050000e+14
-3.551317399999999225e+01 1.204831927447966750e+15
-3.520028299999999888e+01 2.800356928422338500e+15
-3.488739199999999840e+01 5.009597410826981000e+15
-3.457450100000000504e+01 7.413070523836008000e+15
-3.426160999999999035e+01 9.330595179034598000e+15
-3.394871899999999698e+01 1.000055763629432400e+16
-3.363582799999999651e+01 8.889035589994808000e+15
-3.332293700000000314e+01 6.062256990014666000e+15
-3.301004600000000266e+01 2.500813597941328500e+15
-3.269715499999999508e+01 2.041487059934193750e+14
-3.238426399999999461e+01 1.950264772303346250e+15
-3.207137300000000124e+01 1.064973762024634000e+16
-3.175848200000000077e+01 2.835922293651840000e+16
-3.144559099999998963e+01 5.517135060255970400e+16
-3.113269999999999271e+01 8.833102140060126400e+16
-3.081980899999999579e+01 1.219902210104459520e+17
-3.050691799999999887e+01 1.479589714922203520e+17
-3.019402700000000195e+01 1.576171834787860480e+17
-2.988113599999999437e+01 1.448368501505703680e+17
-2.956824499999999389e+01 1.093854513389293440e+17
-2.925535399999999697e+01 5.993594530800311200e+16
-2.894246300000000005e+01 1.561089392721424400e+16
-2.862957199999999247e+01 5.042135648375156000e+15
-2.831668099999999555e+01 6.229398336615190400e+16
-2.800378999999999863e+01 2.196672689909438400e+17
-2.769089900000000171e+01 4.982782771440678400e+17
-2.737800800000000478e+01 8.982149956922800640e+17
-2.706511699999999365e+01 1.390784461051570944e+18
-2.675222599999999673e+01 1.915644020380607744e+18
-2.643933499999999981e+01 2.385271395857410560e+18
-2.612644400000000289e+01 2.698195087289515520e+18
-2.581355299999999175e+01 2.760746187995064832e+18
-2.550066199999999483e+01 2.515033581573453312e+18
-2.518777099999999791e+01 1.968754622753034752e+18
-2.487488000000000099e+01 1.220784945254916352e+18
-2.456198900000000407e+01 4.756982711726435200e+17
-2.424909799999999294e+01 4.081140031974573600e+16
-2.393620699999999601e+01 3.012098121602556160e+17
-2.362331599999999909e+01 1.671416723592135424e+18
-2.331042500000000217e+01 4.526581563967803904e+18
-2.299753399999999104e+01 9.120692855061366784e+18
-2.268464299999999412e+01 1.550360109029324390e+19
-2.237175199999999720e+01 2.345174468900702208e+19
-2.205886100000000027e+01 3.242865854024158413e+19
-2.174597000000000335e+01 4.159007652894988698e+19
-2.143307899999999222e+01 4.984451181018531430e+19
-2.112018799999999530e+01 5.597380484074107699e+19
-2.080729699999999838e+01 5.880987201251173990e+19
-2.049440600000000146e+01 5.745472644893291315e+19
-2.018151499999999032e+01 5.152198161585985946e+19
-1.986862399999999340e+01 4.137078224040393933e+19
-1.955573299999999648e+01 2.829864245716790477e+19
-1.924284199999999956e+01 1.465895332776588288e+19
-1.892995100000000264e+01 3.872489014364465152e+18
-1.861705999999999150e+01 3.101281032567125760e+17
-1.830416899999999458e+01 9.035713871969458176e+18
-1.799127799999999766e+01 3.541250576349626368e+19
-1.767838700000000074e+01 8.459262634433970176e+19
-1.736549599999998961e+01 1.609246382962195169e+20
-1.705260499999999269e+01 2.673281841036763136e+20
-1.673971399999999576e+01 4.046949025591052861e+20
-1.642682299999999884e+01 5.713803188921279447e+20
-1.611393200000000192e+01 7.628512508727429693e+20
-1.580104099999999256e+01 9.715471780676713841e+20
-1.548814999999999564e+01 1.187002248957518938e+21
-1.517525899999999872e+01 1.396257953333621293e+21
-1.486236800000000180e+01 1.584576224555959845e+21
-1.454947699999999067e+01 1.736440448648583578e+21
-1.423658599999999375e+01 1.836809314206880104e+21
-1.392369499999999682e+01 1.872567423229731537e+21
-1.361080399999999990e+01 1.834098740972200133e+21
-1.329791300000000298e+01 1.716895657870636614e+21
-1.298502199999999185e+01 1.523108652989394715e+21
-1.267213099999999493e+01 1.262939826742991782e+21
-1.235923999999999801e+01 9.557879862544444948e+20
-1.204634900000000108e+01 6.310631493820689940e+20
-1.173345799999998995e+01 3.286035218447527444e+20
-1.142056699999999303e+01 9.864712514591054234e+19
-1.110767599999999611e+01 1.332029797694140416e+18
-1.079478499999999919e+01 1.057221932944112353e+20
-1.048189400000000226e+01 4.883788303272171930e+20
-1.016900299999999113e+01 1.231518763353806471e+21
-9.856111999999994211e+00 2.420820196645106352e+21
-9.543220999999997289e+00 4.142951937804392202e+21
-9.230330000000000368e+00 6.482913633709755204e+21
-8.917438999999991012e+00 9.521281746824914272e+21
-8.604547999999994090e+00 1.333145869740017713e+22
-8.291656999999995392e+00 1.797702100827869754e+22
-7.978765999999999359e+00 2.350925679231884906e+22
-7.665875000000002437e+00 2.996497406217383890e+22
-7.352983999999991305e+00 3.736464977669312741e+22
-7.040092999999994383e+00 4.571097598977433299e+22
-6.727201999999997462e+00 5.498784467517584284e+22
-6.414311000000000540e+00 6.515979747907813874e+22
-6.101419999999990296e+00 7.617195145684831122e+22
-5.788528999999993374e+00 8.795039735297817444e+22
-5.475637999999996453e+00 1.004030536535000775e+23
-5.162746999999999531e+00 1.134209478379632025e+23
-4.849855999999988398e+00 1.268798862311222044e+23
-4.536964999999991477e+00 1.406424657435924554e+23
-4.224073999999994555e+00 1.545603746393466339e+23
-3.911182999999997634e+00 1.684769252354389642e+23
-3.598292000000000712e+00 1.822297590164357204e+23
-3.285400999999990024e+00 1.956536638712838766e+23
-2.972509999999993102e+00 2.085834438363126054e+23
-2.659618999999982414e+00 2.208567836369608130e+23
-2.346727999999985492e+00 2.323170532382185001e+23
-2.033836999999988571e+00 2.428160013204914533e+23
-1.720945999999991427e+00 2.522162908894640587e+23
-1.408054999999994505e+00 2.603938349235024974e+23
-1.095163999999997362e+00 2.672398949054166797e+23
-7.822730000000004402e-01 2.726629101523469829e+23
-4.693820000000034076e-01 2.765900309543077722e+23
-1.564910000000064305e-01 2.789683335949921865e+23
1.564000000000176915e-01 2.797657003219399276e+23
4.692910000000146686e-01 2.789713522456685560e+23
7.821820000000117012e-01 2.765960279871587688e+23
1.095073000000008623e+00 2.726718056832864931e+23
1.407964000000005766e+00 2.672515707324011119e+23
1.720855000000002688e+00 2.604081364523306325e+23
2.033745999999999832e+00 2.522330296627611681e+23
2.346636999999996753e+00 2.428349581161643052e+23
2.659527999999993675e+00 2.323379816947423621e+23
2.972419000000017686e+00 2.208794143536635644e+23
3.285310000000014607e+00 2.086074888875235764e+23
3.598201000000011973e+00 1.956788216638614966e+23
3.911092000000008895e+00 1.822557194110328688e+23
4.223983000000005816e+00 1.685033748431555244e+23
4.536874000000002738e+00 1.545870021974306859e+23
4.849764999999999660e+00 1.406689674670199255e+23
5.162655999999996581e+00 1.269059710315803213e+23
5.475546999999993503e+00 1.134463422984177330e+23
5.788438000000017958e+00 1.004275066456328781e+23
6.101329000000014879e+00 8.797368418670515061e+22
6.414220000000011801e+00 7.619387745630162203e+22
6.727111000000008723e+00 6.518020088813458555e+22
7.040002000000005644e+00 5.500659880802842260e+22
7.352893000000002566e+00 4.572799055824735437e+22
7.665783999999999487e+00 3.737987134585023182e+22
7.978674999999997297e+00 2.997838560895361352e+22
8.291565999999994219e+00 2.352087636793736613e+22
8.604457000000017786e+00 1.798689953318774086e+22
8.917348000000014707e+00 1.333967694675209460e+22
9.230239000000011629e+00 9.527946613494393078e+21
9.543130000000008550e+00 6.488153783669602910e+21
9.856021000000005472e+00 4.146912997638795166e+21
1.016891200000000239e+01 2.423659633779062342e+21
1.048180299999999932e+01 1.233400634813980082e+21
1.079469399999999624e+01 4.894685843032950047e+20
1.110758499999999316e+01 1.061817084720222700e+20
1.142047600000001850e+01 1.315069758094296320e+18
1.173336700000001542e+01 9.829536887702619750e+19
1.204625800000001234e+01 3.280433068808629125e+20
1.235914900000000927e+01 6.304030321149073162e+20
1.267204000000000619e+01 9.551171859000587715e+20
1.298493100000000311e+01 1.262327577164899156e+21
1.329782200000000003e+01 1.522604442341160255e+21
1.361071299999999695e+01 1.716530292390634193e+21
1.392360399999999387e+01 1.833886128927545229e+21
1.423649500000001744e+01 1.872506940588854870e+21
1.454938600000001614e+01 1.836888587477265416e+21
1.486227700000001306e+01 1.736638374330775634e+21
1.517516800000000998e+01 1.584866040068899340e+21
1.548805900000000690e+01 1.396610181493258191e+21
1.580095000000000383e+01 1.187387356697215631e+21
1.611384100000000075e+01 9.719378187393910702e+20
1.642673199999999767e+01 7.632239960053969060e+20
1.673962299999999459e+01 5.717168268776511242e+20
1.705251400000001993e+01 4.049825151078476022e+20
1.736540500000001686e+01 2.675599830071675126e+20
1.767829600000001378e+01 1.610990317445663949e+20
1.799118700000001070e+01 8.471256290497468826e+19
1.830407800000000762e+01 3.548443300426217062e+19
1.861696900000000454e+01 9.068406315407736832e+18
1.892986000000000146e+01 3.135056079731628160e+17
1.924275099999999838e+01 3.856532751147034624e+18
1.955564199999999531e+01 1.463280418682906419e+19
1.986853300000001710e+01 2.826993868684315443e+19
2.018142400000001402e+01 4.134526253949557146e+19
2.049431500000001094e+01 5.150335005494652928e+19
2.080720600000000786e+01 5.744474949777227776e+19
2.112009700000000478e+01 5.880865803039619482e+19
2.143298800000000526e+01 5.598020422651603354e+19
2.174587900000000218e+01 4.985657219507725926e+19
2.205876999999999910e+01 4.160549149738689331e+19
2.237166099999999602e+01 3.244515904184709530e+19
2.268455200000001781e+01 2.346739753329109811e+19
2.299744300000001473e+01 1.551699628685414605e+19
2.331033400000001166e+01 9.131018628736176128e+18
2.362322500000000858e+01 4.533600477942750208e+18
2.393611600000000550e+01 1.675366885013255168e+18
2.424900700000000242e+01 3.026607482932880000e+17
2.456189799999999934e+01 4.050480117417644000e+16
2.487478899999999626e+01 4.744000420870263040e+17
2.518767999999999319e+01 1.219168099230596352e+18
2.550057100000001853e+01 1.967323979648641280e+18
2.581346200000001545e+01 2.514094587249506816e+18
2.612635300000001237e+01 2.760412773976029184e+18
2.643924400000000929e+01 2.698426316671786496e+18
2.675213500000000622e+01 2.385924137491265024e+18
2.706502600000000314e+01 1.916529002089728768e+18
2.737791700000000006e+01 1.391715282882471680e+18
2.769080799999999698e+01 8.990432590318675200e+17
2.800369899999999390e+01 4.989120215155968000e+17
2.831659000000001924e+01 2.200735909557604800e+17
2.862948100000001617e+01 6.248943506204076800e+16
2.894237200000001309e+01 5.075946830735965000e+15
2.925526300000001001e+01 1.554621593962329800e+16
2.956815400000000693e+01 5.983341745426603200e+16
2.988104500000000385e+01 1.092918416724157600e+17
3.019393600000000077e+01 1.447797782191655680e+17
3.050682699999999770e+01 1.576053956695835840e+17
3.081971799999999462e+01 1.479865875982855360e+17
3.113260900000001996e+01 1.220429190430994560e+17
3.144550000000001688e+01 8.839223646932683200e+16
3.175839100000001380e+01 5.522707698813944800e+16
3.207128200000001073e+01 2.840071321562744400e+16
3.238417300000000409e+01 1.067407945771909000e+16
3.269706400000000457e+01 1.959327357677580000e+15
3.300995499999999794e+01 2.026477528195079688e+14
3.332284599999999841e+01 2.494247813463005000e+15
3.363573699999999178e+01 6.055283684451089000e+15
3.394862800000002068e+01 8.884574541603397000e+15
3.426151900000001405e+01 9.999636652813208000e+15
3.457441000000001452e+01 9.332749395612496000e+15
3.488730100000000789e+01 7.417013957525226000e+15
3.520019200000000836e+01 5.013895532813391000e+15
3.551308300000000173e+01 2.803911524321194000e+15
3.582597400000000221e+01 1.207100971414771750e+15
3.613886499999999558e+01 3.422765649530909375e+14
3.645175599999999605e+01 9.106556832348764062e+13
3.676464700000001784e+01 2.126887684180119688e+14
3.707753800000001831e+01 4.575630726971065625e+14
3.739042900000001168e+01 6.449718816179938750e+14
3.770332000000001216e+01 6.925231838503522500e+14
3.801621100000000553e+01 6.043420774614941250e+14
3.832910200000000600e+01 4.358551598203463750e+14
3.864199299999999937e+01 2.546828062419951562e+14
3.895488399999999984e+01 1.118928299488395938e+14
3.926777499999999321e+01 2.958932326314693750e+13
3.958066600000002211e+01 3.240957468464291504e+12
3.989355700000001548e+01 1.264063782708119727e+13
4.020644800000001595e+01 3.450529713919946875e+13
4.051933900000000932e+01 5.159979259883921094e+13
4.083223000000000980e+01 5.633080217976557031e+13
4.114512100000000316e+01 4.950853470790800000e+13
4.145801200000000364e+01 3.651348337861639062e+13
4.177090299999999701e+01 2.327075648363717969e+13
4.208379399999999748e+01 1.363185947662389648e+13
4.239668500000001927e+01 8.632655892835007812e+12
4.270957600000001975e+01 7.188881842128262695e+12
4.302246700000001312e+01 7.385360925814021484e+12
4.333535800000001359e+01 7.596245823572516602e+12
4.364824900000000696e+01 7.035100501462930664e+12
4.396114000000000743e+01 5.726352397936561523e+12
4.427403100000000080e+01 4.138700113063774902e+12
4.458692200000000128e+01 2.773626456293390625e+12
4.489981299999999464e+01 1.907945056579237305e+12
4.521270400000001644e+01 1.543649642365705566e+12
4.552559500000001691e+01 1.504702973425724854e+12
4.583848600000001028e+01 1.577651916035831299e+12
4.615137700000001075e+01 1.613745468837885986e+12
4.646426800000000412e+01 1.560893360005015869e+12
4.677715900000000460e+01 1.439345099532400879e+12
4.709005000000000507e+01 1.295908534697739014e+12
4.740294099999999844e+01 1.167430163932951416e+12
4.771583199999999891e+01 1.066922177637809692e+12
4.802872300000002070e+01 9.888822037766961670e+11
4.834161400000001407e+01 9.221916170050946045e+11
4.865450500000001455e+01 8.601304830800129395e+11
4.896739600000000792e+01 8.031495976593825684e+11
4.928028700000000839e+01 7.558919826458522949e+11
4.959317800000000176e+01 7.225534696751484375e+11
4.990606900000000223e+01 7.039431563336640625e+11
5.021895999999999560e+01 6.973048313374461670e+11
5.053185099999999608e+01 6.980015083994001465e+11
5.084474200000001787e+01 7.015005210820943604e+11
5.115763300000001834e+01 7.045694462267075195e+11
5.147052400000001171e+01 7.054673133158508301e+11
5.178341500000001218e+01 7.035285797565194092e+11
5.209630600000000555e+01 6.986533380640366211e+11
5.240919700000000603e+01 6.909903876858952637e+11
5.272208799999999940e+01 6.808212927961445312e+11
5.303497899999999987e+01 6.685180689099466553e+11
5.334786999999999324e+01 6.544735080052244873e+11
5.366076100000002214e+01 6.389968865225447998e+11
5.397365200000001551e+01 6.222301284515482178e+11
5.428654300000001598e+01 6.041347412028739014e+11
5.459943400000000935e+01 5.845540184024633789e+11
5.491232500000000982e+01 5.633137003077017822e+11
5.522521600000000319e+01 5.403139093176304932e+11
5.553810700000000367e+01 5.155823341192755737e+11
5.585099799999999703e+01 4.892838004895097046e+11
5.616388899999999751e+01 4.616980207356403198e+11
5.647678000000001930e+01 4.331812533769623413e+11
5.678967100000001977e+01 4.041240296404540405e+11
5.710256200000001314e+01 3.749126109457691650e+11
5.741545300000001362e+01 3.458991893868786011e+11
5.772834400000000699e+01 3.173840939922294922e+11
5.804123500000000746e+01 2.896108249724562378e+11
5.835412600000000083e+01 2.627715871383100586e+11
5.866701700000000130e+01 2.370185379093959656e+11
5.897990799999999467e+01 2.124754869017626038e+11
5.929279900000002357e+01 1.892463032247351685e+11
5.960569000000001694e+01 1.674186995004306641e+11
5.991858100000001741e+01 1.470640924219038391e+11
6.023147200000001078e+01 1.282352385728198090e+11
6.054436300000001125e+01 1.109634020099949036e+11
6.085725400000000462e+01 9.525636435012738037e+10
6.117014500000000510e+01 8.109800843356752014e+10
6.148303599999999847e+01 6.844965900174610138e+10
6.179592699999999894e+01 5.725290501558629608e+10
6.210881800000002073e+01 4.743331850633822632e+10
6.242170900000001410e+01 3.890439214749666595e+10
6.273460000000001457e+01 3.157115087098767853e+10
6.304749100000000794e+01 2.533316649394622040e+10
6.336038200000000842e+01 2.008698149532542038e+10
6.367327300000000179e+01 1.572811939844585991e+10
6.398616400000000226e+01 1.215289207608515167e+10
6.429905499999999563e+01 9.260144866701416016e+09
6.461194600000000321e+01 6.952971715053821564e+09
6.492483700000002500e+01 5.140337236385176659e+09
6.523772800000001837e+01 3.738488762344822884e+09
6.555061900000001174e+01 2.672035812606746197e+09
6.586351000000000511e+01 1.874609402022381783e+09
6.617640100000001269e+01 1.289072154020853996e+09
6.648929200000000606e+01 8.673112676276594400e+08
6.680218299999999942e+01 5.696919825649973154e+08
6.711507399999999279e+01 3.642707018371108770e+08
6.742796500000000037e+01 2.258664543523573577e+08
6.774085600000002216e+01 1.350754427000743449e+08
6.805374700000001553e+01 7.729484933446495235e+07
6.836663800000000890e+01 4.180417203725840896e+07
6.867952900000001648e+01 2.093676765687906742e+07
6.899242000000000985e+01 9.360879201386826113e+06
6.930531100000000322e+01 3.477981618498120457e+06
6.961820199999999659e+01 9.369513794825781370e+05
6.993109300000000417e+01 2.555760367470634228e+05
7.024398399999999754e+01 5.363033940512747504e+05
7.055687500000001933e+01 1.260696673213051166e+06
7.086976600000001270e+01 2.146498339307333343e+06
7.118265700000002028e+01 3.052121498173174914e+06
7.149554800000001364e+01 3.915330595528455917e+06
7.180843900000000701e+01 4.715368597297095694e+06
7.212133000000000038e+01 5.450413036323835142e+06
7.243422100000000796e+01 6.124673557008728385e+06
7.274711200000000133e+01 6.741457632950251922e+06
7.306000299999999470e+01 7.300006025595924817e+06
7.337289400000001649e+01 7.794818612163715996e+06
7.368578500000002407e+01 8.216647136137912981e+06
7.399867600000001744e+01 8.554494143900509924e+06
7.431156700000001081e+01 8.798007987622335553e+06
7.462445800000000418e+01 8.939730636205974966e+06
7.493734900000001176e+01 8.976786772197382525e+06
7.525024000000000513e+01 8.911783419615898281e+06
7.556313099999999849e+01 8.752874951057475060e+06
7.587602199999999186e+01 8.513098370654439554e+06
7.618891300000002786e+01 8.209177633014102466e+06
7.650180400000002123e+01 7.860033168833101168e+06
7.681469500000001460e+01 7.485225854846499860e+06
7.712758600000000797e+01 7.103528456176816486e+06
7.744047700000001555e+01 6.731764272670906037e+06
7.775336800000000892e+01 6.383990972901157103e+06
7.806625900000000229e+01 6.071044954312814400e+06
7.837914999999999566e+01 5.800406507442435250e+06
7.869204100000000324e+01 5.576307311092677526e+06
7.900493200000002503e+01 5.399985522786245681e+06
7.931782300000001840e+01 5.270000985210824758e+06
7.963071400000001177e+01 5.182549125231496058e+06
7.994360500000000513e+01 5.131748083221958950e+06
8.025649600000001271e+01 5.109909109742024913e+06
8.056938700000000608e+01 5.107826093115284108e+06
8.088227799999999945e+01 5.115130080340255052e+06
8.119516900000000703e+01 5.120746781786710024e+06
8.150806000000000040e+01 5.113471656137698330e+06
8.182095100000002219e+01 5.082644478577496484e+06
8.213384200000001556e+01 5.018871993628350087e+06
8.244673300000000893e+01 4.914722319086167030e+06
8.275962400000001651e+01 4.765305002273614518e+06
8.307251500000000988e+01 4.568658759178930894e+06
8.338540600000000325e+01 4.325892972497052513e+06
8.369829699999999661e+01 4.041063183250070550e+06
8.401118800000000419e+01 3.720797419394503348e+06
8.432407899999999756e+01 3.373721970001470763e+06
8.463697000000001935e+01 3.009756921125452034e+06
8.494986100000001272e+01 2.639361059073451441e+06
8.526275200000002030e+01 2.272802981712118257e+06
8.557564300000001367e+01 1.919522814120296855e+06
8.588853400000000704e+01 1.587630275452128146e+06
8.620142500000000041e+01 1.283563719779653009e+06
8.651431600000000799e+01 1.011914513761215960e+06
8.682720700000000136e+01 7.754042377722181845e+05
8.714009799999999473e+01 5.749901893804699648e+05
8.745298900000001652e+01 4.100679635724991094e+05
8.776588000000002410e+01 2.787380300315316999e+05
8.807877100000001747e+01 1.781051730371071608e+05
8.839166200000001083e+01 1.045840944651413593e+05
8.870455300000000420e+01 5.419014113877881755e+04
8.901744400000001178e+01 2.279999462619557016e+04
8.933033500000000515e+01 6.372586135114356694e+03
8.964322599999999852e+01 1.125128030731009176e+03
8.995611699999999189e+01 3.662888268096343381e+03
9.026900800000002789e+01 1.106422216503291747e+04
9.058189900000002126e+01 2.092452609788067639e+04
9.089479000000001463e+01 3.136430430461951255e+04
9.120768100000000800e+01 4.100753703731416317e+04
9.152057200000001558e+01 4.893707421717313991e+04
9.183346300000000895e+01 5.463390248895345576e+04
9.214635400000000232e+01 5.790688560766085720e+04
9.245924499999999568e+01 5.881900186632807163e+04
9.277213600000000326e+01 5.761525354368498665e+04
9.308502700000002505e+01 5.465637511714525317e+04
9.339791800000001842e+01 5.036130802115846018e+04
9.371080900000001179e+01 4.516023675500209356e+04
9.402370000000001937e+01 3.945888692679291853e+04
9.433659100000001274e+01 3.361384686588917248e+04
9.464948200000000611e+01 2.791794193738520335e+04
9.496237299999999948e+01 2.259418720580147055e+04
9.527526400000000706e+01 1.779656539109399819e+04
9.558815500000000043e+01 1.361579800118630556e+04
9.590104600000002222e+01 1.008835972575983942e+04
9.621393700000001559e+01 7.207185246009318689e+03
9.652682800000000896e+01 4.932789351885060569e+03
9.683971900000001654e+01 3.203825973773256010e+03
9.715261000000000990e+01 1.946416701015906256e+03
9.746550100000000327e+01 1.081859883244642333e+03
9.777839199999999664e+01 5.325707702011493438e+02
9.809128300000000422e+01 2.262917768901432396e+02
9.840417399999999759e+01 9.874655665174864794e+01
9.871706500000001938e+01 9.499397915286827754e+01
9.902995600000001275e+01 1.697742108119982731e+02
9.934284700000002033e+01 2.871376367144605410e+02
9.965573800000001370e+01 4.196186219031121709e+02
9.996862900000000707e+01 5.471705865298044955e+02
1.002815200000000004e+02 6.560261339151951461e+02
1.005944110000000080e+02 7.375937421592317378e+02
1.009073020000000014e+02 7.874562941996863401e+02
1.012201929999999948e+02 8.044996712507530674e+02
1.015330840000000165e+02 7.901729433189449310e+02
1.018459750000000241e+02 7.478650662811915026e+02
1.021588660000000175e+02 6.823751154215403858e+02
1.024717570000000109e+02 5.994520802339409329e+02
1.027846480000000042e+02 5.053841106713406361e+02
1.030975390000000118e+02 4.066238170011991429e+02
1.034104300000000052e+02 3.094439813275183724e+02
1.037233209999999985e+02 2.196253674398587066e+02
1.040362119999999919e+02 1.421840217303146687e+02
1.043491030000000279e+02 8.114879113659210930e+01
1.046619940000000213e+02 3.940041601802877835e+01
1.049748850000000147e+02 1.858151874325968578e+01
1.052877760000000080e+02 1.908258186285545221e+01
1.056006670000000156e+02 4.010334304608408473e+01
1.059135580000000090e+02 7.978284654674699539e+01
1.062264490000000023e+02 1.353856930072355169e+02
1.065393399999999957e+02 2.035276520853994384e+02
1.068522310000000033e+02 2.804213613439739561e+02
1.071651220000000251e+02 3.621226039788733715e+02
1.074780130000000185e+02 4.447594961806829019e+02
1.077909040000000118e+02 5.247304464159191184e+02
1.081037950000000194e+02 5.988613012124279749e+02
1.084166860000000128e+02 6.645169243379843920e+02
1.087295770000000061e+02 7.196669844453746236e+02
1.090424679999999995e+02 7.629093708580160182e+02
1.093553590000000071e+02 7.934571636812263478e+02
1.096682500000000005e+02 8.110964831943746276e+02
1.099811410000000222e+02 8.161228634670990232e+02
1.102940320000000156e+02 8.092633812918710419e+02
1.106069230000000232e+02 7.915909418487423181e+02
1.109198140000000166e+02 7.644360231735752222e+02
1.112327050000000099e+02 7.293001614149382021e+02
1.115455960000000033e+02 6.877745772839016354e+02
1.118584870000000109e+02 6.414665234005918819e+02
1.121713780000000042e+02 5.919353164546049584e+02
1.124842689999999976e+02 5.406394460351951921e+02
1.127971600000000194e+02 4.888955500365000262e+02
1.131100510000000128e+02 4.378495274898233447e+02
1.134229420000000204e+02 3.884594613372126446e+02
1.137358330000000137e+02 3.414894537874993148e+02
1.140487240000000071e+02 2.975130586905087853e+02
1.143616150000000005e+02 2.569245953150830815e+02
1.146745060000000080e+02 2.199564097573494621e+02
1.149873970000000014e+02 1.867001319947685829e+02
1.153002880000000232e+02 1.571300359565080669e+02
1.156131790000000166e+02 1.311268535344936481e+02
1.159260700000000242e+02 1.085007041112123289e+02
1.162389610000000175e+02 8.901211187012839332e+01
1.165518520000000109e+02 7.239046908128109692e+01
1.168647430000000043e+02 5.834961034848461026e+01
1.171776340000000118e+02 4.660040638641731903e+01
1.174905250000000052e+02 3.686051702981895772e+01
1.178034159999999986e+02 2.886156275028019991e+01
1.181163070000000204e+02 2.235405489359747477e+01
1.184291980000000279e+02 1.711046887401496974e+01
1.187420890000000213e+02 1.292681872514439156e+01
1.190549800000000147e+02 9.623079920031404555e+00
1.193678709999999796e+02 7.042767324542433371e+00
1.196807620000000441e+02 5.051911165471840270e+00
1.199936530000000374e+02 3.537637316128906306e+00
1.203065440000000308e+02 2.406501129842629094e+00
1.206194350000000242e+02 1.582668180924134749e+00
1.209323260000000317e+02 1.005988676945257065e+00
1.212452170000000251e+02 6.299548304818107791e-01
1.215581080000000185e+02 4.194962757966024802e-01
1.218709990000000118e+02 3.485572376777652526e-01
1.221838900000000194e+02 3.974227124060391581e-01
1.224967810000000128e+02 5.498436559482184904e-01
1.228096720000000062e+02 7.901373646122646921e-01
1.231225629999999995e+02 1.100579311553058881e+00
1.234354540000000071e+02 1.459509572408184352e+00
1.237483450000000005e+02 1.840594608054389791e+00
1.240612359999999939e+02 2.213556346912621819e+00
1.243741269999999872e+02 2.546409476354295265e+00
1.246870179999999948e+02 2.808888185734581100e+00
1.249999089999999882e+02 2.976386348482759292e+00
