-2.714144287109375000e+02 6.748589260800000000e+11
-2.710377502441406250e+02 6.863891988480000000e+11
-2.706610717773437500e+02 6.791057244160000000e+11
-2.702843933105468750e+02 6.809297223680000000e+11
-2.699077148437500000e+02 6.819163013120000000e+11
-2.695310363769531250e+02 6.758649036800000000e+11
-2.691543579101562500e+02 6.873643745280000000e+11
-2.687776794433593750e+02 6.867641958400000000e+11
-2.684010009765625000e+02 6.781319905280000000e+11
-2.680243225097656250e+02 6.809792675840000000e+11
-2.676476135253906250e+02 6.875873935360000000e+11
-2.672709350585937500e+02 6.798996275200000000e+11
-2.668942565917968750e+02 6.798079426560000000e+11
-2.665175781250000000e+02 6.833284055040000000e+11
-2.661408996582031250e+02 6.776235622400000000e+11
-2.657642211914062500e+02 6.781331046400000000e+11
-2.653875427246093750e+02 6.761554903040000000e+11
-2.650108642578125000e+02 6.804434452480000000e+11
-2.646341857910156250e+02 6.718760550400000000e+11
-2.642575073242187500e+02 6.872565678080000000e+11
-2.638808288574218750e+02 6.666416947200000000e+11
-2.635041503906250000e+02 6.854549831680000000e+11
-2.631274719238281250e+02 6.843103969280000000e+11
-2.627507934570312500e+02 6.836898365440000000e+11
-2.623741149902343750e+02 6.912125829120000000e+11
-2.619974365234375000e+02 6.921952296960000000e+11
-2.616207580566406250e+02 6.860678103040000000e+11
-2.612440795898437500e+02 6.727260569600000000e+11
-2.608674011230468750e+02 6.941539696640000000e+11
-2.604907226562500000e+02 6.793239592960000000e+11
-2.601140136718750000e+02 6.872002068480000000e+11
-2.597373352050781250e+02 6.834259230720000000e+11
-2.593606567382812500e+02 6.895424634880000000e+11
-2.589839782714843750e+02 6.925039042560000000e+11
-2.586072998046875000e+02 6.915878420480000000e+11
-2.582306213378906250e+02 6.848206602240000000e+11
-2.578539428710937500e+02 6.798156103680000000e+11
-2.574772644042968750e+02 6.979791093760000000e+11
-2.571005859375000000e+02 6.935862968320000000e+11
-2.567239074707031250e+02 7.029065646080000000e+11
-2.563472290039062500e+02 6.903825039360000000e+11
-2.559705505371093750e+02 6.891601264640000000e+11
-2.555938720703125000e+02 6.891687116800000000e+11
-2.552171936035156250e+02 6.937711083520000000e+11
-2.548405151367187500e+02 7.011376168960000000e+11
-2.544638214111328125e+02 6.902127001600000000e+11
-2.540871429443359375e+02 6.981875793920000000e+11
-2.537104644775390625e+02 7.043058237440000000e+11
-2.533337860107421875e+02 7.055263662080000000e+11
-2.529571075439453125e+02 6.911331532800000000e+11
-2.525804290771484375e+02 7.116897648640000000e+11
-2.522037506103515625e+02 7.122958417920000000e+11
-2.518270721435546875e+02 7.108457922560000000e+11
-2.514503784179687500e+02 7.091869450240000000e+11
-2.510736999511718750e+02 7.004357263360000000e+11
-2.506970214843750000e+02 7.073598668800000000e+11
-2.503203430175781250e+02 7.063947182080000000e+11
-2.499436645507812500e+02 7.116366151680000000e+11
-2.495669860839843750e+02 7.166861639680000000e+11
-2.491903076171875000e+02 7.162252492800000000e+11
-2.488136291503906250e+02 7.138564505600000000e+11
-2.484369506835937500e+02 7.172636016640000000e+11
-2.480602722167968750e+02 7.178629283840000000e+11
-2.476835937500000000e+02 7.220374405120000000e+11
-2.473069000244140625e+02 7.282281021440000000e+11
-2.469302215576171875e+02 7.275733975040000000e+11
-2.465535430908203125e+02 7.276434554880000000e+11
-2.461768646240234375e+02 7.383117987840000000e+11
-2.458001861572265625e+02 7.243070832640000000e+11
-2.454235076904296875e+02 7.358393876480000000e+11
-2.450468292236328125e+02 7.311137177600000000e+11
-2.446701507568359375e+02 7.298151874560000000e+11
-2.442934570312500000e+02 7.380840611840000000e+11
-2.439167785644531250e+02 7.348350484480000000e+11
-2.435401000976562500e+02 7.431408189440000000e+11
-2.431634216308593750e+02 7.423841402880000000e+11
-2.427867431640625000e+02 7.458988359680000000e+11
-2.424100646972656250e+02 7.582510612480000000e+11
-2.420333862304687500e+02 7.510949888000000000e+11
-2.416567077636718750e+02 7.591962869760000000e+11
-2.412800292968750000e+02 7.538623119360000000e+11
-2.409033508300781250e+02 7.480067358720000000e+11
-2.405266723632812500e+02 7.506041896960000000e+11
-2.401499786376953125e+02 7.467732828160000000e+11
-2.397733001708984375e+02 7.609369886720000000e+11
-2.393966217041015625e+02 7.655614709760000000e+11
-2.390199432373046875e+02 7.529566044160000000e+11
-2.386432647705078125e+02 7.684727111680000000e+11
-2.382665863037109375e+02 7.647612108800000000e+11
-2.378899078369140625e+02 7.664286433280000000e+11
-2.375132293701171875e+02 7.610354237440000000e+11
-2.371365356445312500e+02 7.682587361280000000e+11
-2.367598571777343750e+02 7.690057154560000000e+11
-2.363831787109375000e+02 7.737309921280000000e+11
-2.360065002441406250e+02 7.662755512320000000e+11
-2.356298217773437500e+02 7.746731376640000000e+11
-2.352531433105468750e+02 7.960943001600000000e+11
-2.348764648437500000e+02 7.792892313600000000e+11
-2.344997863769531250e+02 7.873786675200000000e+11
-2.341231079101562500e+02 8.050074583040000000e+11
-2.337464294433593750e+02 7.891704217600000000e+11
-2.333697509765625000e+02 7.927815864320000000e+11
-2.329930725097656250e+02 8.103221657600000000e+11
-2.326163787841796875e+02 8.032238960640000000e+11
-2.322397003173828125e+02 7.995249786880000000e+11
-2.318630218505859375e+02 8.033841971200000000e+11
-2.314863433837890625e+02 8.006560645120000000e+11
-2.311096649169921875e+02 8.049482792960000000e+11
-2.307329864501953125e+02 7.993201131520000000e+11
-2.303563079833984375e+02 8.255137382400000000e+11
-2.299796142578125000e+02 8.218725580800000000e+11
-2.296029357910156250e+02 8.241349918720000000e+11
-2.292262573242187500e+02 8.244982579200000000e+11
-2.288495788574218750e+02 8.130965667840000000e+11
-2.284729003906250000e+02 8.311121510400000000e+11
-2.280962219238281250e+02 8.214469017600000000e+11
-2.277195434570312500e+02 8.270357463040000000e+11
-2.273428649902343750e+02 8.405341962240000000e+11
-2.269661865234375000e+02 8.298851860480000000e+11
-2.265895080566406250e+02 8.326705971200000000e+11
-2.262128295898437500e+02 8.529678827520000000e+11
-2.258361511230468750e+02 8.480343326720000000e+11
-2.254594573974609375e+02 8.409416335360000000e+11
-2.250827789306640625e+02 8.668583690240000000e+11
-2.247061004638671875e+02 8.631023042560000000e+11
-2.243294219970703125e+02 8.404871413760000000e+11
-2.239527435302734375e+02 8.545425817600000000e+11
-2.235760650634765625e+02 8.720200499200000000e+11
-2.231993865966796875e+02 8.603294105600000000e+11
-2.228227081298828125e+02 8.651255316480000000e+11
-2.224460144042968750e+02 8.789712568320000000e+11
-2.220693359375000000e+02 8.628284948480000000e+11
-2.216926574707031250e+02 8.776550318080000000e+11
-2.213159790039062500e+02 8.819444285440000000e+11
-2.209393005371093750e+02 8.827786362880000000e+11
-2.205626220703125000e+02 8.792514232320000000e+11
-2.201859436035156250e+02 8.899368714240000000e+11
-2.198092651367187500e+02 8.934649364480000000e+11
-2.194325866699218750e+02 8.853507276800000000e+11
-2.190559082031250000e+02 9.080472207360000000e+11
-2.186792297363281250e+02 8.874196336640000000e+11
-2.183025512695312500e+02 9.011788513280000000e+11
-2.179258575439453125e+02 9.013556019200000000e+11
-2.175491790771484375e+02 9.002120642560000000e+11
-2.171725006103515625e+02 9.101146849280000000e+11
-2.167958221435546875e+02 9.232878141440000000e+11
-2.164191436767578125e+02 9.161400647680000000e+11
-2.160424652099609375e+02 9.283485040640000000e+11
-2.156657867431640625e+02 9.308679045120000000e+11
-2.152890930175781250e+02 9.397174927360000000e+11
-2.149124145507812500e+02 9.447823114240000000e+11
-2.145357360839843750e+02 9.401729024000000000e+11
-2.141590576171875000e+02 9.471091671040000000e+11
-2.137823791503906250e+02 9.450105733120000000e+11
-2.134057006835937500e+02 9.578332160000000000e+11
-2.130290222167968750e+02 9.560870748160000000e+11
-2.126523437500000000e+02 9.685832171520000000e+11
-2.122756652832031250e+02 9.664194805760000000e+11
-2.118989868164062500e+02 9.608858828800000000e+11
-2.115223083496093750e+02 9.648607068160000000e+11
-2.111456298828125000e+02 9.777861754880000000e+11
-2.107689361572265625e+02 9.942551756800000000e+11
-2.103922576904296875e+02 9.745088512000000000e+11
-2.100155792236328125e+02 9.856262471680000000e+11
-2.096389007568359375e+02 9.819194654720000000e+11
-2.092622222900390625e+02 9.900587089920000000e+11
-2.088855438232421875e+02 1.009247059968000000e+12
-2.085088653564453125e+02 9.961808855040000000e+11
-2.081321716308593750e+02 9.967803432960000000e+11
-2.077554931640625000e+02 1.008138452992000000e+12
-2.073788146972656250e+02 1.014447996928000000e+12
-2.070021362304687500e+02 1.021873160192000000e+12
-2.066254577636718750e+02 1.025758986240000000e+12
-2.062487792968750000e+02 1.034106568704000000e+12
-2.058721008300781250e+02 1.027622567936000000e+12
-2.054954223632812500e+02 1.058208415744000000e+12
-2.051187438964843750e+02 1.049466306560000000e+12
-2.047420654296875000e+02 1.040170811392000000e+12
-2.043653869628906250e+02 1.049506021376000000e+12
-2.039887084960937500e+02 1.054335893504000000e+12
-2.036120300292968750e+02 1.046365995008000000e+12
-2.032353515625000000e+02 1.059332423680000000e+12
-2.028586578369140625e+02 1.063140720640000000e+12
-2.024819793701171875e+02 1.073005133824000000e+12
-2.021053009033203125e+02 1.082234896384000000e+12
-2.017286224365234375e+02 1.076650246144000000e+12
-2.013519287109375000e+02 1.076270596096000000e+12
-2.009752502441406250e+02 1.087336808448000000e+12
-2.005985717773437500e+02 1.093598052352000000e+12
-2.002218933105468750e+02 1.094003982336000000e+12
-1.998452148437500000e+02 1.106651381760000000e+12
-1.994685363769531250e+02 1.103298691072000000e+12
-1.990918579101562500e+02 1.107600211968000000e+12
-1.987151794433593750e+02 1.122022326272000000e+12
-1.983385009765625000e+02 1.116711026688000000e+12
-1.979618225097656250e+02 1.134030618624000000e+12
-1.975851440429687500e+02 1.136593731584000000e+12
-1.972084655761718750e+02 1.140368998400000000e+12
-1.968317871093750000e+02 1.143706091520000000e+12
-1.964551086425781250e+02 1.135889481728000000e+12
-1.960784301757812500e+02 1.144873943040000000e+12
-1.957017364501953125e+02 1.148587868160000000e+12
-1.953250579833984375e+02 1.172398145536000000e+12
-1.949483795166015625e+02 1.164411404288000000e+12
-1.945717010498046875e+02 1.170099404800000000e+12
-1.941950225830078125e+02 1.180959899648000000e+12
-1.938183288574218750e+02 1.189886689280000000e+12
-1.934416503906250000e+02 1.194171301888000000e+12
-1.930649719238281250e+02 1.206343827456000000e+12
-1.926882934570312500e+02 1.210218577920000000e+12
-1.923116149902343750e+02 1.200533405696000000e+12
-1.919349365234375000e+02 1.216527597568000000e+12
-1.915582580566406250e+02 1.224618278912000000e+12
-1.911815795898437500e+02 1.226138845184000000e+12
-1.908049011230468750e+02 1.224772288512000000e+12
-1.904282226562500000e+02 1.235883917312000000e+12
-1.900515441894531250e+02 1.245014523904000000e+12
-1.896748657226562500e+02 1.251458285568000000e+12
-1.892981872558593750e+02 1.251197059072000000e+12
-1.889215087890625000e+02 1.271836442624000000e+12
-1.885448150634765625e+02 1.281653997568000000e+12
-1.881681365966796875e+02 1.292132679680000000e+12
-1.877914581298828125e+02 1.282459041792000000e+12
-1.874147796630859375e+02 1.289977331712000000e+12
-1.870381011962890625e+02 1.302797352960000000e+12
-1.866614074707031250e+02 1.305423904768000000e+12
-1.862847290039062500e+02 1.321909747712000000e+12
-1.859080505371093750e+02 1.326621261824000000e+12
-1.855313720703125000e+02 1.341058318336000000e+12
-1.851546936035156250e+02 1.338257178624000000e+12
-1.847780151367187500e+02 1.345685684224000000e+12
-1.844013366699218750e+02 1.357912080384000000e+12
-1.840246582031250000e+02 1.376623788032000000e+12
-1.836479797363281250e+02 1.391609643008000000e+12
-1.832713012695312500e+02 1.397442871296000000e+12
-1.828946228027343750e+02 1.392950116352000000e+12
-1.825179443359375000e+02 1.399158210560000000e+12
-1.821412658691406250e+02 1.420536315904000000e+12
-1.817645874023437500e+02 1.438008606720000000e+12
-1.813879089355468750e+02 1.443838820352000000e+12
-1.810112152099609375e+02 1.442770452480000000e+12
-1.806345367431640625e+02 1.457839407104000000e+12
-1.802578582763671875e+02 1.470898372608000000e+12
-1.798811798095703125e+02 1.486044135424000000e+12
-1.795044860839843750e+02 1.484679020544000000e+12
-1.791278076171875000e+02 1.515277778944000000e+12
-1.787511291503906250e+02 1.514258694144000000e+12
-1.783744506835937500e+02 1.557859926016000000e+12
-1.779977722167968750e+02 1.561791823872000000e+12
-1.776210937500000000e+02 1.559797694464000000e+12
-1.772444152832031250e+02 1.580356599808000000e+12
-1.768677368164062500e+02 1.584910172160000000e+12
-1.764910583496093750e+02 1.601192460288000000e+12
-1.761143798828125000e+02 1.619593134080000000e+12
-1.757377014160156250e+02 1.638161580032000000e+12
-1.753610229492187500e+02 1.653722972160000000e+12
-1.749843444824218750e+02 1.693334372352000000e+12
-1.746076660156250000e+02 1.691106541568000000e+12
-1.742309875488281250e+02 1.713531781120000000e+12
-1.738542938232421875e+02 1.737720201216000000e+12
-1.734776153564453125e+02 1.752800034816000000e+12
-1.731009368896484375e+02 1.784434655232000000e+12
-1.727242584228515625e+02 1.814458793984000000e+12
-1.723475799560546875e+02 1.829255512064000000e+12
-1.719708862304687500e+02 1.834235068416000000e+12
-1.715942077636718750e+02 1.885525114880000000e+12
-1.712175292968750000e+02 1.901062127616000000e+12
-1.708408508300781250e+02 1.931682381824000000e+12
-1.704641723632812500e+02 1.961948348416000000e+12
-1.700874938964843750e+02 1.994784636928000000e+12
-1.697108154296875000e+02 2.032800235520000000e+12
-1.693341369628906250e+02 2.039312941056000000e+12
-1.689574584960937500e+02 2.085261934592000000e+12
-1.685807800292968750e+02 2.138484113408000000e+12
-1.682041015625000000e+02 2.181422645248000000e+12
-1.678274230957031250e+02 2.196036255744000000e+12
-1.674507446289062500e+02 2.259076251648000000e+12
-1.670740661621093750e+02 2.297490571264000000e+12
-1.666973724365234375e+02 2.353106780160000000e+12
-1.663206939697265625e+02 2.406752190464000000e+12
-1.659440155029296875e+02 2.452701315072000000e+12
-1.655673370361328125e+02 2.497108508672000000e+12
-1.651906585693359375e+02 2.568625324032000000e+12
-1.648139648437500000e+02 2.622736564224000000e+12
-1.644372863769531250e+02 2.698250027008000000e+12
-1.640606079101562500e+02 2.754896723968000000e+12
-1.636839294433593750e+02 2.833329160192000000e+12
-1.633072509765625000e+02 2.906180026368000000e+12
-1.629305725097656250e+02 2.976614449152000000e+12
-1.625538940429687500e+02 3.064822235136000000e+12
-1.621772155761718750e+02 3.147048157184000000e+12
-1.618005371093750000e+02 3.242616946688000000e+12
-1.614238586425781250e+02 3.343618146304000000e+12
-1.610471801757812500e+02 3.451967766528000000e+12
-1.606705017089843750e+02 3.539426607104000000e+12
-1.602938232421875000e+02 3.670408691712000000e+12
-1.599171447753906250e+02 3.790113865728000000e+12
-1.595404663085937500e+02 3.919789686784000000e+12
-1.591637725830078125e+02 4.056365662208000000e+12
-1.587870941162109375e+02 4.200161607680000000e+12
-1.584104156494140625e+02 4.366753333248000000e+12
-1.580337371826171875e+02 4.513725939712000000e+12
-1.576570434570312500e+02 4.683853201408000000e+12
-1.572803649902343750e+02 4.857430802432000000e+12
-1.569036865234375000e+02 5.051287863296000000e+12
-1.565270080566406250e+02 5.244036055040000000e+12
-1.561503295898437500e+02 5.471077924864000000e+12
-1.557736511230468750e+02 5.672328495104000000e+12
-1.553969726562500000e+02 5.914661224448000000e+12
-1.550202941894531250e+02 6.152651800576000000e+12
-1.546436157226562500e+02 6.428664791040000000e+12
-1.542669372558593750e+02 6.693750571008000000e+12
-1.538902587890625000e+02 6.977135050752000000e+12
-1.535135803222656250e+02 7.286612295680000000e+12
-1.531369018554687500e+02 7.599043903488000000e+12
-1.527602233886718750e+02 7.951127937024000000e+12
-1.523835449218750000e+02 8.312117526528000000e+12
-1.520068511962890625e+02 8.693193113600000000e+12
-1.516301727294921875e+02 9.096725004288000000e+12
-1.512534942626953125e+02 9.536090931200000000e+12
-1.508768157958984375e+02 9.984977928192000000e+12
-1.505001373291015625e+02 1.045206820454400000e+13
-1.501234436035156250e+02 1.094962066227200000e+13
-1.497467651367187500e+02 1.146662525337600000e+13
-1.493700866699218750e+02 1.202905415680000000e+13
-1.489934082031250000e+02 1.261922942976000000e+13
-1.486167297363281250e+02 1.322917455462400000e+13
-1.482400512695312500e+02 1.389182425497600000e+13
-1.478633728027343750e+02 1.459800244224000000e+13
-1.474866943359375000e+02 1.531110018252800000e+13
-1.471100158691406250e+02 1.607098538393600000e+13
-1.467333374023437500e+02 1.687958637772800000e+13
-1.463566589355468750e+02 1.774896073932800000e+13
-1.459799804687500000e+02 1.864427687116800000e+13
-1.456033020019531250e+02 1.960393782067200000e+13
-1.452266235351562500e+02 2.060513496268800000e+13
-1.448499298095703125e+02 2.164457157427200000e+13
-1.444732513427734375e+02 2.277752019353600000e+13
-1.440965728759765625e+02 2.395214970880000000e+13
-1.437198944091796875e+02 2.517093475942400000e+13
-1.433432159423828125e+02 2.648888783667200000e+13
-1.429665374755859375e+02 2.787729683251200000e+13
-1.425898590087890625e+02 2.932367949824000000e+13
-1.422131652832031250e+02 3.082560313753600000e+13
-1.418364868164062500e+02 3.244005156454400000e+13
-1.414598083496093750e+02 3.413952901939200000e+13
-1.410831298828125000e+02 3.593839470182400000e+13
-1.407064514160156250e+02 3.779845527961600000e+13
-1.403297729492187500e+02 3.979565282099200000e+13
-1.399530944824218750e+02 4.187114124083200000e+13
-1.395764160156250000e+02 4.406011494400000000e+13
-1.391997375488281250e+02 4.638199775232000000e+13
-1.388230590820312500e+02 4.881323445452800000e+13
-1.384463653564453125e+02 5.136365649920000000e+13
-1.380696868896484375e+02 5.406040942182400000e+13
-1.376930084228515625e+02 5.688592328294400000e+13
-1.373163299560546875e+02 5.988538751385600000e+13
-1.369396514892578125e+02 6.300221675929600000e+13
-1.365629730224609375e+02 6.630755480371200000e+13
-1.361862945556640625e+02 6.977142495641600000e+13
-1.358096160888671875e+02 7.341017661440000000e+13
-1.354329376220703125e+02 7.724135455129600000e+13
-1.350562591552734375e+02 8.127371647385600000e+13
-1.346795654296875000e+02 8.549692761702400000e+13
-1.343028869628906250e+02 8.996054787686400000e+13
-1.339262084960937500e+02 9.463837963059200000e+13
-1.335495300292968750e+02 9.952858577305600000e+13
-1.331728515625000000e+02 1.046989127024640000e+14
-1.327961730957031250e+02 1.101134823424000000e+14
-1.324194946289062500e+02 1.158152611430400000e+14
-1.320428161621093750e+02 1.217899381391360000e+14
-1.316661376953125000e+02 1.280741044387840000e+14
-1.312894439697265625e+02 1.346666527457280000e+14
-1.309127655029296875e+02 1.415772551249920000e+14
-1.305360870361328125e+02 1.488360518451200000e+14
-1.301594085693359375e+02 1.564406269870080000e+14
-1.297827301025390625e+02 1.644218338508800000e+14
-1.294060516357421875e+02 1.728138979573760000e+14
-1.290293731689453125e+02 1.816229597675520000e+14
-1.286526947021484375e+02 1.908180653178880000e+14
-1.282760162353515625e+02 2.004884358430720000e+14
-1.278993377685546875e+02 2.106253807452160000e+14
-1.275226440429687500e+02 2.212582265978880000e+14
-1.271459655761718750e+02 2.323976101560320000e+14
-1.267692871093750000e+02 2.440608790609920000e+14
-1.263926086425781250e+02 2.562914024161280000e+14
-1.260159301757812500e+02 2.690921330114560000e+14
-1.256392517089843750e+02 2.825301964881920000e+14
-1.252625732421875000e+02 2.966012139929600000e+14
-1.248858947753906250e+02 3.113274153369600000e+14
-1.245092163085937500e+02 3.267402745774080000e+14
-1.241325378417968750e+02 3.428806274580480000e+14
-1.237558441162109375e+02 3.597844778844160000e+14
-1.233791656494140625e+02 3.774553155174400000e+14
-1.230024871826171875e+02 3.959579675197440000e+14
-1.226258087158203125e+02 4.153254178979840000e+14
-1.222491302490234375e+02 4.355716252958720000e+14
-1.218724517822265625e+02 4.567775230033920000e+14
-1.214957733154296875e+02 4.789273068830720000e+14
-1.211190948486328125e+02 5.020999640678400000e+14
-1.207424163818359375e+02 5.263493494210560000e+14
-1.203657226562500000e+02 5.516566389063680000e+14
-1.199890441894531250e+02 5.781441384284160000e+14
-1.196123657226562500e+02 6.057900376064000000e+14
-1.192356872558593750e+02 6.347324800368640000e+14
-1.188590087890625000e+02 6.649184497172480000e+14
-1.184823303222656250e+02 6.964855198187520000e+14
-1.181056518554687500e+02 7.294286571765760000e+14
-1.177289733886718750e+02 7.638565781504000000e+14
-1.173522949218750000e+02 7.997963947212800000e+14
-1.169756164550781250e+02 8.373056191856640000e+14
-1.165989227294921875e+02 8.764432402350080000e+14
-1.162222442626953125e+02 9.173285774295040000e+14
-1.158455657958984375e+02 9.600008894545920000e+14
-1.154688873291015625e+02 1.004484268392448000e+15
-1.150922088623046875e+02 1.050888638562304000e+15
-1.147155303955078125e+02 1.099295134580736000e+15
-1.143388519287109375e+02 1.149795896918016000e+15
-1.139621734619140625e+02 1.202444142903296000e+15
-1.135854949951171875e+02 1.257324429705216000e+15
-1.132088165283203125e+02 1.314553124093952000e+15
-1.128321228027343750e+02 1.374184718467072000e+15
-1.124554443359375000e+02 1.436301219856384000e+15
-1.120787658691406250e+02 1.501062213140480000e+15
-1.117020874023437500e+02 1.568506218807296000e+15
-1.113254089355468750e+02 1.638756717166592000e+15
-1.109487304687500000e+02 1.711918800699392000e+15
-1.105720520019531250e+02 1.788089643040768000e+15
-1.101953735351562500e+02 1.867426815803392000e+15
-1.098186950683593750e+02 1.949968302604288000e+15
-1.094420013427734375e+02 2.035916101124096000e+15
-1.090653228759765625e+02 2.125330877775872000e+15
-1.086886444091796875e+02 2.218354769133568000e+15
-1.083119659423828125e+02 2.315135280480256000e+15
-1.079352874755859375e+02 2.415816561655808000e+15
-1.075586090087890625e+02 2.520494578335744000e+15
-1.071819305419921875e+02 2.629360188129280000e+15
-1.068052520751953125e+02 2.742554588086272000e+15
-1.064285736083984375e+02 2.860195352936448000e+15
-1.060518951416015625e+02 2.982466360967168000e+15
-1.056752014160156250e+02 3.109516325421056000e+15
-1.052985229492187500e+02 3.241551673163776000e+15
-1.049218444824218750e+02 3.378680315248640000e+15
-1.045451660156250000e+02 3.521138743312384000e+15
-1.041684875488281250e+02 3.669070570323968000e+15
-1.037918090820312500e+02 3.822680075665408000e+15
-1.034151306152343750e+02 3.982153553543168000e+15
-1.030384521484375000e+02 4.147682935308288000e+15
-1.026617736816406250e+02 4.319458810134528000e+15
-1.022850952148437500e+02 4.497726259593216000e+15
-1.019084014892578125e+02 4.682699763613696000e+15
-1.015317230224609375e+02 4.874551120887808000e+15
-1.011550445556640625e+02 5.073565946740736000e+15
-1.007783660888671875e+02 5.279929461637120000e+15
-1.004016876220703125e+02 5.493895605518336000e+15
-1.000250091552734375e+02 5.715722076422144000e+15
-9.964833068847656250e+01 5.945651540000768000e+15
-9.927165222167968750e+01 6.183939546808320000e+15
-9.889497375488281250e+01 6.430846479237120000e+15
-9.851828002929687500e+01 6.686669226901504000e+15
-9.814160156250000000e+01 6.951659045388288000e+15
-9.776492309570312500e+01 7.226107455602688000e+15
-9.738824462890625000e+01 7.510295777902592000e+15
-9.701156616210937500e+01 7.804524123127808000e+15
-9.663488769531250000e+01 8.109138236145664000e+15
-9.625820922851562500e+01 8.424387761930240000e+15
-9.588153076171875000e+01 8.750653341958144000e+15
-9.550485229492187500e+01 9.088224886521856000e+15
-9.512817382812500000e+01 9.437451898585088000e+15
-9.475148010253906250e+01 9.798691934175232000e+15
-9.437480163574218750e+01 1.017227033706496000e+16
-9.399812316894531250e+01 1.055856076940902400e+16
-9.362144470214843750e+01 1.095793689336217600e+16
-9.324476623535156250e+01 1.137074982250086400e+16
-9.286808776855468750e+01 1.179740435749273600e+16
-9.249140930175781250e+01 1.223827630797619200e+16
-9.211473083496093750e+01 1.269381235055001600e+16
-9.173805236816406250e+01 1.316434105021235200e+16
-9.136137390136718750e+01 1.365034022207488000e+16
-9.098468017578125000e+01 1.415222433048166400e+16
-9.060800170898437500e+01 1.467042179842048000e+16
-9.023132324218750000e+01 1.520537393378099200e+16
-8.985464477539062500e+01 1.575750593832550400e+16
-8.947796630859375000e+01 1.632729347968204800e+16
-8.910128784179687500e+01 1.691524765895884800e+16
-8.872460937500000000e+01 1.752181837398016000e+16
-8.834793090820312500e+01 1.814745230134476800e+16
-8.797125244140625000e+01 1.879267450080460800e+16
-8.759455871582031250e+01 1.945800358966067200e+16
-8.721788024902343750e+01 2.014392275173376000e+16
-8.684120178222656250e+01 2.085097100541952000e+16
-8.646452331542968750e+01 2.157965945182617600e+16
-8.608784484863281250e+01 2.233057005902233600e+16
-8.571116638183593750e+01 2.310417312592691200e+16
-8.533448791503906250e+01 2.390108068537958400e+16
-8.495780944824218750e+01 2.472185537809612800e+16
-8.458113098144531250e+01 2.556705125485772800e+16
-8.420445251464843750e+01 2.643726102115123200e+16
-8.382775878906250000e+01 2.733306235007795200e+16
-8.345108032226562500e+01 2.825506083202662400e+16
-8.307440185546875000e+01 2.920387494228787200e+16
-8.269772338867187500e+01 3.018009738634854400e+16
-8.232104492187500000e+01 3.118436381936844800e+16
-8.194436645507812500e+01 3.221729486412185600e+16
-8.156768798828125000e+01 3.327951973331763200e+16
-8.119100952148437500e+01 3.437171058933760000e+16
-8.081433105468750000e+01 3.549453315211264000e+16
-8.043765258789062500e+01 3.664860804441702400e+16
-8.006095886230468750e+01 3.783462890346905600e+16
-7.968428039550781250e+01 3.905326144919961600e+16
-7.930760192871093750e+01 4.030521435121254400e+16
-7.893092346191406250e+01 4.159113614956953600e+16
-7.855424499511718750e+01 4.291173551387443200e+16
-7.817756652832031250e+01 4.426775117850214400e+16
-7.780088806152343750e+01 4.565985315835084800e+16
-7.742420959472656250e+01 4.708879307269734400e+16
-7.704753112792968750e+01 4.855523664147251200e+16
-7.667083740234375000e+01 5.005996984369152000e+16
-7.629415893554687500e+01 5.160368416908902400e+16
-7.591748046875000000e+01 5.318713123694182400e+16
-7.554080200195312500e+01 5.481101112691916800e+16
-7.516412353515625000e+01 5.647616135764377600e+16
-7.478744506835937500e+01 5.818326053394841600e+16
-7.441076660156250000e+01 5.993307745497907200e+16
-7.403408813476562500e+01 6.172636803497984000e+16
-7.365740966796875000e+01 6.356390966303129600e+16
-7.328073120117187500e+01 6.544641530370457600e+16
-7.290403747558593750e+01 6.737469241085132800e+16
-7.252735900878906250e+01 6.934949260374835200e+16
-7.215068054199218750e+01 7.137160186141081600e+16
-7.177400207519531250e+01 7.344175891821363200e+16
-7.139732360839843750e+01 7.556073257330278400e+16
-7.102064514160156250e+01 7.772932169059532800e+16
-7.064396667480468750e+01 7.994828218433536000e+16
-7.026728820800781250e+01 8.221833560902860800e+16
-6.989060974121093750e+01 8.454028941852672000e+16
-6.951393127441406250e+01 8.691491670694297600e+16
-6.913723754882812500e+01 8.934295620865228800e+16
-6.876055908203125000e+01 9.182518101776793600e+16
-6.838388061523437500e+01 9.436232127873024000e+16
-6.800720214843750000e+01 9.695515867558707200e+16
-6.763052368164062500e+01 9.960439758297497600e+16
-6.725384521484375000e+01 1.023108196849418240e+17
-6.687716674804687500e+01 1.050751551259279360e+17
-6.650048828125000000e+01 1.078981082805698560e+17
-6.612380981445312500e+01 1.107804092933079040e+17
-6.574711608886718750e+01 1.137227281790402560e+17
-6.537043762207031250e+01 1.167258552117493760e+17
-6.499375915527343750e+01 1.197904604063334400e+17
-6.461708068847656250e+01 1.229171536481484800e+17
-6.424040222167968750e+01 1.261066822615040000e+17
-6.386372375488281250e+01 1.293597334411673600e+17
-6.348704528808593750e+01 1.326768827127562240e+17
-6.311036682128906250e+01 1.360588258609725440e+17
-6.273368835449218750e+01 1.395061813611069440e+17
-6.235700988769531250e+01 1.430194903790387200e+17
-6.198031616210937500e+01 1.465994486994698240e+17
-6.160363769531250000e+01 1.502466318480179200e+17
-6.122695922851562500e+01 1.539615552207585280e+17
-6.085028076171875000e+01 1.577447685735055360e+17
-6.047360229492187500e+01 1.615968732016803840e+17
-6.009692382812500000e+01 1.655182814221434880e+17
-5.972024536132812500e+01 1.695095601705779200e+17
-5.934356689453125000e+01 1.735711733034516480e+17
-5.896688842773437500e+01 1.777035503174942720e+17
-5.859020996093750000e+01 1.819071207094353920e+17
-5.821351623535156250e+01 1.861823655156121600e+17
-5.783683776855468750e+01 1.905295596139315200e+17
-5.746015930175781250e+01 1.949491496809922560e+17
-5.708348083496093750e+01 1.994414964940472320e+17
-5.670680236816406250e+01 2.040068405712650240e+17
-5.633012390136718750e+01 2.086454396106833920e+17
-5.595344543457031250e+01 2.133576715694243840e+17
-5.557676696777343750e+01 2.181436910663106560e+17
-5.520008850097656250e+01 2.230037042597724160e+17
-5.482339477539062500e+01 2.279379173082398720e+17
-5.444671630859375000e+01 2.329464161110589440e+17
-5.407003784179687500e+01 2.380294068266598400e+17
-5.369335937500000000e+01 2.431868894550425600e+17
-5.331668090820312500e+01 2.484189670754222080e+17
-5.294000244140625000e+01 2.537256396877987840e+17
-5.256332397460937500e+01 2.591068042129571840e+17
-5.218664550781250000e+01 2.645625980898508800e+17
-5.180996704101562500e+01 2.700927808003112960e+17
-5.143328857421875000e+01 2.756972836248616960e+17
-5.105659484863281250e+01 2.813759175849410560e+17
-5.067991638183593750e+01 2.871285624214650880e+17
-5.030323791503906250e+01 2.929549088967884800e+17
-4.992655944824218750e+01 2.988547164927426560e+17
-4.954988098144531250e+01 3.048277103314206720e+17
-4.917320251464843750e+01 3.108734437362237440e+17
-4.879652404785156250e+01 3.169915731097681920e+17
-4.841984558105468750e+01 3.231817204949319680e+17
-4.804316711425781250e+01 3.294433361359011840e+17
-4.766648864746093750e+01 3.357759389963386880e+17
-4.728979492187500000e+01 3.421789793204305920e+17
-4.691311645507812500e+01 3.486518729926246400e+17
-4.653643798828125000e+01 3.551939328181534720e+17
-4.615975952148437500e+01 3.618044716022497280e+17
-4.578308105468750000e+01 3.684827677904076800e+17
-4.540640258789062500e+01 3.752280998281216000e+17
-4.502972412109375000e+01 3.820395743621939200e+17
-4.465304565429687500e+01 3.889163323991654400e+17
-4.427636718750000000e+01 3.958575493053153280e+17
-4.389967346191406250e+01 4.028621599287541760e+17
-4.352299499511718750e+01 4.099292365565460480e+17
-4.314631652832031250e+01 4.170576796770631680e+17
-4.276963806152343750e+01 4.242463897786777600e+17
-4.239295959472656250e+01 4.314941986302853120e+17
-4.201628112792968750e+01 4.388000754397347840e+17
-4.163960266113281250e+01 4.461626114577530880e+17
-4.126292419433593750e+01 4.535805697337589760e+17
-4.088624572753906250e+01 4.610527133171712000e+17
-4.050956726074218750e+01 4.685774960197632000e+17
-4.013287353515625000e+01 4.761536808909537280e+17
-3.975619506835937500e+01 4.837796530230394880e+17
-3.937951660156250000e+01 4.914539349472706560e+17
-3.900283813476562500e+01 4.991750491948974080e+17
-3.862615966796875000e+01 5.069412434192629760e+17
-3.824948120117187500e+01 5.147509714321408000e+17
-3.787280273437500000e+01 5.226025152466124800e+17
-3.749612426757812500e+01 5.304940194368061440e+17
-3.711944580078125000e+01 5.384238690950184960e+17
-3.674276733398437500e+01 5.463901744356392960e+17
-3.636607360839843750e+01 5.543910113133199360e+17
-3.598939514160156250e+01 5.624245243021885440e+17
-3.561271667480468750e+01 5.704886861776814080e+17
-3.523603820800781250e+01 5.785814353554964480e+17
-3.485935974121093750e+01 5.867007789708083200e+17
-3.448268127441406250e+01 5.948447241587916800e+17
-3.410600280761718750e+01 6.030110718961909760e+17
-3.372932434082031250e+01 6.111976231597506560e+17
-3.335264587402343750e+01 6.194022476456919040e+17
-3.297595214843750000e+01 6.276225401723289600e+17
-3.259927368164062500e+01 6.358563017164062720e+17
-3.222259521484375000e+01 6.441012645351915520e+17
-3.184591674804687500e+01 6.523550234469990400e+17
-3.146923828125000000e+01 6.606151732701429760e+17
-3.109255981445312500e+01 6.688794462618910720e+17
-3.071588134765625000e+01 6.771450936431738880e+17
-3.033920288085937500e+01 6.854098476712591360e+17
-2.996252441406250000e+01 6.936711657255075840e+17
-2.958584594726562500e+01 7.019264364658032640e+17
-2.920915222167968750e+01 7.101730485520302080e+17
-2.883247375488281250e+01 7.184085280830259200e+17
-2.845579528808593750e+01 7.266300575602442240e+17
-2.807911682128906250e+01 7.348351630825226240e+17
-2.770243835449218750e+01 7.430212333097451520e+17
-2.732575988769531250e+01 7.511853820238888960e+17
-2.694908142089843750e+01 7.593250666043146240e+17
-2.657240295410156250e+01 7.674373321135226880e+17
-2.619572448730468750e+01 7.755194984919203840e+17
-2.581904602050781250e+01 7.835688856799150080e+17
-2.544235229492187500e+01 7.915827448984371200e+17
-2.506567382812500000e+01 7.995581899294638080e+17
-2.468899536132812500e+01 8.074924719939256320e+17
-2.431231689453125000e+01 8.153826361543229440e+17
-2.393563842773437500e+01 8.232260023510630400e+17
-2.355895996093750000e+01 8.310198218050764800e+17
-2.318228149414062500e+01 8.387609334204334080e+17
-2.280560302734375000e+01 8.464468632959713280e+17
-2.242892456054687500e+01 8.540747252136673280e+17
-2.205223083496093750e+01 8.616414267970682880e+17
-2.167555236816406250e+01 8.691442192671047680e+17
-2.129887390136718750e+01 8.765804912836608000e+17
-2.092219543457031250e+01 8.839472879092367360e+17
-2.054551696777343750e+01 8.912416542063329280e+17
-2.016883850097656250e+01 8.984609788348334080e+17
-1.979216003417968750e+01 9.056025130156687360e+17
-1.941548156738281250e+01 9.126631643723857920e+17
-1.903880310058593750e+01 9.196405277232988160e+17
-1.866212463378906250e+01 9.265315794114314240e+17
-1.828543090820312500e+01 9.333337768161443840e+17
-1.790875244140625000e+01 9.400441649999380480e+17
-1.753207397460937500e+01 9.466603387811266560e+17
-1.715539550781250000e+01 9.531794806611640320e+17
-1.677871704101562500e+01 9.595988418609807360e+17
-1.640203857421875000e+01 9.659160171988910080e+17
-1.602536010742187500e+01 9.721283266153021440e+17
-1.564868164062500000e+01 9.782332274895749120e+17
-1.527200317382812500e+01 9.842281772010700800e+17
-1.489532470703125000e+01 9.901107705681018880e+17
-1.451864624023437500e+01 9.958783962505543680e+17
-1.414196777343750000e+01 1.001528786505695232e+18
-1.376528930664062500e+01 1.007059329993408512e+18
-1.338861083984375000e+01 1.012468171287822336e+18
-1.301190185546875000e+01 1.017752492890390528e+18
-1.263522338867187500e+01 1.022910301936287744e+18
-1.225854492187500000e+01 1.027939330682781696e+18
-1.188186645507812500e+01 1.032837517545570304e+18
-1.150518798828125000e+01 1.037602594781921280e+18
-1.112850952148437500e+01 1.042232775685439488e+18
-1.075183105468750000e+01 1.046725586354962432e+18
-1.037515258789062500e+01 1.051079652400955392e+18
-9.998474121093750000e+00 1.055292637361209344e+18
-9.621795654296875000e+00 1.059363029407236096e+18
-9.245117187500000000e+00 1.063288698235256832e+18
-8.868438720703125000e+00 1.067068200736260096e+18
-8.491760253906250000e+00 1.070699750203850752e+18
-8.115081787109375000e+00 1.074181834809540608e+18
-7.738403320312500000e+00 1.077512805285888000e+18
-7.361724853515625000e+00 1.080691149804404736e+18
-6.985046386718750000e+00 1.083715631414509568e+18
-6.608367919921875000e+00 1.086584875726667776e+18
-6.231689453125000000e+00 1.089297370912391168e+18
-5.855010986328125000e+00 1.091852154899005440e+18
-5.478302001953125000e+00 1.094248059455406080e+18
-5.101623535156250000e+00 1.096483985069965312e+18
-4.724945068359375000e+00 1.098558626072625152e+18
-4.348266601562500000e+00 1.100471638866001920e+18
-3.971588134765625000e+00 1.102221511621607424e+18
-3.594909667968750000e+00 1.103808106900488192e+18
-3.218231201171875000e+00 1.105230393910493184e+18
-2.841552734375000000e+00 1.106487548017901568e+18
-2.464874267578125000e+00 1.107579363064283136e+18
-2.088195800781250000e+00 1.108505014415917056e+18
-1.711517333984375000e+00 1.109264364633849856e+18
-1.334838867187500000e+00 1.109856863962267648e+18
-9.581604003906250000e-01 1.110282374962216960e+18
-5.814819335937500000e-01 1.110540622755790848e+18
-2.048034667968750000e-01 1.110631676062466048e+18
1.718750000000000000e-01 1.110555122565382144e+18
5.485534667968750000e-01 1.110311374581399552e+18
9.252319335937500000e-01 1.109900225952088064e+18
1.301910400390625000e+00 1.109322157713784832e+18
1.678619384765625000e+00 1.108577238585966592e+18
2.055297851562500000e+00 1.107665949604970496e+18
2.431976318359375000e+00 1.106588428209750016e+18
2.808654785156250000e+00 1.105345499034025984e+18
3.185333251953125000e+00 1.103937436955705344e+18
3.562011718750000000e+00 1.102365272766939136e+18
3.938690185546875000e+00 1.100629143906680832e+18
4.315368652343750000e+00 1.098730287325511680e+18
4.692047119140625000e+00 1.096669458937675776e+18
5.068725585937500000e+00 1.094447552096370688e+18
5.445404052734375000e+00 1.092065322715840512e+18
5.822082519531250000e+00 1.089524282624573440e+18
6.198760986328125000e+00 1.086825256456290304e+18
6.575439453125000000e+00 1.083969481161572352e+18
6.952117919921875000e+00 1.080958468568907776e+18
7.328796386718750000e+00 1.077793318189924352e+18
7.705474853515625000e+00 1.074475335694680064e+18
8.082153320312500000e+00 1.071006582667476992e+18
8.458831787109375000e+00 1.067387746303082496e+18
8.835540771484375000e+00 1.063621025624752128e+18
9.212219238281250000e+00 1.059707795022020608e+18
9.588897705078125000e+00 1.055649909920759808e+18
9.965576171875000000e+00 1.051449225746841600e+18
1.034225463867187500e+01 1.047107254328754176e+18
1.071893310546875000e+01 1.042626194689753088e+18
1.109561157226562500e+01 1.038007833536233472e+18
1.147229003906250000e+01 1.033254301171974144e+18
1.184896850585937500e+01 1.028367453022846976e+18
1.222564697265625000e+01 1.023349762990014464e+18
1.260232543945312500e+01 1.018203017779871744e+18
1.297900390625000000e+01 1.012929485135151104e+18
1.335568237304687500e+01 1.007531501518061568e+18
1.373236083984375000e+01 1.002011197232381952e+18
1.410903930664062500e+01 9.963711148987514880e+17
1.448571777343750000e+01 9.906135222599024640e+17
1.486239624023437500e+01 9.847407557780439040e+17
1.523907470703125000e+01 9.787554955127685120e+17
1.561575317382812500e+01 9.726600092068085760e+17
1.599243164062500000e+01 9.664568394808033280e+17
1.636914062500000000e+01 9.601485289553920000e+17
1.674581909179687500e+01 9.537378264096440320e+17
1.712249755859375000e+01 9.472272744641986560e+17
1.749917602539062500e+01 9.406194157396951040e+17
1.787585449218750000e+01 9.339169990152028160e+17
1.825253295898437500e+01 9.271226356308377600e+17
1.862921142578125000e+01 9.202390743656693760e+17
1.900588989257812500e+01 9.132692701571973120e+17
1.938256835937500000e+01 9.062155594676305920e+17
1.975924682617187500e+01 8.990808972344688640e+17
2.013592529296875000e+01 8.918682383952117760e+17
2.051260375976562500e+01 8.845801942899752960e+17
2.088928222656250000e+01 8.772195136978288640e+17
2.126596069335937500e+01 8.697891515562721280e+17
2.164263916015625000e+01 8.622919940833280000e+17
2.201931762695312500e+01 8.547305151801589760e+17
2.239599609375000000e+01 8.471078759426949120e+17
2.277267456054687500e+01 8.394270313084354560e+17
2.314935302734375000e+01 8.316903864590663680e+17
2.352606201171875000e+01 8.239011024905175040e+17
2.390274047851562500e+01 8.160619281818583040e+17
2.427941894531250000e+01 8.081755435926814720e+17
2.465609741210937500e+01 8.002450410994401280e+17
2.503277587890625000e+01 7.922731007617269760e+17
2.540945434570312500e+01 7.842624026391347200e+17
2.578613281250000000e+01 7.762160391081164800e+17
2.616281127929687500e+01 7.681364840698347520e+17
2.653948974609375000e+01 7.600267611812659200e+17
2.691616821289062500e+01 7.518893443435724800e+17
2.729284667968750000e+01 7.437272572137308160e+17
2.766952514648437500e+01 7.355429736929034240e+17
2.804620361328125000e+01 7.273393799991132160e+17
2.842288208007812500e+01 7.191190874724761600e+17
2.879956054687500000e+01 7.108847761725849600e+17
2.917623901367187500e+01 7.026389200006021120e+17
2.955291748046875000e+01 6.943843364550737920e+17
2.992959594726562500e+01 6.861234994371624960e+17
3.030627441406250000e+01 6.778590202869841920e+17
3.068298339843750000e+01 6.695931667472711680e+17
3.105966186523437500e+01 6.613288250360463360e+17
3.143634033203125000e+01 6.530681254570885120e+17
3.181301879882812500e+01 6.448137480699904000e+17
3.218969726562500000e+01 6.365679606174842880e+17
3.256637573242187500e+01 6.283330308423024640e+17
3.294305419921875000e+01 6.201115013650841600e+17
3.331973266601562500e+01 6.119055024896081920e+17
3.369641113281250000e+01 6.037173019586068480e+17
3.407308959960937500e+01 5.955491675148124160e+17
3.444976806640625000e+01 5.874031607425269760e+17
3.482644653320312500e+01 5.792815493844828160e+17
3.520312500000000000e+01 5.711863606652436480e+17
3.557980346679687500e+01 5.631197248885882880e+17
3.595648193359375000e+01 5.550834974803886080e+17
3.633316040039062500e+01 5.470798087444234240e+17
3.670983886718750000e+01 5.391104110273495040e+17
3.708651733398437500e+01 5.311773315537305600e+17
3.746319580078125000e+01 5.232823913897000960e+17
3.783987426757812500e+01 5.154273085221765120e+17
3.821658325195312500e+01 5.076139040172933120e+17
3.859326171875000000e+01 4.998438615022305280e+17
3.896994018554687500e+01 4.921188646041681920e+17
3.934661865234375000e+01 4.844403907918561280e+17
3.972329711914062500e+01 4.768102611314278400e+17
4.009997558593750000e+01 4.692297125734645760e+17
4.047665405273437500e+01 4.617004287451463680e+17
4.085333251953125000e+01 4.542236809567928320e+17
4.123001098632812500e+01 4.468009810368921600e+17
4.160668945312500000e+01 4.394336002957639680e+17
4.198336791992187500e+01 4.321227756839895040e+17
4.236004638671875000e+01 4.248698472313651200e+17
4.273672485351562500e+01 4.176760518884720640e+17
4.311340332031250000e+01 4.105423173682462720e+17
4.349008178710937500e+01 4.034698806212689920e+17
4.386676025390625000e+01 3.964599098786447360e+17
4.424343872070312500e+01 3.895131610546176000e+17
4.462011718750000000e+01 3.826307680205537280e+17
4.499679565429687500e+01 3.758136241296506880e+17
4.537350463867187500e+01 3.690625196558909440e+17
4.575018310546875000e+01 3.623784510316871680e+17
4.612686157226562500e+01 3.557620023725916160e+17
4.650354003906250000e+01 3.492140326720634880e+17
4.688021850585937500e+01 3.427351260456550400e+17
4.725689697265625000e+01 3.363260384076103680e+17
4.763357543945312500e+01 3.299873195137433600e+17
4.801025390625000000e+01 3.237195191198679040e+17
4.838693237304687500e+01 3.175232213415362560e+17
4.876361083984375000e+01 3.113988384956088320e+17
4.914028930664062500e+01 3.053467828989460480e+17
4.951696777343750000e+01 2.993675355878850560e+17
4.989364624023437500e+01 2.934614401598095360e+17
5.027032470703125000e+01 2.876287027731496960e+17
5.064700317382812500e+01 2.818697357447659520e+17
5.102368164062500000e+01 2.761846421538734080e+17
5.140036010742187500e+01 2.705737312381173760e+17
5.177703857421875000e+01 2.650371576163205120e+17
5.215371704101562500e+01 2.595749728280903680e+17
5.253042602539062500e+01 2.541872627727728640e+17
5.290710449218750000e+01 2.488741992490598400e+17
5.328378295898437500e+01 2.436356963576053760e+17
5.366046142578125000e+01 2.384717540984094720e+17
5.403713989257812500e+01 2.333823724714721280e+17
5.441381835937500000e+01 2.283673968579706880e+17
5.479049682617187500e+01 2.234267757182976000e+17
5.516717529296875000e+01 2.185603887933685760e+17
5.554385375976562500e+01 2.137679783851458560e+17
5.592053222656250000e+01 2.090494070546759680e+17
5.629721069335937500e+01 2.044044342837903360e+17
5.667388916015625000e+01 1.998328023744512000e+17
5.705056762695312500e+01 1.953342020890132480e+17
5.742724609375000000e+01 1.909083241898311680e+17
5.780392456054687500e+01 1.865548594392596480e+17
5.818060302734375000e+01 1.822734470600458240e+17
5.855728149414062500e+01 1.780636919151984640e+17
5.893395996093750000e+01 1.739251473281187840e+17
5.931063842773437500e+01 1.698574697014231040e+17
5.968731689453125000e+01 1.658601436390359040e+17
6.006402587890625000e+01 1.619327052844892160e+17
6.044070434570312500e+01 1.580746564215767040e+17
6.081738281250000000e+01 1.542855160139612160e+17
6.119406127929687500e+01 1.505647171259596800e+17
6.157073974609375000e+01 1.469117271816273920e+17
6.194741821289062500e+01 1.433259964251504640e+17
6.232409667968750000e+01 1.398068892013690880e+17
6.270077514648437500e+01 1.363538987041423360e+17
6.307745361328125000e+01 1.329663463286374400e+17
6.345413208007812500e+01 1.296436393693675520e+17
6.383081054687500000e+01 1.263850906315653120e+17
6.420748901367187500e+01 1.231900902298746880e+17
6.458416748046875000e+01 1.200579767393320960e+17
6.496084594726562500e+01 1.169880543752355840e+17
6.533752441406250000e+01 1.139796617126215680e+17
6.571420288085937500e+01 1.110320771969843200e+17
6.609088134765625000e+01 1.081446479932948480e+17
6.646755981445312500e+01 1.053166181873090560e+17
6.684423828125000000e+01 1.025472576345866240e+17
6.722094726562500000e+01 9.983585337055641600e+16
6.759762573242187500e+01 9.718170961051648000e+16
6.797430419921875000e+01 9.458402749054976000e+16
6.835098266601562500e+01 9.204211122595430400e+16
6.872766113281250000e+01 8.955517913268224000e+16
6.910433959960937500e+01 8.712248388642406400e+16
6.948101806640625000e+01 8.474326957293568000e+16
6.985769653320312500e+01 8.241681463771136000e+16
7.023437500000000000e+01 8.014230303696486400e+16
7.061105346679687500e+01 7.791896167658291200e+16
7.098773193359375000e+01 7.574607759199436800e+16
7.136441040039062500e+01 7.362283473941299200e+16
7.174108886718750000e+01 7.154848579452928000e+16
7.211776733398437500e+01 6.952228343303372800e+16
7.249444580078125000e+01 6.754341161114009600e+16
7.287112426757812500e+01 6.561115306930995200e+16
7.324780273437500000e+01 6.372470894362624000e+16
7.362448120117187500e+01 6.188333620474675200e+16
7.400115966796875000e+01 6.008627893842739200e+16
7.437786865234375000e+01 5.833272969081651200e+16
7.475454711914062500e+01 5.662194113760460800e+16
7.513122558593750000e+01 5.495323037899161600e+16
7.550790405273437500e+01 5.332580714099507200e+16
7.588458251953125000e+01 5.173888973956710400e+16
7.626126098632812500e+01 5.019178668497305600e+16
7.663793945312500000e+01 4.868375494787072000e+16
7.701461791992187500e+01 4.721400854924492800e+16
7.739129638671875000e+01 4.578187317923020800e+16
7.776797485351562500e+01 4.438662728332083200e+16
7.814465332031250000e+01 4.302750635733811200e+16
7.852133178710937500e+01 4.170387045115494400e+16
7.889801025390625000e+01 4.041498083039641600e+16
7.927468872070312500e+01 3.916014171036057600e+16
7.965136718750000000e+01 3.793864012647628800e+16
8.002804565429687500e+01 3.674983612861644800e+16
8.040472412109375000e+01 3.559304252201369600e+16
8.078140258789062500e+01 3.446755493203148800e+16
8.115808105468750000e+01 3.337272911357542400e+16
8.153475952148437500e+01 3.230791437910016000e+16
8.191146850585937500e+01 3.127248795834777600e+16
8.228814697265625000e+01 3.026577554145280000e+16
8.266482543945312500e+01 2.928715221067366400e+16
8.304150390625000000e+01 2.833600378568704000e+16
8.341818237304687500e+01 2.741172252862054400e+16
8.379486083984375000e+01 2.651369211166720000e+16
8.417153930664062500e+01 2.564127043721625600e+16
8.454821777343750000e+01 2.479395284661043200e+16
8.492489624023437500e+01 2.397107361991884800e+16
8.530157470703125000e+01 2.317214313086976000e+16
8.567825317382812500e+01 2.239651928185241600e+16
8.605493164062500000e+01 2.164368023434035200e+16
8.643161010742187500e+01 2.091310414980710400e+16
8.680828857421875000e+01 2.020422624005324800e+16
8.718496704101562500e+01 1.951648601184665600e+16
8.756164550781250000e+01 1.884942175620300800e+16
8.793832397460937500e+01 1.820247942234112000e+16
8.831500244140625000e+01 1.757515864657100800e+16
8.869168090820312500e+01 1.696696872887910400e+16
8.906838989257812500e+01 1.637745225524838400e+16
8.944506835937500000e+01 1.580608416592691200e+16
8.982174682617187500e+01 1.525243066921779200e+16
9.019842529296875000e+01 1.471602683491123200e+16
9.057510375976562500e+01 1.419641954395750400e+16
9.095178222656250000e+01 1.369313957117952000e+16
9.132846069335937500e+01 1.320577782094233600e+16
9.170513916015625000e+01 1.273394452496384000e+16
9.208181762695312500e+01 1.227714468826316800e+16
9.245849609375000000e+01 1.183499820623462400e+16
9.283517456054687500e+01 1.140711423685427200e+16
9.321185302734375000e+01 1.099313522409472000e+16
9.358853149414062500e+01 1.059262630251724800e+16
9.396520996093750000e+01 1.020521273622528000e+16
9.434188842773437500e+01 9.830543411642368000e+15
9.471856689453125000e+01 9.468270436417536000e+15
9.509524536132812500e+01 9.118004042268672000e+15
9.547192382812500000e+01 8.779441434001408000e+15
9.584860229492187500e+01 8.452208412590080000e+15
9.622531127929687500e+01 8.136011846516736000e+15
9.660198974609375000e+01 7.830485052948480000e+15
9.697866821289062500e+01 7.535385366233088000e+15
9.735534667968750000e+01 7.250325165572096000e+15
9.773202514648437500e+01 6.975071448989696000e+15
9.810870361328125000e+01 6.709274176651264000e+15
9.848538208007812500e+01 6.452685851066368000e+15
9.886206054687500000e+01 6.205002603298816000e+15
9.923873901367187500e+01 5.965974251503616000e+15
9.961541748046875000e+01 5.735347392610304000e+15
9.999209594726562500e+01 5.512804735909888000e+15
1.003687744140625000e+02 5.298165892775936000e+15
1.007454528808593750e+02 5.091160280268800000e+15
1.011221313476562500e+02 4.891561875734528000e+15
1.014988098144531250e+02 4.699066810236928000e+15
1.018754882812500000e+02 4.513511875018752000e+15
1.022521667480468750e+02 4.334676416135168000e+15
1.026288452148437500e+02 4.162352127672320000e+15
1.030055236816406250e+02 3.996246414983168000e+15
1.033822021484375000e+02 3.836265325658112000e+15
1.037589111328125000e+02 3.682208338411520000e+15
1.041355895996093750e+02 3.533774537097216000e+15
1.045122680664062500e+02 3.390844467937280000e+15
1.048889465332031250e+02 3.253263780544512000e+15
1.052656250000000000e+02 3.120787930218496000e+15
1.056423034667968750e+02 2.993315179921408000e+15
1.060189819335937500e+02 2.870623265095680000e+15
1.063956604003906250e+02 2.752570183385088000e+15
1.067723388671875000e+02 2.639030575431680000e+15
1.071490173339843750e+02 2.529800967159808000e+15
1.075256958007812500e+02 2.424763783839744000e+15
1.079023742675781250e+02 2.323750448005120000e+15
1.082790527343750000e+02 2.226638016217088000e+15
1.086557312011718750e+02 2.133272272306176000e+15
1.090324096679687500e+02 2.043551210799104000e+15
1.094090881347656250e+02 1.957320481308672000e+15
1.097857666015625000e+02 1.874474051829760000e+15
1.101624450683593750e+02 1.794895555592192000e+15
1.105391235351562500e+02 1.718442453368832000e+15
1.109158325195312500e+02 1.645027369418752000e+15
1.112925109863281250e+02 1.574510314651648000e+15
1.116691894531250000e+02 1.506841225854976000e+15
1.120458679199218750e+02 1.441853001957376000e+15
1.124225463867187500e+02 1.379495713964032000e+15
1.127992248535156250e+02 1.319642928775168000e+15
1.131759033203125000e+02 1.262231027187712000e+15
1.135525817871093750e+02 1.207148340051968000e+15
1.139292602539062500e+02 1.154322524012544000e+15
1.143059387207031250e+02 1.103631373828096000e+15
1.146826171875000000e+02 1.055035630813184000e+15
1.150592956542968750e+02 1.008469394063360000e+15
1.154359741210937500e+02 9.637939495567360000e+14
1.158126525878906250e+02 9.209997007257600000e+14
1.161893310546875000e+02 8.799718914129920000e+14
1.165660095214843750e+02 8.406611966033920000e+14
1.169426879882812500e+02 8.029968835543040000e+14
1.173193664550781250e+02 7.669349288509440000e+14
1.176960449218750000e+02 7.323907082158080000e+14
1.180727539062500000e+02 6.993038236712960000e+14
1.184494323730468750e+02 6.676331374837760000e+14
1.188261108398437500e+02 6.373269758279680000e+14
1.192027893066406250e+02 6.083163507916800000e+14
1.195794677734375000e+02 5.805224094597120000e+14
1.199561462402343750e+02 5.539348170670080000e+14
1.203328247070312500e+02 5.285191467663360000e+14
1.207095031738281250e+02 5.042076521594880000e+14
1.210861816406250000e+02 4.809365462712320000e+14
1.214628601074218750e+02 4.586833140776960000e+14
1.218395385742187500e+02 4.374044019261440000e+14
1.222162170410156250e+02 4.170735366963200000e+14
1.225928955078125000e+02 3.976324678942720000e+14
1.229695739746093750e+02 3.790503589969920000e+14
1.233462524414062500e+02 3.613065740288000000e+14
1.237229309082031250e+02 3.443460501667840000e+14
1.240996093750000000e+02 3.281397628272640000e+14
1.244762878417968750e+02 3.126543589048320000e+14
1.248529663085937500e+02 2.978851072245760000e+14
1.252296752929687500e+02 2.837607046184960000e+14
1.256063537597656250e+02 2.702851105095680000e+14
1.259830322265625000e+02 2.574151067893760000e+14
1.263597106933593750e+02 2.451215514337280000e+14
1.267363891601562500e+02 2.334317913047040000e+14
1.271130676269531250e+02 2.222147627909120000e+14
1.274897460937500000e+02 2.115560800256000000e+14
1.278664245605468750e+02 2.013835338711040000e+14
1.282431030273437500e+02 1.916869573345280000e+14
1.286197814941406250e+02 1.824170925096960000e+14
1.289964599609375000e+02 1.735840225034240000e+14
1.293731384277343750e+02 1.651702654566400000e+14
1.297498168945312500e+02 1.571579536343040000e+14
1.301264953613281250e+02 1.494941716971520000e+14
1.305031738281250000e+02 1.422066188288000000e+14
1.308798522949218750e+02 1.352896075530240000e+14
1.312565307617187500e+02 1.286588994682880000e+14
1.316332092285156250e+02 1.223531744460800000e+14
1.320098876953125000e+02 1.163422334976000000e+14
1.323865661621093750e+02 1.106313111142400000e+14
1.327632751464843750e+02 1.051848983183360000e+14
1.331399536132812500e+02 9.998012776448000000e+13
1.335166320800781250e+02 9.504951369728000000e+13
1.338933105468750000e+02 9.037887098060800000e+13
1.342699890136718750e+02 8.590063776563200000e+13
1.346466674804687500e+02 8.165164843008000000e+13
1.350233459472656250e+02 7.760801221836800000e+13
1.354000244140625000e+02 7.374497434828800000e+13
1.357767028808593750e+02 7.008622005452800000e+13
1.361533813476562500e+02 6.660936853094400000e+13
1.365300598144531250e+02 6.329720635392000000e+13
1.369067382812500000e+02 6.015376844390400000e+13
1.372834167480468750e+02 5.715774354227200000e+13
1.376600952148437500e+02 5.430164481638400000e+13
1.380367736816406250e+02 5.160471153868800000e+13
1.384134521484375000e+02 4.903039454412800000e+13
1.387901306152343750e+02 4.660381351936000000e+13
1.391668090820312500e+02 4.427704854118400000e+13
1.395434875488281250e+02 4.207050909286400000e+13
1.399201965332031250e+02 3.996785416601600000e+13
1.402968750000000000e+02 3.798911575654400000e+13
1.406735534667968750e+02 3.610344056422400000e+13
1.410502319335937500e+02 3.430927040512000000e+13
1.414269104003906250e+02 3.259314785484800000e+13
1.418035888671875000e+02 3.098161446912000000e+13
1.421802673339843750e+02 2.946432080281600000e+13
1.425569458007812500e+02 2.798807888691200000e+13
1.429336242675781250e+02 2.661357400883200000e+13
1.433103027343750000e+02 2.530633108684800000e+13
1.436869812011718750e+02 2.405910655795200000e+13
1.440636596679687500e+02 2.287493500108800000e+13
1.444403381347656250e+02 2.176178769100800000e+13
1.448170166015625000e+02 2.068760546508800000e+13
1.451936950683593750e+02 1.968694519398400000e+13
1.455703735351562500e+02 1.873725410508800000e+13
1.459470520019531250e+02 1.783199327846400000e+13
1.463237304687500000e+02 1.699227369472000000e+13
1.467004089355468750e+02 1.615624509849600000e+13
1.470771179199218750e+02 1.538775318528000000e+13
1.474537963867187500e+02 1.465090310144000000e+13
1.478304748535156250e+02 1.396856953241600000e+13
1.482071533203125000e+02 1.330051232563200000e+13
1.485838317871093750e+02 1.269003347558400000e+13
1.489605102539062500e+02 1.209020501196800000e+13
1.493371887207031250e+02 1.153834365747200000e+13
1.497138671875000000e+02 1.099489502822400000e+13
1.500905456542968750e+02 1.050201083084800000e+13
1.504672241210937500e+02 1.003780099276800000e+13
1.508439025878906250e+02 9.584037068800000000e+12
1.512205810546875000e+02 9.157410291712000000e+12
1.515972595214843750e+02 8.734377508864000000e+12
1.519739379882812500e+02 8.359577649152000000e+12
1.523506164550781250e+02 8.008661204992000000e+12
1.527272949218750000e+02 7.660514050048000000e+12
1.531039733886718750e+02 7.336636186624000000e+12
1.534806518554687500e+02 7.030355525632000000e+12
1.538573303222656250e+02 6.733071122432000000e+12
1.542340087890625000e+02 6.452166000640000000e+12
1.546107177734375000e+02 6.195005358080000000e+12
1.549873962402343750e+02 5.953887404032000000e+12
1.553640747070312500e+02 5.717459206144000000e+12
1.557407531738281250e+02 5.504224460800000000e+12
1.561174316406250000e+02 5.286730399744000000e+12
1.564941101074218750e+02 5.076529184768000000e+12
1.568707885742187500e+02 4.896740868096000000e+12
1.572474670410156250e+02 4.717288095744000000e+12
1.576241455078125000e+02 4.539851210752000000e+12
1.580008239746093750e+02 4.395483791360000000e+12
1.583775024414062500e+02 4.236220039168000000e+12
1.587541809082031250e+02 4.083553927168000000e+12
1.591308593750000000e+02 3.949296877568000000e+12
1.595075378417968750e+02 3.834355908608000000e+12
1.598842163085937500e+02 3.698074320896000000e+12
1.602608947753906250e+02 3.568713859072000000e+12
1.606375732421875000e+02 3.462419447808000000e+12
1.610142517089843750e+02 3.378600476672000000e+12
1.613909301757812500e+02 3.270053199872000000e+12
1.617676391601562500e+02 3.190245031936000000e+12
1.621443176269531250e+02 3.098094075904000000e+12
1.625209960937500000e+02 3.003432566784000000e+12
1.628976745605468750e+02 2.925640286208000000e+12
1.632743530273437500e+02 2.843701673984000000e+12
1.636510314941406250e+02 2.774875766784000000e+12
1.640277099609375000e+02 2.703648358400000000e+12
1.644043884277343750e+02 2.645466808320000000e+12
1.647810668945312500e+02 2.566131286016000000e+12
1.651577453613281250e+02 2.519197024256000000e+12
1.655344238281250000e+02 2.468229677056000000e+12
1.659111022949218750e+02 2.424047140864000000e+12
1.662877807617187500e+02 2.362890256384000000e+12
1.666644592285156250e+02 2.310372851712000000e+12
1.670411376953125000e+02 2.277418991616000000e+12
1.674178161621093750e+02 2.231077437440000000e+12
1.677944946289062500e+02 2.189121159168000000e+12
1.681711730957031250e+02 2.150089490432000000e+12
1.685478515625000000e+02 2.109563731968000000e+12
1.689245605468750000e+02 2.072650711040000000e+12
1.693012390136718750e+02 2.044614934528000000e+12
1.696779174804687500e+02 1.999325364224000000e+12
1.700545959472656250e+02 1.977181929472000000e+12
1.704312744140625000e+02 1.943098228736000000e+12
1.708079528808593750e+02 1.923891331072000000e+12
1.711846313476562500e+02 1.882731970560000000e+12
1.715613098144531250e+02 1.860711219200000000e+12
1.719379882812500000e+02 1.830786695168000000e+12
1.723146667480468750e+02 1.811777847296000000e+12
1.726913452148437500e+02 1.803003756544000000e+12
1.730680236816406250e+02 1.766878216192000000e+12
1.734447021484375000e+02 1.749547089920000000e+12
1.738213806152343750e+02 1.731619454976000000e+12
1.741980590820312500e+02 1.714410225664000000e+12
1.745747375488281250e+02 1.692707848192000000e+12
1.749514160156250000e+02 1.670750928896000000e+12
1.753280944824218750e+02 1.651849297920000000e+12
1.757047729492187500e+02 1.645404618752000000e+12
1.760814514160156250e+02 1.624369004544000000e+12
1.764581604003906250e+02 1.609990799360000000e+12
1.768348388671875000e+02 1.585129848832000000e+12
1.772115173339843750e+02 1.576668889088000000e+12
1.775881958007812500e+02 1.572901617664000000e+12
1.779648742675781250e+02 1.558011183104000000e+12
1.783415527343750000e+02 1.534110072832000000e+12
1.787182312011718750e+02 1.509917196288000000e+12
1.790949096679687500e+02 1.507569172480000000e+12
1.794715881347656250e+02 1.506382839808000000e+12
1.798482666015625000e+02 1.489451614208000000e+12
1.802249450683593750e+02 1.475313532928000000e+12
1.806016235351562500e+02 1.471727665152000000e+12
1.809783020019531250e+02 1.448457142272000000e+12
1.813549804687500000e+02 1.441074642944000000e+12
1.817316589355468750e+02 1.434981498880000000e+12
1.821083374023437500e+02 1.424578445312000000e+12
1.824850158691406250e+02 1.410753363968000000e+12
1.828616943359375000e+02 1.407994298368000000e+12
1.832383728027343750e+02 1.400139939840000000e+12
1.836150817871093750e+02 1.381168185344000000e+12
1.839917602539062500e+02 1.365757919232000000e+12
1.843684387207031250e+02 1.368416452608000000e+12
1.847451171875000000e+02 1.359224242176000000e+12
1.851217956542968750e+02 1.353748316160000000e+12
1.854984741210937500e+02 1.334034825216000000e+12
1.858751525878906250e+02 1.327279112192000000e+12
1.862518310546875000e+02 1.327721742336000000e+12
1.866285095214843750e+02 1.324592398336000000e+12
1.870051879882812500e+02 1.308988932096000000e+12
1.873818664550781250e+02 1.288694267904000000e+12
1.877585449218750000e+02 1.281034027008000000e+12
1.881352233886718750e+02 1.290100670464000000e+12
1.885119018554687500e+02 1.286210191360000000e+12
1.888885803222656250e+02 1.272406605824000000e+12
1.892652587890625000e+02 1.269923053568000000e+12
1.896419372558593750e+02 1.270080864256000000e+12
1.900186157226562500e+02 1.258074537984000000e+12
1.903952941894531250e+02 1.252161355776000000e+12
1.907720031738281250e+02 1.246402707456000000e+12
1.911486816406250000e+02 1.250496610304000000e+12
1.915253601074218750e+02 1.242251132928000000e+12
1.919020385742187500e+02 1.224230699008000000e+12
1.922787170410156250e+02 1.212072329216000000e+12
1.926553955078125000e+02 1.224770191360000000e+12
1.930320739746093750e+02 1.226459840512000000e+12
1.934087524414062500e+02 1.203528138752000000e+12
1.937854309082031250e+02 1.201194795008000000e+12
1.941621093750000000e+02 1.211859730432000000e+12
1.945387878417968750e+02 1.194678026240000000e+12
1.949154663085937500e+02 1.190631178240000000e+12
1.952921447753906250e+02 1.179157921792000000e+12
1.956688232421875000e+02 1.180749266944000000e+12
1.960455017089843750e+02 1.184500023296000000e+12
1.964221801757812500e+02 1.162753343488000000e+12
1.967988586425781250e+02 1.159875919872000000e+12
1.971755371093750000e+02 1.137905762304000000e+12
1.975522155761718750e+02 1.160741781504000000e+12
1.979288940429687500e+02 1.145747013632000000e+12
1.983056030273437500e+02 1.141387296768000000e+12
1.986822814941406250e+02 1.133015465984000000e+12
1.990589599609375000e+02 1.128907800576000000e+12
1.994356384277343750e+02 1.137995939840000000e+12
1.998123168945312500e+02 1.131402887168000000e+12
2.001889953613281250e+02 1.107734167552000000e+12
2.005656738281250000e+02 1.113966903296000000e+12
2.009423522949218750e+02 1.114634452992000000e+12
2.013190307617187500e+02 1.107837321216000000e+12
2.016957092285156250e+02 1.104051437568000000e+12
2.020723876953125000e+02 1.093228232704000000e+12
2.024490661621093750e+02 1.087971655680000000e+12
2.028257446289062500e+02 1.090024112128000000e+12
2.032024230957031250e+02 1.078928146432000000e+12
2.035791015625000000e+02 1.067323621376000000e+12
2.039557800292968750e+02 1.068636897280000000e+12
2.043324584960937500e+02 1.065909157888000000e+12
2.047091369628906250e+02 1.070422622208000000e+12
2.050858154296875000e+02 1.060126523392000000e+12
2.054625244140625000e+02 1.057346682880000000e+12
2.058392028808593750e+02 1.046017474560000000e+12
2.062158813476562500e+02 1.041453154304000000e+12
2.065925598144531250e+02 1.052648144896000000e+12
2.069692382812500000e+02 1.035364597760000000e+12
2.073459167480468750e+02 1.032704884736000000e+12
2.077225952148437500e+02 1.032366194688000000e+12
2.080992736816406250e+02 1.033427222528000000e+12
2.084759521484375000e+02 1.026321088512000000e+12
2.088526306152343750e+02 1.010978717696000000e+12
2.092293090820312500e+02 1.006375927808000000e+12
2.096059875488281250e+02 1.006671298560000000e+12
2.099826660156250000e+02 1.009380098048000000e+12
2.103593444824218750e+02 9.880987238400000000e+11
2.107360229492187500e+02 9.964208128000000000e+11
2.111127014160156250e+02 9.956231086080000000e+11
2.114893798828125000e+02 9.790501027840000000e+11
2.118660583496093750e+02 9.856200212480000000e+11
2.122427368164062500e+02 9.692643983360000000e+11
2.126194458007812500e+02 9.820757688320000000e+11
2.129961242675781250e+02 9.784189255680000000e+11
2.133728027343750000e+02 9.785994117120000000e+11
2.137494812011718750e+02 9.696323829760000000e+11
2.141261596679687500e+02 9.690464256000000000e+11
2.145028381347656250e+02 9.581932052480000000e+11
2.148795166015625000e+02 9.582576926720000000e+11
2.152561950683593750e+02 9.538015723520000000e+11
2.156328735351562500e+02 9.544123678720000000e+11
2.160095520019531250e+02 9.412360929280000000e+11
2.163862304687500000e+02 9.537366261760000000e+11
2.167629089355468750e+02 9.285119508480000000e+11
2.171395874023437500e+02 9.311657000960000000e+11
2.175162658691406250e+02 9.198577254400000000e+11
2.178929443359375000e+02 9.212768419840000000e+11
2.182696228027343750e+02 9.185869168640000000e+11
2.186463012695312500e+02 9.153282048000000000e+11
2.190229797363281250e+02 9.199077949440000000e+11
2.193996582031250000e+02 9.017800785920000000e+11
2.197763366699218750e+02 9.117808721920000000e+11
2.201530456542968750e+02 9.090242969600000000e+11
2.205297241210937500e+02 8.964485283840000000e+11
2.209064025878906250e+02 8.992597606400000000e+11
2.212830810546875000e+02 9.118504058880000000e+11
2.216597595214843750e+02 8.947029114880000000e+11
2.220364379882812500e+02 8.913995038720000000e+11
2.224131164550781250e+02 8.874995875840000000e+11
2.227897949218750000e+02 8.837100339200000000e+11
2.231664733886718750e+02 8.979755171840000000e+11
2.235431518554687500e+02 8.725729116160000000e+11
2.239198303222656250e+02 8.766732369920000000e+11
2.242965087890625000e+02 8.648476590080000000e+11
2.246731872558593750e+02 8.701268459520000000e+11
2.250498657226562500e+02 8.708656332800000000e+11
2.254265441894531250e+02 8.643069214720000000e+11
2.258032226562500000e+02 8.619850465280000000e+11
2.261799011230468750e+02 8.562757468160000000e+11
2.265565795898437500e+02 8.582092554240000000e+11
2.269332580566406250e+02 8.487114506240000000e+11
2.273099670410156250e+02 8.508981248000000000e+11
2.276866455078125000e+02 8.351188254720000000e+11
2.280633239746093750e+02 8.558590033920000000e+11
2.284400024414062500e+02 8.388542464000000000e+11
2.288166809082031250e+02 8.440128471040000000e+11
2.291933593750000000e+02 8.325431951360000000e+11
2.295700378417968750e+02 8.294336430080000000e+11
2.299467163085937500e+02 8.341318533120000000e+11
2.303233947753906250e+02 8.206864220160000000e+11
2.307000732421875000e+02 8.158097571840000000e+11
2.310767517089843750e+02 8.230690488320000000e+11
2.314534301757812500e+02 8.290396405760000000e+11
2.318301086425781250e+02 8.178525143040000000e+11
2.322067871093750000e+02 8.117034680320000000e+11
2.325834655761718750e+02 8.043317821440000000e+11
2.329601440429687500e+02 8.053302886400000000e+11
2.333368225097656250e+02 8.202268835840000000e+11
2.337135009765625000e+02 8.072364032000000000e+11
2.340901794433593750e+02 8.051441664000000000e+11
2.344668884277343750e+02 7.985441013760000000e+11
2.348435668945312500e+02 7.975374028800000000e+11
2.352202453613281250e+02 8.033495285760000000e+11
2.355969238281250000e+02 8.019327713280000000e+11
2.359736022949218750e+02 7.844247633920000000e+11
2.363502807617187500e+02 7.803371520000000000e+11
2.367269592285156250e+02 7.918876753920000000e+11
2.371036376953125000e+02 7.813753077760000000e+11
2.374803161621093750e+02 7.726095400960000000e+11
2.378569946289062500e+02 7.774093312000000000e+11
2.382336730957031250e+02 7.676935536640000000e+11
2.386103515625000000e+02 7.710367416320000000e+11
2.389870300292968750e+02 7.822088601600000000e+11
2.393637084960937500e+02 7.586127544320000000e+11
2.397403869628906250e+02 7.688210350080000000e+11
2.401170654296875000e+02 7.764030914560000000e+11
2.404937438964843750e+02 7.634061885440000000e+11
2.408704223632812500e+02 7.707467448320000000e+11
2.412471313476562500e+02 7.720608727040000000e+11
2.416237792968750000e+02 7.663827025920000000e+11
2.420004882812500000e+02 7.639765483520000000e+11
2.423771362304687500e+02 7.665856020480000000e+11
2.427538452148437500e+02 7.583770869760000000e+11
2.431304931640625000e+02 7.579881963520000000e+11
2.435072021484375000e+02 7.485652992000000000e+11
2.438838500976562500e+02 7.482704527360000000e+11
2.442605590820312500e+02 7.457205125120000000e+11
2.446372070312500000e+02 7.331350446080000000e+11
2.450139160156250000e+02 7.411898777600000000e+11
2.453906250000000000e+02 7.401922887680000000e+11
2.457672729492187500e+02 7.379511541760000000e+11
2.461439819335937500e+02 7.471777710080000000e+11
2.465206298828125000e+02 7.382369566720000000e+11
2.468973388671875000e+02 7.342001356800000000e+11
2.472739868164062500e+02 7.293784555520000000e+11
2.476506958007812500e+02 7.421306470400000000e+11
2.480273437500000000e+02 7.192871567360000000e+11
2.484040527343750000e+02 7.215988736000000000e+11
2.487807006835937500e+02 7.237540249600000000e+11
2.491574096679687500e+02 7.231458508800000000e+11
2.495340576171875000e+02 7.302504775680000000e+11
2.499107666015625000e+02 7.245236797440000000e+11
2.502874145507812500e+02 7.290398310400000000e+11
2.506641235351562500e+02 7.140168171520000000e+11
2.510407714843750000e+02 7.154008064000000000e+11
2.514174804687500000e+02 7.015294566400000000e+11
2.517941284179687500e+02 7.111878901760000000e+11
2.521708374023437500e+02 7.016647884800000000e+11
2.525474853515625000e+02 7.242108764160000000e+11
2.529241943359375000e+02 7.220158136320000000e+11
2.533009033203125000e+02 7.123562004480000000e+11
2.536775512695312500e+02 7.105886289920000000e+11
2.540542602539062500e+02 6.966186475520000000e+11
2.544309082031250000e+02 7.028878868480000000e+11
2.548076171875000000e+02 6.894459944960000000e+11
2.551842651367187500e+02 7.028327710720000000e+11
2.555609741210937500e+02 6.953367633920000000e+11
2.559376220703125000e+02 7.012437852160000000e+11
2.563143310546875000e+02 6.981047418880000000e+11
2.566909790039062500e+02 6.948327260160000000e+11
2.570676879882812500e+02 6.938303528960000000e+11
2.574443359375000000e+02 6.771849953280000000e+11
2.578210449218750000e+02 6.869891809280000000e+11
2.581976928710937500e+02 6.858953195520000000e+11
2.585744018554687500e+02 6.952612659200000000e+11
2.589510498046875000e+02 6.871658004480000000e+11
2.593277587890625000e+02 6.867627540480000000e+11
2.597044067382812500e+02 6.936933171200000000e+11
2.600811157226562500e+02 6.845737205760000000e+11
2.604578247070312500e+02 6.948114268160000000e+11
2.608344726562500000e+02 6.880232079360000000e+11
2.612111816406250000e+02 6.868830126080000000e+11
2.615878295898437500e+02 6.903209656320000000e+11
2.619645385742187500e+02 6.803967836160000000e+11
2.623411865234375000e+02 6.913043333120000000e+11
2.627178955078125000e+02 6.907771617280000000e+11
2.630945434570312500e+02 6.817406648320000000e+11
2.634712524414062500e+02 6.760478801920000000e+11
2.638479003906250000e+02 6.822477168640000000e+11
2.642246093750000000e+02 6.769788190720000000e+11
2.646012573242187500e+02 6.783289262080000000e+11
2.649779663085937500e+02 6.742337781760000000e+11
2.653546142578125000e+02 6.764232048640000000e+11
2.657313232421875000e+02 6.708105707520000000e+11
2.661079711914062500e+02 6.864891412480000000e+11
2.664846801757812500e+02 6.716139765760000000e+11
2.668613281250000000e+02 6.783533056000000000e+11
2.672380371093750000e+02 6.891978752000000000e+11
2.676147460937500000e+02 6.700723732480000000e+11
2.679913940429687500e+02 6.779516354560000000e+11
2.683681030273437500e+02 6.690313994240000000e+11
2.687447509765625000e+02 6.852634869760000000e+11
2.691214599609375000e+02 6.859860869120000000e+11
2.694981079101562500e+02 6.747030814720000000e+11
2.698748168945312500e+02 6.837796208640000000e+11
2.702514648437500000e+02 6.842219888640000000e+11
2.706281738281250000e+02 6.781517168640000000e+11
