aperture           f1       f2_source   f2_slit   f2_numeric     fwhm    sigma   fwhm_refined
25  5  23.0547  24.5441  23.1313  2.347  0    4.92803
25  6  22.9901  24.4932  23.1313  2.347  0    5.39736
25  7  22.922  24.4366  22.6263  2.347  0    5.39736
25  8  22.8502  24.3733  22.6263  2.347  0    4.92803
25  9  22.7742  24.302  22.6263  2.347  0    4.92803
25  10  22.6937  24.221  22.6263  2.347  0    5.39736
25  11  22.6084  24.1283  22.1212  2.347  0    5.39736
25  12  22.5176  24.0211  22.1212  2.347  0    5.39736
25  13  22.4211  23.8957  22.1212  2.347  0    5.8667
25  14  22.318  23.7471  21.6162  2.347  0    5.8667
25  15  22.2078  23.5681  21.6162  7.041  0    7.74404
25  16  22.0897  23.3485  21.1111  7.041  0    7.74404
25  17  21.9628  23.0725  21.1111  7.041  0    13.8454
25  18  21.8261  22.7152  20.6061  7.041  0    15.2534
25  19  21.6784  22.2347  20.101  11.735  0    18.0694
25  20  21.5183  21.5537  19.0909  7.041  0    19.4774
25  21  21.3443  20.5138  17.5758  11.735  0    24.1708
25  22  21.1543  18.7299  16.0606  16.429  0    40.1282
25  23  20.9461  14.9582  15.5556  35.205  0    59.1363
25  24  20.717  1.69811  45.8586  39.899  0    21.8241
25  25  20.4636  117.805  43.3333  16.429  0    44.8216
25  26  20.1818  41.2033  35.7576  11.735  0    34.0269
25  27  19.8667  34.0816  32.2222  11.735  0    25.5788
25  28  19.5118  31.4041  30.7071  7.041  0    23.7015
25  29  19.1092  30  29.1919  7.041  0    18.0694
25  30  18.6486  29.1354  28.6869  7.041  0    19.0081
25  31  18.1165  28.5496  28.1818  7.041  0    17.6001
25  32  17.4947  28.1263  27.6768  7.041  0    15.7228
25  33  16.7586  27.8062  27.1717  7.041  0    11.9681
25  34  15.8734  27.5557  26.6667  7.041  0    8.68272
25  35  14.7887  27.3542  26.6667  7.041  0    10.5601
25  36  13.4286  27.1888  27.6768  7.041  0    8.68272
25  37  11.6727  27.0504  26.1616  7.041  0    8.68272
25  38  9.31915  26.933  26.1616  7.041  0    8.68272
25  39  6  26.8321  26.1616  7.041  0    8.68272
25  40  0.967742  26.7445  26.1616  7.041  0    8.21338
25  41  nan  26.6677  26.1616  7.041  0    7.74404
25  42  nan  26.5998  26.1616  7.041  0    7.74404
25  43  nan  26.5394  26.1616  7.041  0    7.27471
25  44  786  26.4853  26.1616  7.041  0    7.27471
25  45  110  26.4365  26.1616  7.041  0    7.74404
25  46  70.2353  26.3924  25.6566  7.041  0    6.80537
25  47  55.92  26.3522  25.6566  7.041  0    6.80537
25  48  48.5455  26.3154  25.6566  7.041  0    6.33604
25  49  44.0488  26.2818  25.6566  7.041  0    6.33604
25  50  41.0204  26.2507  25.6566  7.041  0    6.33604
25  51  38.8421  26.2221  25.6566  7.041  0    6.33604
25  52  37.2  26.1956  25.6566  2.347  0    6.33604
25  53  35.9178  26.1709  25.6566  2.347  0    6.33604
25  54  34.8889  26.1479  25.6566  2.347  0    6.33604
25  55  34.0449  26.1265  25.6566  4.694  0    6.33604
25  56  33.3402  26.1064  25.6566  7.041  0    6.80537
25  57  32.7429  26.0876  25.1515  7.041  0    6.33604
25  58  32.2301  26.0699  25.1515  2.347  0    6.33604
25  59  31.7851  26.0532  25.1515  2.347  0    5.8667
25  60  31.3953  26.0375  25.1515  2.347  0    5.8667
25  61  31.0511  26.0226  25.1515  2.347  0    5.8667
25  62  30.7448  26.0086  25.1515  2.347  0    5.8667
25  63  30.4706  25.9953  25.1515  2.347  0    5.8667
25  64  30.2236  25.9827  25.1515  2.347  0    5.8667
25  65  30  25.9707  25.1515  2.347  0    5.8667
25  66  29.7966  25.9592  25.1515  2.347  0    5.8667
25  67  29.6108  25.9483  25.1515  2.347  0    5.8667
25  68  29.4404  25.938  25.1515  2.347  0    5.8667
25  69  29.2836  25.9281  25.1515  2.347  0    5.8667
25  70  29.1388  25.9186  25.1515  2.347  0    5.8667
25  71  29.0046  25.9095  25.1515  2.347  0    5.8667
25  72  28.88  25.9009  25.1515  2.347  0    5.8667
25  73  28.7639  25.8925  25.1515  2.347  0    5.8667
25  74  28.6556  25.8846  25.1515  2.347  0    5.8667
25  75  28.5542  25.8769  25.1515  2.347  0    5.8667
25  76  28.4591  25.8695  25.1515  2.347  0    5.8667
25  77  28.3698  25.8625  25.1515  2.347  0    5.8667
25  78  28.2857  25.8557  25.1515  2.347  0    5.8667
25  79  28.2064  25.8491  25.1515  2.347  0    5.8667
25  80  28.1315  25.8428  25.1515  2.347  0    5.8667
25  81  28.0606  25.8367  25.1515  2.347  0    5.8667
25  82  27.9934  25.8308  25.1515  2.347  0    5.8667
25  83  27.9297  25.8251  25.1515  2.347  0    5.8667
25  84  27.8692  25.8196  25.1515  2.347  0    5.8667
25  85  27.8116  25.8143  25.1515  2.347  0    5.8667
25  86  27.7567  25.8092  25.1515  2.347  0    5.8667
25  87  27.7043  25.8042  25.1515  2.347  0    5.8667
25  88  27.6544  25.7994  25.1515  2.347  0    5.8667
25  89  27.6066  25.7947  25.1515  2.347  0    5.8667
25  90  27.561  25.7902  25.1515  2.347  0    5.8667
25  91  27.5172  25.7858  25.1515  2.347  0    5.8667
25  92  27.4753  25.7816  25.1515  2.347  0    5.8667
25  93  27.4351  25.7774  25.1515  2.347  0    5.8667
25  94  27.3965  25.7734  25.1515  2.347  0    5.8667
25  95  27.3594  25.7695  25.1515  2.347  0    5.8667
25  96  27.3237  25.7657  25.1515  2.347  0    5.8667
25  97  27.2894  25.7621  24.6465  2.347  0    5.8667
25  98  27.2564  25.7585  24.6465  2.347  0    5.8667
25  99  27.2245  25.755  24.6465  2.347  0    5.8667
25  100  27.1938  25.7516  24.6465  2.347  0    5.8667
