#S 1 scored data
#N 5
#L  distance  fwhm  total_intensity  on_axis_intensity  peak_intensity
10 31.4167 2.7205e+18 5.21975e+22 5.4808e+22
10.04 30.4789 2.72051e+18 5.69076e+22 5.69988e+22
10.0801 30.3226 2.72044e+18 5.83213e+22 5.84684e+22
10.1201 32.0419 2.72032e+18 5.5386e+22 5.57471e+22
10.1602 31.8856 2.72031e+18 5.22914e+22 5.69486e+22
10.2002 30.7915 2.72022e+18 5.2441e+22 5.64383e+22
10.2402 30.6352 2.72025e+18 5.45848e+22 5.6712e+22
10.2803 30.4789 2.72022e+18 5.66932e+22 5.67647e+22
10.3203 29.2285 2.72033e+18 5.7947e+22 5.80829e+22
10.3604 30.7915 2.72031e+18 5.72961e+22 5.73795e+22
10.4004 30.6352 2.72037e+18 5.49593e+22 5.78322e+22
10.4404 30.1663 2.72032e+18 5.48171e+22 5.8599e+22
10.4805 29.5411 2.72026e+18 5.82345e+22 5.83415e+22
10.5205 29.8537 2.72012e+18 6.06095e+22 6.07387e+22
10.5606 30.6352 2.72e+18 5.83813e+22 5.84021e+22
10.6006 29.2285 2.71996e+18 5.46276e+22 5.95324e+22
10.6406 29.2285 2.71996e+18 5.38793e+22 5.98564e+22
10.6807 30.7915 2.72009e+18 5.75288e+22 5.92073e+22
10.7207 28.2907 2.72028e+18 6.19554e+22 6.20115e+22
10.7608 29.5411 2.72035e+18 6.03374e+22 6.03821e+22
10.8008 28.2907 2.72039e+18 5.4655e+22 6.1847e+22
10.8408 27.9781 2.72029e+18 5.59076e+22 6.19348e+22
10.8809 29.2285 2.72018e+18 6.24611e+22 6.24611e+22
10.9209 29.3848 2.7202e+18 6.1369e+22 6.16621e+22
10.961 27.9781 2.72043e+18 5.61491e+22 6.31121e+22
11.001 27.9781 2.72064e+18 5.88589e+22 6.20043e+22
11.041 27.6655 2.72116e+18 6.36817e+22 6.3754e+22
11.0811 29.6974 2.72132e+18 6.24695e+22 6.25131e+22
11.1211 29.8537 2.72159e+18 6.10441e+22 6.19318e+22
11.1612 28.2907 2.72159e+18 6.14306e+22 6.20998e+22
11.2012 28.2907 2.72148e+18 6.13932e+22 6.33971e+22
11.2412 29.5411 2.72139e+18 6.20725e+22 6.42154e+22
11.2813 27.6655 2.72134e+18 6.15284e+22 6.46057e+22
11.3213 27.6655 2.7213e+18 6.15105e+22 6.5867e+22
11.3614 27.3529 2.7214e+18 6.2953e+22 6.63829e+22
11.4014 27.3529 2.72151e+18 6.11844e+22 6.58529e+22
11.4414 27.0402 2.72163e+18 6.26036e+22 6.69519e+22
11.4815 27.0402 2.72168e+18 6.74145e+22 6.74486e+22
11.5215 28.7596 2.72177e+18 6.40036e+22 6.64572e+22
11.5616 27.1965 2.72175e+18 6.24143e+22 6.85806e+22
11.6016 27.0402 2.72188e+18 6.8607e+22 6.8643e+22
11.6416 26.415 2.72202e+18 6.81988e+22 6.82356e+22
11.6817 27.6655 2.72206e+18 6.3964e+22 6.76674e+22
11.7217 27.6655 2.72222e+18 6.40846e+22 6.86547e+22
11.7618 26.5713 2.72219e+18 6.81725e+22 6.94403e+22
11.8018 26.415 2.72224e+18 6.89901e+22 6.91681e+22
11.8418 25.4772 2.72233e+18 6.38777e+22 7.0307e+22
11.8819 27.3529 2.72229e+18 6.69129e+22 6.92445e+22
11.9219 26.7276 2.72236e+18 7.02633e+22 7.02813e+22
11.962 25.7898 2.72231e+18 6.79839e+22 7.1888e+22
12.002 26.7276 2.72242e+18 7.11763e+22 7.11889e+22
12.042 25.6335 2.72239e+18 6.7693e+22 7.10382e+22
12.0821 25.4772 2.72235e+18 6.58367e+22 7.23102e+22
12.1221 26.415 2.72234e+18 7.27864e+22 7.28015e+22
12.1622 25.4772 2.7223e+18 7.38332e+22 7.38586e+22
12.2022 25.1646 2.72223e+18 7.04416e+22 7.40184e+22
12.2422 25.4772 2.7222e+18 7.05072e+22 7.39575e+22
12.2823 24.2268 2.72217e+18 7.5666e+22 7.5769e+22
12.3223 25.4772 2.72211e+18 7.27964e+22 7.38572e+22
12.3624 25.3209 2.72212e+18 7.26837e+22 7.58159e+22
12.4024 25.3209 2.72214e+18 7.61359e+22 7.61668e+22
12.4424 23.6016 2.72226e+18 7.24573e+22 7.76176e+22
12.4825 24.2268 2.72233e+18 7.19923e+22 7.86618e+22
12.5225 23.7579 2.72253e+18 7.17892e+22 7.76778e+22
12.5626 23.9142 2.72263e+18 7.96936e+22 7.97186e+22
12.6026 25.4772 2.72276e+18 7.78407e+22 7.78932e+22
12.6426 24.852 2.72276e+18 7.38173e+22 7.83031e+22
12.6827 24.2268 2.72271e+18 7.61409e+22 7.78813e+22
12.7227 23.9142 2.72275e+18 7.61785e+22 7.70979e+22
12.7628 23.9142 2.72269e+18 7.87219e+22 8.03988e+22
12.8028 24.2268 2.72286e+18 7.96624e+22 8.03259e+22
12.8428 25.3209 2.72301e+18 7.72637e+22 7.86776e+22
12.8829 23.6016 2.72308e+18 7.70151e+22 8.27162e+22
12.9229 24.2268 2.72325e+18 7.96771e+22 8.0164e+22
12.963 22.9764 2.72339e+18 7.73692e+22 8.34375e+22
13.003 21.726 2.72343e+18 8.62304e+22 8.62821e+22
13.043 23.289 2.72339e+18 8.12568e+22 8.36225e+22
13.0831 24.5394 2.72339e+18 7.7781e+22 8.46969e+22
13.1231 23.289 2.72342e+18 7.72686e+22 8.52968e+22
13.1632 23.289 2.7235e+18 8.54353e+22 8.54958e+22
13.2032 21.726 2.72361e+18 8.37298e+22 8.57503e+22
13.2432 21.726 2.72369e+18 8.42815e+22 8.66028e+22
13.2833 23.1327 2.7238e+18 8.6563e+22 8.66365e+22
13.3233 22.9764 2.72391e+18 7.98499e+22 8.66543e+22
13.3634 23.9142 2.72388e+18 7.87777e+22 8.59996e+22
13.4034 22.6638 2.72396e+18 8.80546e+22 8.81493e+22
13.4434 21.2571 2.72393e+18 8.93254e+22 8.93359e+22
13.4835 21.1008 2.7239e+18 9.05284e+22 9.0625e+22
13.5235 22.9764 2.72393e+18 8.25996e+22 8.87476e+22
13.5636 22.3512 2.72388e+18 8.31799e+22 9.24971e+22
13.6036 23.289 2.72388e+18 8.34442e+22 9.06108e+22
13.6436 21.5697 2.72381e+18 9.36261e+22 9.37308e+22
13.6837 20.7882 2.72382e+18 9.07328e+22 9.44202e+22
13.7237 21.4134 2.72377e+18 9.34156e+22 9.34559e+22
13.7638 21.5697 2.72372e+18 8.46905e+22 9.15945e+22
13.8038 22.6638 2.72369e+18 8.61322e+22 9.32286e+22
13.8438 23.1327 2.72365e+18 8.95664e+22 9.16382e+22
13.8839 21.4134 2.72366e+18 9.31218e+22 9.34511e+22
13.9239 20.7882 2.72367e+18 9.68823e+22 9.69307e+22
13.964 20.7882 2.72367e+18 9.45904e+22 9.51018e+22
14.004 21.726 2.72365e+18 8.84229e+22 9.59571e+22
14.044 21.1008 2.72364e+18 8.85002e+22 9.71325e+22
14.0841 21.8823 2.72365e+18 9.67461e+22 9.67952e+22
14.1241 20.9445 2.72369e+18 9.2321e+22 9.89444e+22
14.1642 20.163 2.72371e+18 1.01543e+23 1.01641e+23
14.2042 20.9445 2.72372e+18 9.59229e+22 9.78628e+22
14.2442 21.726 2.72372e+18 9.31025e+22 9.92042e+22
14.2843 20.7882 2.72372e+18 9.45197e+22 9.86265e+22
14.3243 20.4756 2.72366e+18 9.79869e+22 9.80029e+22
14.3644 20.4756 2.72359e+18 9.78145e+22 9.89469e+22
14.4044 20.6319 2.72353e+18 1.00601e+23 1.00629e+23
14.4444 21.1008 2.7235e+18 9.90411e+22 9.92757e+22
14.4845 21.4134 2.72359e+18 9.85618e+22 9.96036e+22
14.5245 21.1008 2.72358e+18 9.95345e+22 1.00185e+23
14.5646 20.0067 2.72378e+18 1.02328e+23 1.02347e+23
14.6046 20.4756 2.72387e+18 1.0154e+23 1.02096e+23
14.6446 19.8504 2.72398e+18 1.0089e+23 1.0326e+23
14.6847 20.163 2.72402e+18 1.00945e+23 1.03532e+23
14.7247 20.7882 2.72405e+18 1.03771e+23 1.03795e+23
14.7648 20.3193 2.72406e+18 1.03882e+23 1.05259e+23
14.8048 20.163 2.72407e+18 1.08824e+23 1.0884e+23
14.8448 19.8504 2.72407e+18 1.066e+23 1.06643e+23
14.8849 19.3814 2.72417e+18 9.99835e+22 1.06934e+23
14.9249 19.3814 2.7242e+18 1.07207e+23 1.08525e+23
14.965 18.2873 2.72434e+18 1.01403e+23 1.09161e+23
15.005 19.5378 2.72439e+18 1.11547e+23 1.11583e+23
15.045 19.5378 2.7245e+18 1.15071e+23 1.15107e+23
15.0851 19.5378 2.72448e+18 1.08571e+23 1.1157e+23
15.1251 19.5378 2.7245e+18 1.09583e+23 1.10321e+23
15.1652 18.2873 2.72446e+18 1.0477e+23 1.12499e+23
15.2052 18.5999 2.7244e+18 1.05409e+23 1.11367e+23
15.2452 19.2251 2.72438e+18 1.14677e+23 1.14695e+23
15.2853 19.2251 2.72443e+18 1.17816e+23 1.17855e+23
15.3253 19.3814 2.72445e+18 1.15742e+23 1.17602e+23
15.3654 19.2251 2.72445e+18 1.15892e+23 1.15951e+23
15.4054 18.2873 2.72454e+18 1.07938e+23 1.15957e+23
15.4454 17.9747 2.72461e+18 1.08859e+23 1.16176e+23
15.4855 18.9125 2.72461e+18 1.16934e+23 1.16989e+23
15.5255 18.5999 2.72459e+18 1.18474e+23 1.20642e+23
15.5656 18.9125 2.72462e+18 1.22831e+23 1.22879e+23
15.6056 19.2251 2.72462e+18 1.21294e+23 1.21312e+23
15.6456 18.2873 2.72462e+18 1.13264e+23 1.18849e+23
15.6857 17.8184 2.72463e+18 1.14518e+23 1.20678e+23
15.7257 17.9747 2.72467e+18 1.18424e+23 1.19758e+23
15.7658 18.2873 2.72473e+18 1.19587e+23 1.22454e+23
15.8058 18.2873 2.72476e+18 1.28118e+23 1.28147e+23
15.8458 18.131 2.72478e+18 1.25129e+23 1.25155e+23
15.8859 18.2873 2.72484e+18 1.20181e+23 1.23305e+23
15.9259 17.6621 2.72487e+18 1.21903e+23 1.24886e+23
15.966 17.3495 2.72486e+18 1.19347e+23 1.27276e+23
16.006 17.9747 2.72489e+18 1.24563e+23 1.25735e+23
16.046 17.9747 2.72486e+18 1.28067e+23 1.28088e+23
16.0861 17.3495 2.72488e+18 1.29878e+23 1.29916e+23
16.1261 17.8184 2.72487e+18 1.27464e+23 1.2919e+23
16.1662 17.3495 2.72483e+18 1.25446e+23 1.29099e+23
16.2062 17.1932 2.72482e+18 1.28576e+23 1.28601e+23
16.2462 17.9747 2.72479e+18 1.26482e+23 1.29661e+23
16.2863 17.5058 2.72472e+18 1.30849e+23 1.30871e+23
16.3263 17.6621 2.72466e+18 1.32421e+23 1.32441e+23
16.3664 17.3495 2.72464e+18 1.30996e+23 1.31282e+23
16.4064 17.0369 2.7246e+18 1.31223e+23 1.31573e+23
16.4464 17.0369 2.72464e+18 1.3283e+23 1.32849e+23
16.4865 17.0369 2.72466e+18 1.35643e+23 1.35673e+23
16.5265 17.0369 2.72471e+18 1.34477e+23 1.35601e+23
16.5666 17.0369 2.72484e+18 1.36258e+23 1.36262e+23
16.6066 17.1932 2.7249e+18 1.3447e+23 1.37217e+23
16.6466 16.7243 2.72504e+18 1.35108e+23 1.35649e+23
16.6867 16.7243 2.72507e+18 1.33596e+23 1.38539e+23
16.7267 16.4117 2.72515e+18 1.41865e+23 1.41924e+23
16.7668 16.0991 2.72516e+18 1.44147e+23 1.44173e+23
16.8068 15.9428 2.72515e+18 1.37672e+23 1.44091e+23
16.8468 16.4117 2.72514e+18 1.45293e+23 1.45372e+23
16.8869 17.0369 2.72511e+18 1.35701e+23 1.42474e+23
16.9269 16.4117 2.72509e+18 1.37968e+23 1.42092e+23
16.967 16.4117 2.72512e+18 1.42239e+23 1.42257e+23
17.007 15.9428 2.72508e+18 1.45937e+23 1.45945e+23
17.047 15.1613 2.72507e+18 1.52123e+23 1.52162e+23
17.0871 15.7865 2.72511e+18 1.45849e+23 1.47276e+23
17.1271 16.0991 2.7251e+18 1.46271e+23 1.46281e+23
17.1672 16.4117 2.7251e+18 1.40333e+23 1.46673e+23
17.2072 16.4117 2.7251e+18 1.44783e+23 1.47635e+23
17.2472 15.9428 2.72507e+18 1.46826e+23 1.48071e+23
17.2873 15.4739 2.72507e+18 1.50892e+23 1.53249e+23
17.3273 14.5361 2.72505e+18 1.59212e+23 1.5929e+23
17.3674 14.8487 2.72505e+18 1.55652e+23 1.55695e+23
17.4074 15.6302 2.72504e+18 1.47318e+23 1.52501e+23
17.4474 15.9428 2.72505e+18 1.46403e+23 1.50898e+23
17.4875 16.0991 2.72504e+18 1.49519e+23 1.5431e+23
17.5275 15.6302 2.72509e+18 1.53025e+23 1.53035e+23
17.5676 15.1613 2.72507e+18 1.56943e+23 1.5828e+23
17.6076 14.3798 2.72511e+18 1.60612e+23 1.60635e+23
17.6476 14.5361 2.72512e+18 1.6315e+23 1.63205e+23
17.6877 15.005 2.72512e+18 1.53542e+23 1.57337e+23
17.7277 15.7865 2.72515e+18 1.55994e+23 1.56018e+23
17.7678 15.4739 2.72515e+18 1.51095e+23 1.58679e+23
17.8078 15.4739 2.72514e+18 1.58926e+23 1.58927e+23
17.8478 14.5361 2.72516e+18 1.62389e+23 1.62403e+23
17.8879 14.2235 2.72516e+18 1.66955e+23 1.6701e+23
17.9279 14.3798 2.72513e+18 1.65243e+23 1.65256e+23
17.968 14.5361 2.72515e+18 1.57583e+23 1.6453e+23
18.008 15.1613 2.72511e+18 1.63478e+23 1.63519e+23
18.048 14.5361 2.72507e+18 1.59849e+23 1.65243e+23
18.0881 14.8487 2.72501e+18 1.65922e+23 1.65947e+23
18.1281 14.2235 2.72498e+18 1.61893e+23 1.68476e+23
18.1682 13.9109 2.72492e+18 1.70895e+23 1.70932e+23
18.2082 14.2235 2.72482e+18 1.6976e+23 1.69808e+23
18.2482 14.3798 2.7248e+18 1.68171e+23 1.68176e+23
18.2883 14.5361 2.72473e+18 1.65569e+23 1.67671e+23
18.3283 14.2235 2.72469e+18 1.66841e+23 1.67388e+23
18.3684 14.2235 2.72463e+18 1.70627e+23 1.70665e+23
18.4084 13.9109 2.72462e+18 1.70319e+23 1.70322e+23
18.4484 13.9109 2.72461e+18 1.7112e+23 1.71123e+23
18.4885 13.9109 2.7246e+18 1.72075e+23 1.72095e+23
18.5285 14.2235 2.72459e+18 1.70936e+23 1.70944e+23
18.5686 13.9109 2.7246e+18 1.72524e+23 1.72796e+23
18.6086 13.9109 2.7246e+18 1.72426e+23 1.74255e+23
18.6486 13.5983 2.72461e+18 1.79046e+23 1.79104e+23
18.6887 13.5983 2.72463e+18 1.7682e+23 1.76856e+23
18.7287 13.5983 2.72462e+18 1.7547e+23 1.75476e+23
18.7688 13.5983 2.72462e+18 1.71165e+23 1.75594e+23
18.8088 13.9109 2.72461e+18 1.73313e+23 1.73471e+23
18.8488 13.5983 2.7246e+18 1.7838e+23 1.78434e+23
18.8889 13.5983 2.72454e+18 1.78613e+23 1.78632e+23
18.9289 12.9731 2.72458e+18 1.82584e+23 1.82589e+23
18.969 13.2857 2.72448e+18 1.78084e+23 1.81705e+23
19.009 12.8168 2.72446e+18 1.83549e+23 1.836e+23
19.049 13.5983 2.72442e+18 1.75404e+23 1.78819e+23
19.0891 13.2857 2.72436e+18 1.79136e+23 1.79172e+23
19.1291 13.442 2.72438e+18 1.72753e+23 1.80438e+23
19.1692 12.9731 2.7243e+18 1.83684e+23 1.83704e+23
19.2092 13.2857 2.7243e+18 1.8369e+23 1.83701e+23
19.2492 12.5042 2.72429e+18 1.90984e+23 1.91046e+23
19.2893 12.9731 2.72423e+18 1.83724e+23 1.84213e+23
19.3293 12.6605 2.72423e+18 1.82521e+23 1.82521e+23
19.3694 13.2857 2.72416e+18 1.77055e+23 1.79307e+23
19.4094 12.9731 2.72416e+18 1.78943e+23 1.78967e+23
19.4494 12.9731 2.72408e+18 1.80292e+23 1.80307e+23
19.4895 12.6605 2.72404e+18 1.84366e+23 1.84638e+23
19.5295 12.6605 2.72399e+18 1.88048e+23 1.88239e+23
19.5696 12.5042 2.72394e+18 1.90036e+23 1.9005e+23
19.6096 12.3479 2.72389e+18 1.89065e+23 1.89119e+23
19.6496 12.6605 2.72386e+18 1.84181e+23 1.84213e+23
19.6897 12.6605 2.72379e+18 1.79228e+23 1.8018e+23
19.7297 12.6605 2.72377e+18 1.78097e+23 1.81876e+23
19.7698 12.5042 2.72375e+18 1.81256e+23 1.83418e+23
19.8098 12.1916 2.72368e+18 1.88858e+23 1.88888e+23
19.8498 12.0353 2.72368e+18 1.91293e+23 1.9135e+23
19.8899 12.0353 2.72362e+18 1.92391e+23 1.92447e+23
19.9299 12.3479 2.7236e+18 1.84512e+23 1.84906e+23
19.97 12.3479 2.72353e+18 1.822e+23 1.82862e+23
20.01 12.3479 2.72354e+18 1.76601e+23 1.8209e+23
20.0501 12.0353 2.72352e+18 1.82565e+23 1.82593e+23
20.0901 12.0353 2.72345e+18 1.82082e+23 1.82099e+23
20.1301 11.7227 2.72345e+18 1.89635e+23 1.89693e+23
20.1702 12.0353 2.72339e+18 1.85304e+23 1.85519e+23
20.2102 12.0353 2.72334e+18 1.8824e+23 1.88255e+23
20.2503 12.0353 2.72329e+18 1.80993e+23 1.83395e+23
20.2903 11.7227 2.72322e+18 1.83595e+23 1.83622e+23
20.3303 11.879 2.7232e+18 1.78412e+23 1.79032e+23
20.3704 11.7227 2.72313e+18 1.82609e+23 1.82653e+23
20.4104 11.7227 2.72312e+18 1.79098e+23 1.79622e+23
20.4505 11.7227 2.72307e+18 1.82631e+23 1.82641e+23
20.4905 11.879 2.72305e+18 1.79292e+23 1.80445e+23
20.5305 11.7227 2.72304e+18 1.81118e+23 1.81137e+23
20.5706 11.7227 2.72302e+18 1.78104e+23 1.78117e+23
20.6106 11.5663 2.72302e+18 1.78524e+23 1.78565e+23
20.6507 11.7227 2.72301e+18 1.76277e+23 1.76294e+23
20.6907 11.5663 2.723e+18 1.75702e+23 1.7571e+23
20.7307 11.7227 2.723e+18 1.74311e+23 1.75017e+23
20.7708 11.41 2.723e+18 1.73099e+23 1.7394e+23
20.8108 11.7227 2.72299e+18 1.72594e+23 1.72594e+23
20.8509 11.41 2.72298e+18 1.71416e+23 1.71437e+23
20.8909 11.41 2.72298e+18 1.71859e+23 1.71894e+23
20.9309 11.41 2.72296e+18 1.70931e+23 1.70971e+23
20.971 11.41 2.72294e+18 1.7089e+23 1.70915e+23
21.011 11.41 2.72292e+18 1.68896e+23 1.689e+23
21.0511 11.7227 2.72286e+18 1.66183e+23 1.66794e+23
21.0911 11.41 2.72286e+18 1.63155e+23 1.64045e+23
21.1311 11.41 2.72281e+18 1.59026e+23 1.60613e+23
21.1712 11.41 2.72275e+18 1.58531e+23 1.58539e+23
21.2112 11.5663 2.72276e+18 1.56188e+23 1.56197e+23
21.2513 11.41 2.72267e+18 1.59783e+23 1.59835e+23
21.2913 11.7227 2.72266e+18 1.57345e+23 1.57371e+23
21.3313 11.5663 2.72263e+18 1.60623e+23 1.60672e+23
21.3714 11.7227 2.72255e+18 1.53257e+23 1.53535e+23
21.4114 11.7227 2.72258e+18 1.53179e+23 1.5319e+23
21.4515 11.41 2.7225e+18 1.42845e+23 1.47859e+23
21.4915 11.7227 2.72245e+18 1.43797e+23 1.43866e+23
21.5315 11.7227 2.72244e+18 1.37357e+23 1.42272e+23
21.5716 12.0353 2.72237e+18 1.42887e+23 1.42913e+23
21.6116 12.3479 2.72233e+18 1.40379e+23 1.40388e+23
21.6517 12.0353 2.72226e+18 1.4503e+23 1.45092e+23
21.6917 12.3479 2.72225e+18 1.39991e+23 1.40022e+23
21.7317 12.0353 2.72219e+18 1.37761e+23 1.37804e+23
21.7718 12.9731 2.72214e+18 1.29434e+23 1.29438e+23
21.8118 13.2857 2.72213e+18 1.24248e+23 1.24275e+23
21.8519 14.2235 2.72209e+18 1.19171e+23 1.21646e+23
21.8919 14.8487 2.72206e+18 1.17878e+23 1.19597e+23
21.9319 14.2235 2.72202e+18 1.18052e+23 1.19058e+23
21.972 22.6638 2.722e+18 1.19091e+23 1.19091e+23
22.012 23.6016 2.72196e+18 1.18151e+23 1.18155e+23
22.0521 23.289 2.7219e+18 1.16217e+23 1.16239e+23
22.0921 26.1024 2.7219e+18 1.10138e+23 1.10148e+23
22.1321 27.0402 2.72181e+18 1.06562e+23 1.0659e+23
22.1722 27.6655 2.72179e+18 9.94083e+22 1.01575e+23
22.2122 27.6655 2.72174e+18 9.93402e+22 9.9361e+22
22.2523 27.6655 2.72169e+18 9.47698e+22 9.6295e+22
22.2923 27.6655 2.72169e+18 9.75788e+22 9.76021e+22
22.3323 27.6655 2.72161e+18 9.31016e+22 9.33232e+22
22.3724 28.2907 2.72163e+18 9.32582e+22 9.32703e+22
22.4124 28.7596 2.72162e+18 8.68109e+22 8.72468e+22
22.4525 29.2285 2.72157e+18 8.27862e+22 8.29389e+22
22.4925 29.8537 2.72159e+18 7.75981e+22 7.85243e+22
22.5325 29.6974 2.72159e+18 7.29784e+22 7.84478e+22
22.5726 29.8537 2.72154e+18 7.22749e+22 7.91984e+22
22.6126 29.5411 2.72159e+18 6.84598e+22 7.93239e+22
22.6527 29.5411 2.72159e+18 7.04167e+22 7.93172e+22
22.6927 29.0722 2.72156e+18 6.52383e+22 8.06554e+22
22.7327 29.2285 2.7216e+18 6.60966e+22 8.10146e+22
22.7728 28.9159 2.72161e+18 5.94928e+22 8.23233e+22
22.8128 28.9159 2.7216e+18 5.85907e+22 8.49162e+22
22.8529 28.9159 2.72162e+18 5.34654e+22 8.48004e+22
22.8929 28.9159 2.72165e+18 5.22168e+22 8.56855e+22
22.9329 28.9159 2.72165e+18 4.98209e+22 8.55022e+22
22.973 28.9159 2.72166e+18 4.8118e+22 8.41408e+22
23.013 29.2285 2.72168e+18 4.67765e+22 8.42895e+22
23.0531 28.9159 2.72168e+18 4.39336e+22 8.37465e+22
23.0931 29.3848 2.72167e+18 4.22286e+22 8.43257e+22
23.1331 29.2285 2.72168e+18 3.93207e+22 8.41431e+22
23.1732 31.1041 2.72167e+18 3.76246e+22 8.36349e+22
23.2132 34.5427 2.72165e+18 3.59454e+22 8.25586e+22
23.2533 36.731 2.72164e+18 3.45625e+22 8.10775e+22
23.2933 37.9814 2.7216e+18 3.35682e+22 8.06294e+22
23.3333 38.294 2.72159e+18 3.2204e+22 7.93749e+22
23.3734 38.6066 2.72155e+18 3.08356e+22 7.90643e+22
23.4134 38.6066 2.72149e+18 3.02002e+22 7.89814e+22
23.4535 38.6066 2.72147e+18 2.8735e+22 7.68814e+22
23.4935 38.6066 2.72141e+18 3.00424e+22 7.6825e+22
23.5335 38.294 2.72134e+18 2.89389e+22 7.47334e+22
23.5736 38.9192 2.72131e+18 3.15923e+22 7.21911e+22
23.6136 38.9192 2.72124e+18 3.03364e+22 7.08106e+22
23.6537 39.857 2.72118e+18 3.20649e+22 6.81076e+22
23.6937 39.5444 2.72114e+18 3.09775e+22 6.67561e+22
23.7337 40.4822 2.72106e+18 3.09324e+22 6.53311e+22
23.7738 39.857 2.72101e+18 3.19144e+22 6.48266e+22
23.8138 40.6385 2.72098e+18 3.14288e+22 6.33751e+22
23.8539 40.4822 2.72089e+18 3.54417e+22 6.41883e+22
23.8939 45.7965 2.72086e+18 3.50579e+22 6.38115e+22
23.9339 45.7965 2.72084e+18 3.98247e+22 6.5212e+22
23.974 45.4839 2.72075e+18 3.90253e+22 6.52036e+22
24.014 45.4839 2.72073e+18 4.10906e+22 6.74669e+22
24.0541 44.8587 2.72069e+18 4.08213e+22 6.72351e+22
24.0941 45.7965 2.72065e+18 4.02907e+22 6.91958e+22
24.1341 45.7965 2.72063e+18 4.26559e+22 6.89988e+22
24.1742 46.4217 2.72058e+18 4.25954e+22 6.83708e+22
24.2142 47.3595 2.72057e+18 4.77199e+22 6.59562e+22
24.2543 46.7343 2.72055e+18 4.93034e+22 6.54982e+22
24.2943 47.3595 2.72053e+18 5.37021e+22 6.26511e+22
24.3343 47.0469 2.72051e+18 5.53309e+22 6.28685e+22
24.3744 47.3595 2.7205e+18 5.59389e+22 6.03842e+22
24.4144 48.6099 2.72048e+18 5.62321e+22 5.8563e+22
24.4545 50.4855 2.72047e+18 5.48037e+22 5.80544e+22
24.4945 49.8603 2.72046e+18 5.4764e+22 5.62335e+22
24.5345 51.736 2.72044e+18 5.48043e+22 5.48043e+22
24.5746 50.7982 2.72041e+18 5.59051e+22 5.59052e+22
24.6146 51.4234 2.72038e+18 5.71903e+22 5.76999e+22
24.6547 51.8923 2.72039e+18 5.85846e+22 5.85951e+22
24.6947 53.299 2.72033e+18 5.75553e+22 5.84552e+22
24.7347 53.299 2.7203e+18 5.71881e+22 5.72018e+22
24.7748 54.2368 2.72031e+18 5.28132e+22 5.61937e+22
24.8148 54.5494 2.72026e+18 4.99761e+22 5.44955e+22
24.8549 55.1746 2.72026e+18 4.59247e+22 5.42306e+22
24.8949 55.4872 2.72025e+18 4.1963e+22 5.32144e+22
24.9349 56.1124 2.72023e+18 4.13299e+22 5.35168e+22
24.975 55.7998 2.72022e+18 3.77007e+22 5.26352e+22
25.015 55.7998 2.72022e+18 3.88915e+22 5.43989e+22
25.0551 56.425 2.72021e+18 3.60584e+22 5.15664e+22
25.0951 57.3628 2.7202e+18 3.50452e+22 5.16533e+22
25.1351 57.988 2.72023e+18 3.36031e+22 5.01292e+22
25.1752 59.2385 2.72021e+18 2.96549e+22 4.99466e+22
25.2152 59.2385 2.72021e+18 2.99968e+22 5.07094e+22
25.2553 59.8637 2.72024e+18 2.66013e+22 5.10282e+22
25.2953 60.4889 2.72025e+18 2.81702e+22 5.09782e+22
25.3353 61.1141 2.72025e+18 2.81041e+22 5.1791e+22
25.3754 61.7393 2.72028e+18 2.91194e+22 4.98683e+22
25.4154 62.6771 2.72031e+18 3.19133e+22 4.92743e+22
25.4555 63.3023 2.72032e+18 3.113e+22 4.8312e+22
25.4955 62.9897 2.72033e+18 3.40639e+22 4.85801e+22
25.5355 63.9275 2.72037e+18 3.31333e+22 4.75227e+22
25.5756 63.3023 2.7204e+18 3.41516e+22 4.76289e+22
25.6156 63.9275 2.72039e+18 3.52294e+22 4.79071e+22
25.6557 64.8653 2.72041e+18 3.48594e+22 4.81081e+22
25.6957 66.4284 2.72045e+18 3.72597e+22 4.67842e+22
25.7357 65.4905 2.72045e+18 3.70286e+22 4.70862e+22
25.7758 66.741 2.72042e+18 3.82597e+22 4.62937e+22
25.8158 66.1157 2.72045e+18 3.84871e+22 4.76617e+22
25.8559 66.4284 2.72046e+18 3.79088e+22 4.87099e+22
25.8959 67.6788 2.72042e+18 3.77089e+22 4.86461e+22
25.9359 69.2418 2.72042e+18 3.68147e+22 4.81572e+22
25.976 69.2418 2.7204e+18 3.61461e+22 4.62254e+22
26.016 70.4922 2.72038e+18 3.54333e+22 4.52145e+22
26.0561 70.1796 2.72038e+18 3.51828e+22 4.49859e+22
26.0961 69.5544 2.72035e+18 3.3803e+22 4.63859e+22
26.1361 70.8048 2.7203e+18 3.37388e+22 4.45519e+22
26.1762 72.993 2.72029e+18 3.20758e+22 4.40412e+22
26.2162 72.0552 2.72024e+18 3.0918e+22 4.36617e+22
26.2563 73.6182 2.72017e+18 3.07056e+22 4.29838e+22
26.2963 72.993 2.72016e+18 2.86657e+22 4.35346e+22
26.3363 72.6804 2.72011e+18 3.0039e+22 4.40292e+22
26.3764 73.6182 2.72003e+18 2.91759e+22 4.35081e+22
26.4164 73.3056 2.72002e+18 2.97792e+22 4.44002e+22
26.4565 74.5561 2.71997e+18 3.12605e+22 4.42652e+22
26.4965 76.1191 2.7199e+18 2.94794e+22 4.23911e+22
26.5365 76.9006 2.71989e+18 3.13235e+22 4.18674e+22
26.5766 77.0569 2.71985e+18 2.95365e+22 4.27418e+22
26.6166 77.3695 2.71979e+18 2.89709e+22 4.19479e+22
26.6567 77.3695 2.71978e+18 3.01126e+22 4.26563e+22
26.6967 78.3073 2.71976e+18 2.81545e+22 4.11226e+22
26.7367 79.8703 2.71972e+18 3.095e+22 3.94315e+22
26.7768 80.1829 2.7197e+18 3.09365e+22 3.99215e+22
26.8168 80.4955 2.71968e+18 3.15476e+22 4.02509e+22
26.8569 80.4955 2.71966e+18 3.38885e+22 4.10368e+22
26.8969 81.1207 2.71965e+18 3.1728e+22 3.97211e+22
26.9369 81.4333 2.71963e+18 3.25492e+22 4.00832e+22
26.977 82.9964 2.71962e+18 3.10055e+22 3.87098e+22
27.017 83.6216 2.7196e+18 2.87495e+22 3.79451e+22
27.0571 84.5594 2.71959e+18 2.91424e+22 3.7661e+22
27.0971 84.5594 2.71959e+18 2.72573e+22 3.88664e+22
27.1371 85.8098 2.71959e+18 2.80717e+22 3.78902e+22
27.1772 85.8098 2.71957e+18 2.87898e+22 3.71567e+22
27.2172 86.7476 2.71956e+18 2.87576e+22 3.68764e+22
27.2573 87.3728 2.71957e+18 3.00273e+22 3.64848e+22
27.2973 87.998 2.71956e+18 2.93178e+22 3.68168e+22
27.3373 88.6232 2.71956e+18 2.86756e+22 3.54518e+22
27.3774 89.561 2.71955e+18 2.76042e+22 3.56655e+22
27.4174 89.561 2.71953e+18 2.61685e+22 3.60875e+22
27.4575 90.4989 2.71953e+18 2.52424e+22 3.56879e+22
27.4975 91.4367 2.71955e+18 2.48939e+22 3.49527e+22
27.5375 92.6871 2.71952e+18 2.54667e+22 3.45208e+22
27.5776 92.6871 2.7195e+18 2.59254e+22 3.41696e+22
27.6176 93.6249 2.71951e+18 2.77171e+22 3.35888e+22
27.6577 94.5627 2.71951e+18 2.83038e+22 3.35562e+22
27.6977 95.8131 2.71949e+18 2.84847e+22 3.21439e+22
27.7377 95.8131 2.71948e+18 2.93504e+22 3.16877e+22
27.7778 96.7509 2.71948e+18 2.73905e+22 3.17278e+22
27.8178 97.0635 2.71948e+18 2.72116e+22 3.2087e+22
27.8579 97.6888 2.71946e+18 2.66786e+22 3.10477e+22
27.8979 98.314 2.71946e+18 2.48961e+22 3.06151e+22
27.9379 99.2518 2.71947e+18 2.66451e+22 3.09475e+22
27.978 99.877 2.71945e+18 2.60709e+22 3.16498e+22
28.018 100.19 2.71945e+18 2.65872e+22 3.17327e+22
28.0581 101.127 2.71946e+18 2.87609e+22 3.13345e+22
28.0981 101.909 2.71945e+18 2.70564e+22 3.05495e+22
28.1381 102.69 2.71945e+18 2.80658e+22 2.95746e+22
28.1782 103.941 2.71946e+18 2.76914e+22 2.8496e+22
28.2182 104.879 2.71947e+18 2.50807e+22 2.83611e+22
28.2583 105.504 2.71947e+18 2.60101e+22 2.8107e+22
28.2983 105.816 2.71947e+18 2.41575e+22 2.81655e+22
28.3383 106.442 2.7195e+18 2.34026e+22 2.74783e+22
28.3784 106.442 2.7195e+18 2.48855e+22 2.75557e+22
28.4184 106.754 2.71949e+18 2.34158e+22 2.81587e+22
28.4585 107.067 2.71949e+18 2.46663e+22 2.90323e+22
28.4985 107.692 2.71951e+18 2.53149e+22 2.81193e+22
28.5385 108.317 2.71952e+18 2.39668e+22 2.88801e+22
28.5786 108.63 2.71948e+18 2.51575e+22 2.87229e+22
28.6186 108.942 2.71947e+18 2.4241e+22 2.90794e+22
28.6587 108.942 2.71951e+18 2.33823e+22 2.9132e+22
28.6987 108.942 2.7195e+18 2.41938e+22 2.88086e+22
28.7387 108.942 2.71945e+18 2.32515e+22 2.92468e+22
28.7788 108.63 2.71946e+18 2.36111e+22 3.12241e+22
28.8188 108.63 2.71947e+18 2.4275e+22 3.06882e+22
28.8589 108.942 2.71945e+18 2.39602e+22 3.11576e+22
28.8989 108.942 2.71944e+18 2.45096e+22 3.15038e+22
28.9389 110.193 2.71943e+18 2.4539e+22 2.93555e+22
28.979 109.88 2.71942e+18 2.43884e+22 2.96343e+22
29.019 110.506 2.71941e+18 2.42757e+22 2.91473e+22
29.0591 110.506 2.71941e+18 2.42009e+22 3.12091e+22
29.0991 110.193 2.71939e+18 2.43327e+22 3.0351e+22
29.1391 110.506 2.71936e+18 2.39457e+22 3.09244e+22
29.1792 109.568 2.71936e+18 2.44998e+22 3.1434e+22
29.2192 109.568 2.71934e+18 2.44784e+22 3.01557e+22
29.2593 109.255 2.71927e+18 2.37401e+22 3.03109e+22
29.2993 109.255 2.71927e+18 2.43975e+22 3.01683e+22
29.3393 109.568 2.71928e+18 2.33392e+22 3.04178e+22
29.3794 109.568 2.71921e+18 2.24028e+22 3.08588e+22
29.4194 110.193 2.71916e+18 2.30417e+22 3.0842e+22
29.4595 110.506 2.71918e+18 2.15073e+22 3.21179e+22
29.4995 110.193 2.71916e+18 2.16065e+22 3.31191e+22
29.5395 110.193 2.71911e+18 2.26637e+22 3.30829e+22
29.5796 110.506 2.7191e+18 2.13775e+22 3.31464e+22
29.6196 110.193 2.7191e+18 2.25957e+22 3.24879e+22
29.6597 110.506 2.71907e+18 2.31576e+22 3.14127e+22
29.6997 111.131 2.71907e+18 2.14822e+22 3.04974e+22
29.7397 111.443 2.71907e+18 2.25658e+22 2.95561e+22
29.7798 112.069 2.71906e+18 2.17509e+22 2.9501e+22
29.8198 112.381 2.71904e+18 1.99205e+22 2.93661e+22
29.8599 113.006 2.71904e+18 2.11063e+22 2.95149e+22
29.8999 113.319 2.71903e+18 2.00918e+22 2.94923e+22
29.9399 113.319 2.71903e+18 1.97182e+22 3.0089e+22
29.98 113.944 2.71902e+18 2.18755e+22 3.01896e+22
30.02 114.257 2.719e+18 2.13767e+22 2.97469e+22
30.0601 114.726 2.719e+18 2.21227e+22 2.97947e+22
30.1001 115.195 2.71901e+18 2.39466e+22 2.91544e+22
30.1401 115.195 2.71899e+18 2.26864e+22 2.92539e+22
30.1802 116.132 2.71897e+18 2.27627e+22 2.88534e+22
30.2202 115.507 2.71898e+18 2.30225e+22 2.90185e+22
30.2603 114.882 2.71899e+18 2.1064e+22 2.98251e+22
30.3003 115.976 2.71897e+18 2.09463e+22 2.90616e+22
30.3403 115.507 2.71896e+18 2.09923e+22 2.88914e+22
30.3804 115.82 2.71897e+18 2.01543e+22 2.91625e+22
30.4204 116.445 2.71896e+18 2.11001e+22 2.95958e+22
30.4605 116.445 2.71896e+18 2.18277e+22 2.85823e+22
30.5005 117.695 2.71895e+18 2.20074e+22 2.8631e+22
30.5405 117.539 2.71895e+18 2.2825e+22 2.9281e+22
30.5806 117.07 2.71895e+18 2.28428e+22 2.85472e+22
30.6206 118.321 2.71895e+18 2.23346e+22 2.82875e+22
30.6607 117.695 2.71894e+18 2.15748e+22 2.89376e+22
30.7007 116.758 2.71894e+18 2.04848e+22 2.83021e+22
30.7407 118.633 2.71894e+18 1.96387e+22 2.78975e+22
30.7808 117.383 2.71893e+18 1.85388e+22 2.89582e+22
30.8208 117.07 2.71893e+18 1.81972e+22 2.82422e+22
30.8609 119.258 2.71893e+18 1.85785e+22 2.76514e+22
30.9009 119.571 2.71891e+18 1.8322e+22 2.81739e+22
30.9409 120.04 2.7189e+18 1.91621e+22 2.7621e+22
30.981 119.884 2.71892e+18 2.01169e+22 2.68882e+22
31.021 120.196 2.71892e+18 1.9477e+22 2.72594e+22
31.0611 119.884 2.7189e+18 1.9982e+22 2.72705e+22
31.1011 119.884 2.71889e+18 2.01008e+22 2.67811e+22
31.1411 120.509 2.7189e+18 1.83591e+22 2.73519e+22
31.1812 120.196 2.7189e+18 1.84376e+22 2.73509e+22
31.2212 120.821 2.71889e+18 1.83303e+22 2.71656e+22
31.2613 122.072 2.71888e+18 1.68332e+22 2.72538e+22
31.3013 123.01 2.71888e+18 1.79133e+22 2.63957e+22
31.3413 122.697 2.71888e+18 1.87016e+22 2.63601e+22
31.3814 122.697 2.71887e+18 1.80567e+22 2.63441e+22
31.4214 122.697 2.71886e+18 1.99965e+22 2.7056e+22
31.4615 122.384 2.71885e+18 2.0934e+22 2.7144e+22
31.5015 122.384 2.71885e+18 1.99109e+22 2.71024e+22
31.5415 123.322 2.71884e+18 2.13062e+22 2.6723e+22
31.5816 124.26 2.71883e+18 2.15169e+22 2.62345e+22
31.6216 124.104 2.71881e+18 1.97531e+22 2.63424e+22
31.6617 125.198 2.71881e+18 2.05985e+22 2.70241e+22
31.7017 124.885 2.71879e+18 2.06981e+22 2.68273e+22
31.7417 124.885 2.71876e+18 1.92022e+22 2.65955e+22
31.7818 125.198 2.71876e+18 2.03587e+22 2.66974e+22
31.8218 125.198 2.71876e+18 2.10014e+22 2.58982e+22
31.8619 124.885 2.71872e+18 2.00208e+22 2.65978e+22
31.9019 125.823 2.71869e+18 2.11584e+22 2.63152e+22
31.9419 125.198 2.71869e+18 2.17208e+22 2.65361e+22
31.982 126.605 2.71869e+18 2.05319e+22 2.69796e+22
32.022 128.324 2.71865e+18 2.08761e+22 2.57457e+22
32.0621 130.2 2.71862e+18 2.09061e+22 2.52952e+22
32.1021 128.949 2.71862e+18 1.95506e+22 2.63728e+22
32.1421 128.324 2.7186e+18 1.93612e+22 2.68444e+22
32.1822 127.074 2.71857e+18 1.92361e+22 2.65144e+22
32.2222 127.23 2.71856e+18 1.83143e+22 2.67e+22
32.2623 127.699 2.71856e+18 1.81289e+22 2.60251e+22
32.3023 127.074 2.71854e+18 1.80156e+22 2.49977e+22
32.3423 127.386 2.71852e+18 1.74819e+22 2.52365e+22
32.3824 128.324 2.71851e+18 1.7152e+22 2.54969e+22
32.4224 128.949 2.7185e+18 1.66802e+22 2.52097e+22
32.4625 129.418 2.71848e+18 1.6259e+22 2.58614e+22
32.5025 130.2 2.71847e+18 1.58277e+22 2.46416e+22
32.5425 131.763 2.71848e+18 1.51038e+22 2.44902e+22
32.5826 131.763 2.71847e+18 1.49855e+22 2.50786e+22
32.6226 130.825 2.71842e+18 1.48962e+22 2.48915e+22
32.6627 131.137 2.71842e+18 1.42479e+22 2.56057e+22
32.7027 131.137 2.71847e+18 1.45261e+22 2.53715e+22
32.7427 129.887 2.71847e+18 1.48084e+22 2.44634e+22
32.7828 130.2 2.71844e+18 1.39969e+22 2.46298e+22
32.8228 132.231 2.71843e+18 1.4171e+22 2.41615e+22
32.8629 129.887 2.71845e+18 1.45239e+22 2.45583e+22
32.9029 130.825 2.71846e+18 1.34328e+22 2.49219e+22
32.9429 132.075 2.71846e+18 1.34391e+22 2.50417e+22
32.983 131.606 2.71846e+18 1.41541e+22 2.50638e+22
33.023 132.7 2.71846e+18 1.33336e+22 2.4367e+22
33.0631 133.638 2.71847e+18 1.36345e+22 2.37663e+22
33.1031 134.576 2.71848e+18 1.51737e+22 2.39701e+22
33.1431 133.638 2.71849e+18 1.4904e+22 2.46583e+22
33.1832 134.263 2.71848e+18 1.52391e+22 2.46718e+22
33.2232 135.67 2.71849e+18 1.70984e+22 2.4309e+22
33.2633 137.077 2.7185e+18 1.6851e+22 2.39853e+22
33.3033 137.702 2.7185e+18 1.63467e+22 2.35233e+22
33.3433 137.077 2.7185e+18 1.77351e+22 2.32677e+22
33.3834 137.858 2.7185e+18 1.74014e+22 2.34462e+22
33.4234 137.546 2.71851e+18 1.62062e+22 2.36573e+22
33.4635 136.452 2.71851e+18 1.73534e+22 2.32433e+22
33.5035 136.452 2.7185e+18 1.77641e+22 2.30065e+22
33.5435 138.015 2.71851e+18 1.69383e+22 2.30606e+22
33.5836 137.389 2.71851e+18 1.83951e+22 2.32518e+22
33.6236 137.389 2.71851e+18 1.98877e+22 2.33625e+22
33.6637 138.64 2.7185e+18 1.95134e+22 2.36976e+22
33.7037 138.64 2.7185e+18 2.05694e+22 2.33077e+22
33.7437 139.578 2.7185e+18 2.21352e+22 2.32004e+22
33.7838 140.203 2.7185e+18 2.14511e+22 2.32246e+22
33.8238 140.515 2.71849e+18 2.10822e+22 2.24948e+22
33.8639 141.766 2.71848e+18 2.17426e+22 2.31495e+22
33.9039 142.391 2.71848e+18 2.08541e+22 2.23642e+22
33.9439 144.267 2.71848e+18 1.97462e+22 2.2218e+22
33.984 143.485 2.71848e+18 2.00155e+22 2.27199e+22
34.024 143.329 2.71846e+18 1.9886e+22 2.17931e+22
34.0641 143.485 2.71846e+18 1.94897e+22 2.21887e+22
34.1041 143.485 2.71847e+18 2.01473e+22 2.19707e+22
34.1441 142.391 2.71848e+18 2.08709e+22 2.18073e+22
34.1842 141.453 2.71845e+18 2.11868e+22 2.21316e+22
34.2242 141.141 2.71844e+18 2.16881e+22 2.16888e+22
34.2643 142.391 2.71845e+18 2.19655e+22 2.1966e+22
34.3043 143.016 2.71844e+18 2.18913e+22 2.18999e+22
34.3443 145.83 2.71843e+18 2.15596e+22 2.17286e+22
34.3844 144.579 2.71842e+18 2.06524e+22 2.20567e+22
34.4244 145.205 2.71843e+18 1.9869e+22 2.15274e+22
34.4645 146.142 2.71842e+18 1.94283e+22 2.20053e+22
34.5045 145.83 2.7184e+18 1.83823e+22 2.21552e+22
34.5445 144.579 2.71841e+18 1.76681e+22 2.17306e+22
34.5846 145.205 2.71841e+18 1.81496e+22 2.20897e+22
34.6246 144.736 2.71841e+18 1.80886e+22 2.18477e+22
34.6647 143.642 2.7184e+18 1.76677e+22 2.19633e+22
34.7047 143.642 2.7184e+18 1.8666e+22 2.2232e+22
34.7447 142.391 2.7184e+18 1.93155e+22 2.19865e+22
34.7848 143.329 2.7184e+18 1.84247e+22 2.18026e+22
34.8248 144.579 2.71839e+18 1.85106e+22 2.19002e+22
34.8649 146.768 2.71839e+18 1.90894e+22 2.19763e+22
34.9049 148.018 2.71839e+18 1.76873e+22 2.1833e+22
34.9449 146.924 2.71839e+18 1.64634e+22 2.18313e+22
34.985 146.768 2.71839e+18 1.68827e+22 2.21962e+22
35.025 147.393 2.71837e+18 1.6081e+22 2.2158e+22
35.0651 146.455 2.71835e+18 1.4577e+22 2.22632e+22
35.1051 146.455 2.71834e+18 1.51451e+22 2.19951e+22
35.1451 147.08 2.71833e+18 1.56641e+22 2.1454e+22
35.1852 148.8 2.71831e+18 1.46104e+22 2.10793e+22
35.2252 147.08 2.71827e+18 1.49191e+22 2.13076e+22
35.2653 147.393 2.71823e+18 1.61704e+22 2.14511e+22
35.3053 150.519 2.71822e+18 1.54805e+22 2.15044e+22
35.3453 150.519 2.7182e+18 1.47278e+22 2.15749e+22
35.3854 151.457 2.71817e+18 1.55605e+22 2.14156e+22
35.4254 151.457 2.71813e+18 1.52183e+22 2.10097e+22
35.4655 151.144 2.71813e+18 1.36911e+22 2.11217e+22
35.5055 151.144 2.71811e+18 1.36965e+22 2.09157e+22
35.5455 151.769 2.71808e+18 1.39311e+22 2.09824e+22
35.5856 150.831 2.71805e+18 1.27379e+22 2.14214e+22
35.6256 150.519 2.71805e+18 1.23141e+22 2.08336e+22
35.6657 154.583 2.71804e+18 1.30432e+22 2.04332e+22
35.7057 153.02 2.71802e+18 1.27169e+22 2.07933e+22
35.7457 155.52 2.71799e+18 1.21013e+22 2.11825e+22
35.7858 154.583 2.71797e+18 1.26731e+22 2.13979e+22
35.8258 153.957 2.71797e+18 1.28853e+22 2.10882e+22
35.8659 153.332 2.71796e+18 1.21442e+22 2.15048e+22
35.9059 155.208 2.71791e+18 1.20325e+22 2.0652e+22
35.9459 154.895 2.71788e+18 1.22661e+22 2.03708e+22
35.986 154.895 2.71787e+18 1.17104e+22 2.00327e+22
36.026 156.771 2.71785e+18 1.12006e+22 2.02176e+22
36.0661 155.52 2.7178e+18 1.12903e+22 2.10094e+22
36.1061 159.584 2.71776e+18 1.11381e+22 2.02192e+22
36.1461 158.334 2.71776e+18 1.07861e+22 2.07644e+22
36.1862 158.959 2.71774e+18 1.07777e+22 2.02108e+22
36.2262 160.522 2.7177e+18 1.0782e+22 1.99604e+22
36.2663 160.835 2.71769e+18 1.0646e+22 1.96295e+22
36.3063 159.272 2.71771e+18 1.05847e+22 2.00113e+22
36.3463 158.647 2.71771e+18 1.04007e+22 2.0678e+22
36.3864 155.52 2.71769e+18 1.01841e+22 2.07794e+22
36.4264 155.52 2.71768e+18 1.02049e+22 2.12904e+22
36.4665 156.771 2.7177e+18 1.00121e+22 2.07757e+22
36.5065 155.208 2.71771e+18 9.62441e+21 2.09812e+22
36.5465 156.458 2.71773e+18 9.78751e+21 2.01595e+22
36.5866 158.021 2.71772e+18 1.0043e+22 2.00637e+22
36.6266 158.178 2.71771e+18 9.68279e+21 2.06461e+22
36.6667 156.771 2.71772e+18 9.66198e+21 2.05917e+22
36.7067 158.647 2.71773e+18 1.03024e+22 2.05236e+22
36.7467 160.21 2.71774e+18 1.02076e+22 2.03742e+22
36.7868 160.835 2.71773e+18 9.59096e+21 2.06675e+22
36.8268 163.023 2.71772e+18 9.90481e+21 1.97667e+22
36.8669 159.272 2.71772e+18 1.02305e+22 2.02243e+22
36.9069 161.147 2.71772e+18 9.3667e+21 1.98135e+22
36.9469 156.146 2.71772e+18 8.89958e+21 2.0017e+22
36.987 156.771 2.71772e+18 9.53395e+21 2.0498e+22
37.027 156.458 2.71771e+18 9.37837e+21 2.01145e+22
37.0671 156.771 2.71771e+18 8.56798e+21 1.96287e+22
37.1071 158.021 2.71772e+18 9.09421e+21 1.97011e+22
37.1471 158.647 2.71772e+18 1.00143e+22 2.00151e+22
37.1872 159.428 2.71773e+18 9.57669e+21 2.03067e+22
37.2272 159.272 2.71772e+18 9.36665e+21 2.06627e+22
37.2673 159.272 2.7177e+18 1.04874e+22 2.06144e+22
37.3073 160.835 2.71769e+18 1.07839e+22 2.02644e+22
37.3473 162.085 2.71771e+18 9.80503e+21 2.01412e+22
37.3874 161.773 2.71769e+18 9.81004e+21 1.98155e+22
37.4274 162.241 2.71765e+18 1.04836e+22 1.9983e+22
37.4675 163.179 2.71764e+18 9.77568e+21 1.99298e+22
37.5075 162.71 2.71764e+18 8.76412e+21 2.00745e+22
37.5475 162.554 2.71762e+18 9.17283e+21 2.0289e+22
37.5876 161.929 2.7176e+18 9.54282e+21 2.00435e+22
37.6276 163.023 2.7176e+18 8.83431e+21 1.97856e+22
37.6677 162.398 2.71759e+18 8.82543e+21 1.96028e+22
37.7077 162.241 2.71756e+18 9.90042e+21 1.95026e+22
37.7477 163.961 2.71756e+18 1.02236e+22 1.92457e+22
37.7878 163.648 2.71757e+18 9.89939e+21 1.94351e+22
37.8278 164.273 2.71753e+18 1.04583e+22 1.90076e+22
37.8679 165.524 2.71748e+18 1.12246e+22 1.92624e+22
37.9079 165.524 2.71748e+18 1.09115e+22 1.91034e+22
37.9479 167.399 2.71746e+18 1.03915e+22 1.93207e+22
37.988 168.025 2.71738e+18 1.05288e+22 1.92439e+22
38.028 168.025 2.71731e+18 1.04368e+22 1.91626e+22
38.0681 168.962 2.71729e+18 9.7474e+21 1.94789e+22
38.1081 169.588 2.71723e+18 9.36967e+21 1.90691e+22
38.1481 169.275 2.71712e+18 9.47074e+21 1.93614e+22
38.1882 170.525 2.71706e+18 9.47038e+21 1.88427e+22
38.2282 170.213 2.71704e+18 9.47545e+21 1.93062e+22
38.2683 170.682 2.71697e+18 9.80718e+21 1.8972e+22
38.3083 172.714 2.7169e+18 1.02643e+22 1.9395e+22
38.3483 174.589 2.71689e+18 1.07198e+22 1.85473e+22
38.3884 175.215 2.7169e+18 1.11738e+22 1.86481e+22
38.4284 174.589 2.71686e+18 1.138e+22 1.85176e+22
38.4685 174.589 2.71685e+18 1.14249e+22 1.83179e+22
38.5085 173.652 2.71686e+18 1.16235e+22 1.88629e+22
38.5485 172.714 2.71686e+18 1.15929e+22 1.85556e+22
38.5886 173.339 2.71682e+18 1.09881e+22 1.86271e+22
38.6286 174.277 2.71677e+18 1.05593e+22 1.79882e+22
38.6687 173.026 2.71671e+18 1.06882e+22 1.86225e+22
38.7087 173.964 2.71664e+18 1.04821e+22 1.78566e+22
38.7487 174.902 2.71654e+18 9.86106e+21 1.79902e+22
38.7888 177.715 2.71643e+18 1.00244e+22 1.77033e+22
38.8288 178.653 2.71628e+18 1.08256e+22 1.77566e+22
38.8689 179.904 2.71614e+18 1.09138e+22 1.74296e+22
38.9089 179.904 2.71601e+18 1.07126e+22 1.77487e+22
38.9489 178.653 2.71588e+18 1.1547e+22 1.79571e+22
38.989 179.591 2.71576e+18 1.25294e+22 1.75308e+22
39.029 180.529 2.71567e+18 1.22362e+22 1.78003e+22
39.0691 180.685 2.71557e+18 1.17879e+22 1.77476e+22
39.1091 184.593 2.71549e+18 1.24505e+22 1.73569e+22
39.1491 185.218 2.71545e+18 1.28065e+22 1.7055e+22
39.1892 184.28 2.71544e+18 1.17967e+22 1.6993e+22
39.2292 185.53 2.71539e+18 1.11329e+22 1.69677e+22
39.2693 185.843 2.71532e+18 1.17259e+22 1.66973e+22
39.3093 185.53 2.7153e+18 1.18117e+22 1.70876e+22
39.3493 184.124 2.71526e+18 1.08623e+22 1.69616e+22
39.3894 185.53 2.71513e+18 1.08017e+22 1.68249e+22
39.4294 185.53 2.71497e+18 1.18781e+22 1.68348e+22
39.4695 183.655 2.71487e+18 1.21166e+22 1.67943e+22
39.5095 189.125 2.71472e+18 1.15314e+22 1.65659e+22
39.5495 185.843 2.71446e+18 1.2002e+22 1.68082e+22
39.5896 185.53 2.71425e+18 1.31496e+22 1.71818e+22
39.6296 189.282 2.71411e+18 1.30877e+22 1.74552e+22
39.6697 182.404 2.71389e+18 1.23696e+22 1.76195e+22
39.7097 186.937 2.71363e+18 1.27009e+22 1.75762e+22
39.7497 187.406 2.71349e+18 1.33452e+22 1.75688e+22
39.7898 189.594 2.71343e+18 1.28113e+22 1.72337e+22
39.8298 188.657 2.71328e+18 1.20093e+22 1.71285e+22
39.8699 187.875 2.71311e+18 1.22768e+22 1.68467e+22
39.9099 186.156 2.71307e+18 1.26991e+22 1.7591e+22
39.9499 184.28 2.71305e+18 1.22232e+22 1.74212e+22
39.99 182.717 2.71294e+18 1.18376e+22 1.76368e+22
40.03 180.216 2.71282e+18 1.23732e+22 1.74806e+22
40.0701 172.714 2.71276e+18 1.28443e+22 1.77342e+22
40.1101 183.967 2.71266e+18 1.2599e+22 1.68565e+22
40.1502 182.092 2.71247e+18 1.25362e+22 1.71512e+22
40.1902 181.154 2.71232e+18 1.30602e+22 1.6728e+22
40.2302 178.966 2.7122e+18 1.33021e+22 1.72739e+22
40.2703 177.872 2.71199e+18 1.30227e+22 1.74437e+22
40.3103 176.465 2.71174e+18 1.29604e+22 1.79348e+22
40.3504 178.966 2.71159e+18 1.31939e+22 1.7149e+22
40.3904 178.966 2.71147e+18 1.31483e+22 1.71919e+22
40.4304 179.278 2.71129e+18 1.2927e+22 1.68508e+22
40.4705 178.028 2.71108e+18 1.29759e+22 1.7345e+22
40.5105 178.809 2.71097e+18 1.30913e+22 1.74045e+22
40.5506 178.653 2.71089e+18 1.30232e+22 1.79449e+22
40.5906 177.872 2.71078e+18 1.30742e+22 1.80066e+22
40.6306 176.465 2.71066e+18 1.33112e+22 1.80723e+22
40.6707 178.653 2.71057e+18 1.33291e+22 1.76637e+22
40.7107 179.904 2.71049e+18 1.31964e+22 1.76115e+22
40.7508 182.404 2.71039e+18 1.33622e+22 1.71947e+22
40.7908 183.342 2.71028e+18 1.3584e+22 1.69509e+22
40.8308 180.529 2.71017e+18 1.3337e+22 1.74653e+22
40.8709 180.529 2.71004e+18 1.30295e+22 1.76179e+22
40.9109 181.623 2.70991e+18 1.32654e+22 1.75793e+22
40.951 182.717 2.7098e+18 1.35103e+22 1.7307e+22
40.991 181.779 2.70967e+18 1.31598e+22 1.74197e+22
41.031 182.092 2.70954e+18 1.29139e+22 1.71048e+22
41.0711 183.967 2.70944e+18 1.34342e+22 1.66544e+22
41.1111 184.593 2.70933e+18 1.38945e+22 1.69027e+22
41.1512 186.156 2.70923e+18 1.35946e+22 1.674e+22
41.1912 186.781 2.70915e+18 1.3429e+22 1.70043e+22
41.2312 185.218 2.70907e+18 1.40934e+22 1.74151e+22
41.2713 186.156 2.70896e+18 1.45665e+22 1.73484e+22
41.3113 187.719 2.70884e+18 1.40534e+22 1.67767e+22
41.3514 188.969 2.70878e+18 1.36089e+22 1.64728e+22
41.3914 190.532 2.70871e+18 1.40662e+22 1.65581e+22
41.4314 190.845 2.70855e+18 1.43306e+22 1.66859e+22
41.4715 188.969 2.70842e+18 1.35597e+22 1.70316e+22
41.5115 189.907 2.70837e+18 1.29231e+22 1.71242e+22
41.5516 191.157 2.70832e+18 1.33496e+22 1.73306e+22
41.5916 191.47 2.70819e+18 1.37326e+22 1.71296e+22
41.6316 189.594 2.70809e+18 1.3173e+22 1.68466e+22
41.6717 190.688 2.70807e+18 1.27957e+22 1.65627e+22
41.7117 191.783 2.70803e+18 1.35511e+22 1.65202e+22
41.7518 192.095 2.70793e+18 1.43168e+22 1.63988e+22
41.7918 189.907 2.70786e+18 1.40461e+22 1.66359e+22
41.8318 190.532 2.70784e+18 1.37819e+22 1.65287e+22
41.8719 192.095 2.70772e+18 1.45331e+22 1.66311e+22
41.9119 192.72 2.70755e+18 1.52353e+22 1.65377e+22
41.952 195.221 2.70748e+18 1.47775e+22 1.63016e+22
41.992 195.221 2.70742e+18 1.4101e+22 1.61312e+22
42.032 194.909 2.70722e+18 1.43305e+22 1.59479e+22
42.0721 195.534 2.70697e+18 1.46495e+22 1.59669e+22
42.1121 196.472 2.70684e+18 1.39747e+22 1.60399e+22
42.1522 196.472 2.70677e+18 1.30804e+22 1.631e+22
42.1922 196.315 2.70661e+18 1.31343e+22 1.6296e+22
42.2322 198.035 2.7064e+18 1.35372e+22 1.60495e+22
42.2723 198.347 2.7063e+18 1.32248e+22 1.59832e+22
42.3123 199.129 2.70625e+18 1.27638e+22 1.62185e+22
42.3524 201.161 2.70614e+18 1.31872e+22 1.60563e+22
42.3924 201.161 2.70602e+18 1.4006e+22 1.63655e+22
42.4324 201.786 2.70595e+18 1.41718e+22 1.62945e+22
42.4725 202.567 2.70586e+18 1.40062e+22 1.61969e+22
42.5125 202.411 2.70568e+18 1.44405e+22 1.6141e+22
42.5526 202.098 2.70551e+18 1.51421e+22 1.61331e+22
42.5926 201.63 2.70537e+18 1.51396e+22 1.59724e+22
42.6326 200.692 2.70517e+18 1.46334e+22 1.61929e+22
42.6727 201.63 2.70486e+18 1.45072e+22 1.61235e+22
42.7127 200.535 2.70459e+18 1.46366e+22 1.61168e+22
42.7528 199.91 2.70441e+18 1.42652e+22 1.6061e+22
42.7928 200.223 2.7042e+18 1.35287e+22 1.58172e+22
42.8328 203.036 2.70394e+18 1.31981e+22 1.58516e+22
42.8729 203.818 2.7037e+18 1.3267e+22 1.56306e+22
42.9129 206.788 2.70357e+18 1.3115e+22 1.56193e+22
42.953 206.162 2.70349e+18 1.28074e+22 1.5483e+22
42.993 205.537 2.7034e+18 1.29483e+22 1.56528e+22
43.033 206.475 2.7033e+18 1.34614e+22 1.53062e+22
43.0731 207.1 2.70321e+18 1.3755e+22 1.55924e+22
43.1131 207.1 2.70313e+18 1.38511e+22 1.53389e+22
43.1532 206.475 2.70306e+18 1.42314e+22 1.56417e+22
43.1932 207.725 2.70297e+18 1.4784e+22 1.51932e+22
43.2332 208.351 2.7028e+18 1.49308e+22 1.5794e+22
43.2733 210.07 2.70257e+18 1.47167e+22 1.54199e+22
43.3133 212.414 2.70236e+18 1.46929e+22 1.54402e+22
43.3534 212.727 2.70215e+18 1.47947e+22 1.52458e+22
43.3934 211.789 2.70191e+18 1.44778e+22 1.57331e+22
43.4334 213.04 2.70166e+18 1.38307e+22 1.53612e+22
43.4735 213.352 2.70145e+18 1.3495e+22 1.52225e+22
43.5135 213.665 2.70124e+18 1.35106e+22 1.51391e+22
43.5536 212.727 2.70102e+18 1.32809e+22 1.53544e+22
43.5936 211.789 2.70086e+18 1.27929e+22 1.52717e+22
43.6336 212.727 2.7008e+18 1.27358e+22 1.51045e+22
43.6737 212.883 2.70073e+18 1.32119e+22 1.52265e+22
43.7137 210.226 2.70059e+18 1.35013e+22 1.53175e+22
43.7538 217.729 2.70049e+18 1.33809e+22 1.5244e+22
43.7938 214.915 2.70046e+18 1.35273e+22 1.51593e+22
43.8338 213.04 2.70039e+18 1.42191e+22 1.54055e+22
43.8739 217.103 2.70021e+18 1.47002e+22 1.48966e+22
43.9139 217.729 2.70001e+18 1.44734e+22 1.50691e+22
43.954 217.416 2.69989e+18 1.42067e+22 1.48649e+22
43.994 215.853 2.69973e+18 1.45012e+22 1.49896e+22
44.034 216.791 2.69947e+18 1.47708e+22 1.47734e+22
44.0741 218.041 2.69921e+18 1.42898e+22 1.46271e+22
44.1141 218.041 2.69905e+18 1.35405e+22 1.45812e+22
44.1542 216.478 2.69889e+18 1.34276e+22 1.50327e+22
44.1942 217.103 2.69868e+18 1.36974e+22 1.48431e+22
44.2342 218.354 2.69851e+18 1.34341e+22 1.49357e+22
44.2743 219.604 2.69846e+18 1.276e+22 1.48742e+22
44.3143 222.418 2.69839e+18 1.2658e+22 1.4729e+22
44.3544 223.356 2.69823e+18 1.32404e+22 1.44974e+22
44.3944 224.293 2.69813e+18 1.35304e+22 1.4545e+22
44.4344 224.45 2.69812e+18 1.31779e+22 1.44455e+22
44.4745 223.981 2.69807e+18 1.30674e+22 1.42875e+22
44.5145 223.981 2.69787e+18 1.37095e+22 1.44759e+22
44.5546 224.919 2.69766e+18 1.42867e+22 1.4289e+22
44.5946 225.387 2.69756e+18 1.40428e+22 1.43899e+22
44.6346 223.668 2.69745e+18 1.35736e+22 1.41592e+22
44.6747 223.981 2.69722e+18 1.37795e+22 1.4194e+22
44.7147 223.668 2.69697e+18 1.42767e+22 1.42794e+22
44.7548 227.732 2.69678e+18 1.40782e+22 1.41045e+22
44.7948 228.357 2.69661e+18 1.33329e+22 1.40702e+22
44.8348 223.668 2.6964e+18 1.30737e+22 1.43964e+22
44.8749 224.606 2.6962e+18 1.34668e+22 1.43432e+22
44.9149 227.732 2.69607e+18 1.35722e+22 1.43125e+22
44.955 228.045 2.69593e+18 1.29956e+22 1.42591e+22
44.995 226.482 2.69572e+18 1.25895e+22 1.42966e+22
45.035 226.951 2.69552e+18 1.29612e+22 1.4036e+22
45.0751 228.982 2.69539e+18 1.34477e+22 1.37865e+22
45.1151 229.608 2.69527e+18 1.32599e+22 1.35408e+22
45.1552 228.826 2.69506e+18 1.28098e+22 1.39309e+22
45.1952 227.107 2.69479e+18 1.29697e+22 1.40465e+22
45.2352 228.982 2.69456e+18 1.35525e+22 1.40584e+22
45.2753 229.608 2.69436e+18 1.36328e+22 1.40936e+22
45.3153 229.608 2.69414e+18 1.31262e+22 1.40207e+22
45.3554 232.734 2.69389e+18 1.28878e+22 1.39437e+22
45.3954 233.359 2.69363e+18 1.3264e+22 1.36138e+22
45.4354 232.108 2.69337e+18 1.35258e+22 1.35791e+22
45.4755 236.485 2.69313e+18 1.31389e+22 1.3145e+22
45.5155 234.609 2.69293e+18 1.26749e+22 1.34603e+22
45.5556 234.297 2.69274e+18 1.28178e+22 1.34741e+22
45.5956 232.734 2.69251e+18 1.32439e+22 1.35763e+22
45.6356 236.641 2.69224e+18 1.31961e+22 1.34813e+22
45.6757 234.297 2.692e+18 1.27642e+22 1.36527e+22
45.7157 234.922 2.69181e+18 1.27001e+22 1.36321e+22
45.7558 237.579 2.6916e+18 1.31255e+22 1.31255e+22
45.7958 238.048 2.69133e+18 1.33448e+22 1.33469e+22
45.8358 238.048 2.69108e+18 1.30174e+22 1.30599e+22
45.8759 236.329 2.69084e+18 1.26864e+22 1.34777e+22
45.9159 236.485 2.69061e+18 1.2847e+22 1.33406e+22
45.956 238.048 2.69037e+18 1.31141e+22 1.35011e+22
45.996 238.361 2.69018e+18 1.29165e+22 1.34418e+22
46.036 236.485 2.69003e+18 1.24452e+22 1.36434e+22
46.0761 236.485 2.68983e+18 1.23258e+22 1.34809e+22
46.1161 241.487 2.6896e+18 1.25867e+22 1.29692e+22
46.1562 241.174 2.68943e+18 1.26512e+22 1.30744e+22
46.1962 244.613 2.68934e+18 1.23462e+22 1.28241e+22
46.2362 244.3 2.68919e+18 1.21715e+22 1.31016e+22
46.2763 243.987 2.68893e+18 1.24548e+22 1.29931e+22
46.3163 241.487 2.68868e+18 1.28144e+22 1.3264e+22
46.3564 241.799 2.68852e+18 1.27944e+22 1.30193e+22
46.3964 237.423 2.68836e+18 1.26163e+22 1.32331e+22
46.4364 240.861 2.6881e+18 1.2755e+22 1.29877e+22
46.4765 240.549 2.68782e+18 1.31243e+22 1.31248e+22
46.5165 241.018 2.68763e+18 1.32088e+22 1.32097e+22
46.5566 240.705 2.68748e+18 1.29005e+22 1.29005e+22
46.5966 239.611 2.68728e+18 1.26667e+22 1.27502e+22
46.6366 240.236 2.68709e+18 1.27469e+22 1.27477e+22
46.6767 241.799 2.68699e+18 1.27833e+22 1.27851e+22
46.7167 248.833 2.68692e+18 1.24345e+22 1.25379e+22
46.7568 245.863 2.68679e+18 1.19662e+22 1.27188e+22
46.7968 246.801 2.68664e+18 1.18403e+22 1.27726e+22
46.8368 246.957 2.68657e+18 1.19682e+22 1.27386e+22
46.8769 249.302 2.68655e+18 1.19107e+22 1.27775e+22
46.9169 248.364 2.68641e+18 1.1621e+22 1.27042e+22
46.957 248.208 2.68615e+18 1.15446e+22 1.25086e+22
46.997 248.364 2.68593e+18 1.18854e+22 1.25563e+22
47.037 249.614 2.6858e+18 1.22507e+22 1.25754e+22
47.0771 250.24 2.68562e+18 1.22816e+22 1.24484e+22
47.1171 247.739 2.68531e+18 1.22122e+22 1.24811e+22
47.1572 247.426 2.68498e+18 1.24612e+22 1.25815e+22
47.1972 231.796 2.68476e+18 1.29122e+22 1.29131e+22
47.2372 222.105 2.68457e+18 1.30455e+22 1.30473e+22
47.2773 242.112 2.68433e+18 1.27604e+22 1.27604e+22
47.3173 256.179 2.6841e+18 1.25113e+22 1.25452e+22
47.3574 256.179 2.68394e+18 1.25913e+22 1.25913e+22
47.3974 241.487 2.68382e+18 1.2652e+22 1.26539e+22
47.4374 253.053 2.68363e+18 1.2277e+22 1.22779e+22
47.4775 243.362 2.68342e+18 1.16769e+22 1.21824e+22
47.5175 241.487 2.68325e+18 1.13889e+22 1.22112e+22
47.5576 240.549 2.68309e+18 1.14787e+22 1.24994e+22
47.5976 228.357 2.68282e+18 1.14534e+22 1.25832e+22
47.6376 251.177 2.68243e+18 1.10893e+22 1.23867e+22
47.6777 264.307 2.68206e+18 1.08084e+22 1.22295e+22
47.7177 250.24 2.68173e+18 1.10312e+22 1.23224e+22
47.7578 250.552 2.68135e+18 1.15195e+22 1.23057e+22
47.7978 252.271 2.68088e+18 1.17075e+22 1.20801e+22
47.8378 236.172 2.6804e+18 1.15847e+22 1.23028e+22
47.8779 249.927 2.67999e+18 1.16702e+22 1.20744e+22
47.9179 248.833 2.67963e+18 1.21938e+22 1.22116e+22
47.958 233.984 2.67927e+18 1.26656e+22 1.26688e+22
47.998 231.64 2.67894e+18 1.26004e+22 1.2602e+22
48.038 258.055 2.67868e+18 1.22287e+22 1.22362e+22
48.0781 258.992 2.67846e+18 1.21326e+22 1.21585e+22
48.1181 258.68 2.67821e+18 1.23678e+22 1.23684e+22
48.1582 242.737 2.67798e+18 1.23604e+22 1.2362e+22
48.1982 244.3 2.6778e+18 1.18086e+22 1.21198e+22
48.2382 243.675 2.67762e+18 1.11606e+22 1.19983e+22
48.2783 243.05 2.67735e+18 1.09777e+22 1.20868e+22
48.3183 242.737 2.67701e+18 1.11275e+22 1.21163e+22
48.3584 233.046 2.67666e+18 1.10142e+22 1.21936e+22
48.3984 238.361 2.67633e+18 1.05287e+22 1.21923e+22
48.4384 267.745 2.67596e+18 1.02196e+22 1.19917e+22
48.4785 251.49 2.67553e+18 1.04972e+22 1.21287e+22
48.5185 251.177 2.67509e+18 1.10022e+22 1.20622e+22
48.5586 238.361 2.6747e+18 1.11372e+22 1.21656e+22
48.5986 238.673 2.67432e+18 1.09408e+22 1.22116e+22
48.6386 238.673 2.67394e+18 1.10084e+22 1.1915e+22
48.6787 238.048 2.6736e+18 1.15737e+22 1.20633e+22
48.7187 238.048 2.67336e+18 1.21128e+22 1.21155e+22
48.7588 239.924 2.67315e+18 1.20854e+22 1.20932e+22
48.7988 240.549 2.6729e+18 1.16974e+22 1.20676e+22
48.8388 244.613 2.67265e+18 1.15902e+22 1.19336e+22
48.8789 244.925 2.67247e+18 1.189e+22 1.21184e+22
48.9189 245.238 2.67233e+18 1.20219e+22 1.20251e+22
48.959 244.144 2.67212e+18 1.15684e+22 1.22021e+22
48.999 245.863 2.67184e+18 1.08852e+22 1.20153e+22
49.039 245.55 2.67156e+18 1.06197e+22 1.21432e+22
49.0791 245.238 2.67134e+18 1.07899e+22 1.22446e+22
49.1191 243.987 2.67108e+18 1.08117e+22 1.20796e+22
49.1592 241.799 2.67076e+18 1.03686e+22 1.23193e+22
49.1992 241.487 2.67042e+18 9.89752e+21 1.21738e+22
49.2392 240.236 2.67016e+18 9.96443e+21 1.23144e+22
49.2793 240.236 2.66994e+18 1.04452e+22 1.22803e+22
49.3193 241.487 2.66969e+18 1.07115e+22 1.21274e+22
49.3594 241.799 2.66944e+18 1.05215e+22 1.221e+22
49.3994 242.112 2.66927e+18 1.03563e+22 1.18503e+22
49.4394 241.33 2.66917e+18 1.06941e+22 1.21264e+22
49.4795 241.799 2.66904e+18 1.13061e+22 1.20877e+22
49.5195 242.737 2.66887e+18 1.15435e+22 1.22345e+22
49.5596 243.05 2.66873e+18 1.12487e+22 1.24024e+22
49.5996 244.769 2.66867e+18 1.09526e+22 1.21939e+22
49.6396 247.113 2.6686e+18 1.11103e+22 1.23028e+22
49.6797 247.739 2.66842e+18 1.14621e+22 1.21238e+22
49.7197 247.27 2.66819e+18 1.13986e+22 1.22649e+22
49.7598 247.895 2.66802e+18 1.08408e+22 1.22204e+22
49.7998 249.302 2.66789e+18 1.03464e+22 1.17841e+22
49.8398 248.676 2.6677e+18 1.03567e+22 1.21033e+22
49.8799 248.676 2.66741e+18 1.05921e+22 1.20482e+22
49.9199 247.739 2.66714e+18 1.04876e+22 1.205e+22
49.96 246.176 2.66695e+18 9.99456e+21 1.22521e+22
50 247.113 2.66676e+18 9.65942e+21 1.22045e+22
