#S 1 scored data
#N 5
#L  distance  fwhm  total_intensity  on_axis_intensity  peak_intensity
10 333.392 1.2064e+19 4.99108e+22 7.54054e+22
10.04 330.891 1.20727e+19 2.28905e+22 7.38634e+22
10.0801 328.391 1.20814e+19 3.11532e+22 7.62922e+22
10.1201 325.89 1.20873e+19 6.40497e+22 7.37286e+22
10.1602 323.076 1.20884e+19 4.38771e+22 7.66949e+22
10.2002 346.522 1.20882e+19 1.26284e+22 7.49596e+22
10.2402 344.021 1.20901e+19 3.84577e+22 7.30167e+22
10.2803 341.52 1.20954e+19 5.48156e+22 7.10454e+22
10.3203 339.019 1.21004e+19 1.77413e+22 6.91522e+22
10.3604 336.206 1.21036e+19 1.39303e+22 6.84828e+22
10.4004 347.616 1.21037e+19 5.74551e+22 6.73221e+22
10.4404 344.959 1.21036e+19 4.88848e+22 6.88954e+22
10.4805 342.145 1.21035e+19 7.49964e+21 7.34283e+22
10.5205 339.644 1.21069e+19 3.8895e+22 7.36647e+22
10.5606 283.688 1.21094e+19 8.47751e+22 8.5585e+22
10.6006 334.017 1.2111e+19 4.41491e+22 7.72405e+22
10.6406 265.87 1.21107e+19 6.76792e+21 9.26397e+22
10.6807 299.318 1.21089e+19 6.14903e+22 8.02442e+22
10.7207 260.243 1.21087e+19 9.30723e+22 9.46713e+22
10.7608 323.389 1.21089e+19 3.16719e+22 7.91557e+22
10.8008 255.866 1.211e+19 8.49602e+21 9.46728e+22
10.8408 318.075 1.21099e+19 7.40005e+22 7.77024e+22
10.8809 261.493 1.21078e+19 8.53513e+22 9.08938e+22
10.9209 312.291 1.21058e+19 1.67651e+22 8.12583e+22
10.961 309.478 1.21047e+19 1.7651e+22 8.60682e+22
11.001 279.937 1.21035e+19 8.83658e+22 8.88277e+22
11.041 304.007 1.21041e+19 7.62142e+22 8.30695e+22
11.0811 274.31 1.21029e+19 7.82054e+21 9.18358e+22
11.1211 298.381 1.21012e+19 2.9747e+22 8.29678e+22
11.1612 268.371 1.20997e+19 9.22382e+22 9.28476e+22
11.2012 292.754 1.20976e+19 6.1596e+22 8.57486e+22
11.2412 217.103 1.20972e+19 4.92466e+21 9.31054e+22
11.2813 238.361 1.20958e+19 4.25196e+22 9.0766e+22
11.3213 259.93 1.20933e+19 9.16233e+22 9.21702e+22
11.3614 232.421 1.20913e+19 4.78932e+22 9.17355e+22
11.4014 218.041 1.20883e+19 7.5942e+21 9.31852e+22
11.4414 239.298 1.20854e+19 5.50028e+22 9.18429e+22
11.4815 236.485 1.20834e+19 8.4527e+22 9.41528e+22
11.5215 233.359 1.20805e+19 3.17021e+22 9.28487e+22
11.5616 208.976 1.20771e+19 1.3755e+22 9.43757e+22
11.6016 230.233 1.20743e+19 7.03e+22 9.3054e+22
11.6416 227.419 1.20704e+19 7.92104e+22 9.23126e+22
11.6817 248.676 1.20665e+19 2.07472e+22 9.43897e+22
11.7217 245.55 1.20641e+19 2.25299e+22 9.26899e+22
11.7618 206.162 1.20605e+19 8.31274e+22 9.27358e+22
11.8018 228.045 1.20568e+19 7.60988e+22 9.0109e+22
11.8418 214.134 1.20541e+19 1.55411e+22 9.30773e+22
11.8819 210.382 1.20503e+19 2.81321e+22 9.20424e+22
11.9219 232.108 1.20469e+19 8.85965e+22 9.10571e+22
11.962 228.357 1.20448e+19 7.14128e+22 9.2217e+22
12.002 228.826 1.20415e+19 1.38094e+22 9.03391e+22
12.042 225.856 1.20382e+19 3.49845e+22 9.24486e+22
12.0821 222.574 1.2036e+19 8.80757e+22 8.97663e+22
12.1221 218.979 1.20333e+19 6.0535e+22 8.72499e+22
12.1622 229.608 1.20307e+19 1.23576e+22 9.00851e+22
12.2022 240.861 1.20288e+19 4.47647e+22 9.15751e+22
12.2422 237.735 1.20265e+19 8.73942e+22 8.88141e+22
12.2823 233.984 1.20241e+19 5.08695e+22 8.98378e+22
12.3223 245.238 1.20225e+19 1.26628e+22 8.94352e+22
12.3624 241.487 1.20213e+19 5.35751e+22 8.99283e+22
12.4024 237.735 1.20196e+19 9.02133e+22 9.0692e+22
12.4424 238.673 1.2018e+19 4.71714e+22 9.03112e+22
12.4825 235.235 1.20169e+19 1.26245e+22 9.01637e+22
12.5225 231.796 1.20156e+19 5.66696e+22 8.88915e+22
12.5626 232.108 1.20145e+19 8.84621e+22 8.9347e+22
12.6026 268.058 1.20141e+19 4.39706e+22 8.62457e+22
12.6426 225.075 1.20133e+19 1.55616e+22 8.96263e+22
12.6827 265.401 1.20119e+19 6.00715e+22 8.6781e+22
12.7227 261.806 1.20114e+19 8.37995e+22 8.8316e+22
12.7628 258.055 1.20111e+19 3.79637e+22 8.93761e+22
12.8028 258.992 1.20104e+19 1.78743e+22 8.72422e+22
12.8428 255.554 1.201e+19 6.55108e+22 8.70154e+22
12.8829 255.554 1.20097e+19 8.48424e+22 8.67426e+22
12.9229 261.806 1.20088e+19 3.80086e+22 8.74422e+22
12.963 262.744 1.20083e+19 1.94425e+22 8.73185e+22
13.003 259.305 1.20086e+19 6.51834e+22 8.72874e+22
13.043 255.71 1.20084e+19 8.31527e+22 8.88933e+22
13.0831 256.492 1.20079e+19 3.89229e+22 8.68618e+22
13.1231 252.74 1.20077e+19 2.30779e+22 8.94874e+22
13.1632 248.989 1.20073e+19 6.8997e+22 8.81232e+22
13.2032 249.614 1.20068e+19 8.5076e+22 8.8606e+22
13.2432 246.019 1.2007e+19 3.92692e+22 8.64636e+22
13.2833 246.645 1.20074e+19 2.45754e+22 8.74822e+22
13.3233 252.428 1.2007e+19 7.13816e+22 8.5828e+22
13.3634 248.676 1.20065e+19 8.60189e+22 8.7566e+22
13.4034 249.302 1.20064e+19 4.05552e+22 8.7958e+22
13.4434 245.863 1.20062e+19 2.61111e+22 8.83408e+22
13.4835 242.112 1.20061e+19 6.89182e+22 8.87354e+22
13.5235 242.581 1.20066e+19 8.2178e+22 8.86102e+22
13.5636 238.986 1.20066e+19 4.08726e+22 8.8158e+22
13.6036 234.922 1.2006e+19 2.83712e+22 8.83797e+22
13.6436 235.547 1.20058e+19 7.09621e+22 8.73479e+22
13.6837 231.796 1.20064e+19 8.70328e+22 8.81303e+22
13.7237 228.045 1.20066e+19 4.65247e+22 8.6897e+22
13.7638 224.293 1.20064e+19 2.8962e+22 8.86035e+22
13.8038 222.574 1.20064e+19 6.76974e+22 8.79918e+22
13.8438 220.855 1.2006e+19 8.72534e+22 9.0301e+22
13.8839 217.103 1.20057e+19 5.09213e+22 9.05875e+22
13.9239 213.509 1.20062e+19 3.1897e+22 9.0708e+22
13.964 213.977 1.20072e+19 6.80454e+22 9.00999e+22
14.004 210.382 1.20073e+19 8.81142e+22 8.94831e+22
14.044 211.008 1.20067e+19 5.2639e+22 8.88396e+22
14.0841 207.256 1.20065e+19 3.08053e+22 9.17362e+22
14.1241 208.194 1.20067e+19 6.59058e+22 8.77836e+22
14.1642 206.475 1.20067e+19 9.25777e+22 9.28806e+22
14.2042 205.225 1.20067e+19 6.24081e+22 8.82612e+22
14.2442 201.161 1.20064e+19 3.6862e+22 9.27342e+22
14.2843 201.786 1.20057e+19 6.41785e+22 9.11164e+22
14.3243 198.035 1.20047e+19 8.8353e+22 9.24366e+22
14.3644 194.283 1.20047e+19 6.29586e+22 9.21352e+22
14.4044 194.909 1.2005e+19 3.74821e+22 9.15254e+22
14.4444 191.157 1.20046e+19 6.27721e+22 9.41514e+22
14.4845 189.438 1.20035e+19 9.38107e+22 9.40407e+22
14.5245 188.031 1.20023e+19 7.55589e+22 9.37186e+22
14.5646 184.28 1.20014e+19 4.42097e+22 9.22859e+22
14.6046 184.905 1.20005e+19 5.76026e+22 9.13631e+22
14.6446 180.841 1.19995e+19 8.81201e+22 9.31139e+22
14.6847 177.09 1.1998e+19 7.68572e+22 9.17428e+22
14.7247 177.715 1.19962e+19 4.7052e+22 9.28143e+22
14.7648 173.808 1.1994e+19 5.87911e+22 9.49556e+22
14.8048 170.213 1.19917e+19 9.43014e+22 9.44643e+22
14.8448 170.525 1.199e+19 9.05003e+22 9.63594e+22
14.8849 166.774 1.19885e+19 5.52566e+22 9.46729e+22
14.9249 167.087 1.1986e+19 5.41364e+22 9.65341e+22
14.965 163.336 1.1982e+19 8.56474e+22 9.96388e+22
15.005 159.584 1.19785e+19 8.93662e+22 9.99509e+22
15.045 160.21 1.19757e+19 6.13242e+22 9.92986e+22
15.0851 156.458 1.19719e+19 5.96834e+22 9.89414e+22
15.1251 157.084 1.1967e+19 9.16805e+22 9.77707e+22
15.1652 153.02 1.19617e+19 1.02101e+23 1.02323e+23
15.2052 153.801 1.19562e+19 7.30687e+22 1.00645e+23
15.2452 149.894 1.195e+19 5.75677e+22 1.02395e+23
15.2853 150.519 1.19432e+19 7.9289e+22 1.00513e+23
15.3253 146.768 1.19363e+19 9.6361e+22 1.0569e+23
15.3654 143.016 1.19294e+19 8.05958e+22 1.00861e+23
15.4054 143.485 1.19218e+19 6.74178e+22 1.04385e+23
15.4454 139.578 1.19125e+19 8.77346e+22 1.05387e+23
15.4855 135.826 1.19022e+19 1.09585e+23 1.09745e+23
15.5255 136.139 1.18932e+19 9.55233e+22 1.08391e+23
15.5656 132.7 1.18844e+19 6.93141e+22 1.05653e+23
15.6056 133.013 1.18732e+19 7.41483e+22 1.06277e+23
15.6456 129.262 1.18604e+19 9.82803e+22 1.08369e+23
15.6857 125.198 1.18478e+19 9.91657e+22 1.13342e+23
15.7257 125.823 1.18354e+19 8.22194e+22 1.10902e+23
15.7658 121.759 1.18223e+19 8.74463e+22 1.14096e+23
15.8058 122.072 1.18082e+19 1.13154e+23 1.13231e+23
15.8458 118.321 1.17931e+19 1.17415e+23 1.20042e+23
15.8859 118.946 1.17781e+19 9.29621e+22 1.14209e+23
15.9259 115.195 1.1763e+19 8.10019e+22 1.18257e+23
15.966 111.287 1.1747e+19 9.8527e+22 1.20761e+23
16.006 111.756 1.17312e+19 1.10613e+23 1.24167e+23
16.046 108.317 1.17172e+19 9.85332e+22 1.21182e+23
16.0861 108.63 1.17028e+19 9.3849e+22 1.19984e+23
16.1261 104.879 1.16873e+19 1.15287e+23 1.26905e+23
16.1662 100.815 1.16726e+19 1.34114e+23 1.34244e+23
16.2062 101.127 1.166e+19 1.2508e+23 1.33206e+23
16.2462 97.8451 1.16492e+19 1.06782e+23 1.29501e+23
16.2863 98.0014 1.16384e+19 1.05823e+23 1.28039e+23
16.3263 94.2501 1.16264e+19 1.16071e+23 1.392e+23
16.3664 94.2501 1.16152e+19 1.16438e+23 1.3892e+23
16.4064 90.6552 1.16064e+19 1.09755e+23 1.37459e+23
16.4464 90.4989 1.15982e+19 1.179e+23 1.39451e+23
16.4865 87.0602 1.15898e+19 1.40319e+23 1.47113e+23
16.5265 83.6216 1.15812e+19 1.52519e+23 1.52568e+23
16.5666 83.9342 1.1573e+19 1.46232e+23 1.4641e+23
16.6066 79.8703 1.15653e+19 1.37368e+23 1.57971e+23
16.6466 80.1829 1.15578e+19 1.38318e+23 1.52314e+23
16.6867 76.9006 1.15501e+19 1.40703e+23 1.57254e+23
16.7267 76.4317 1.15435e+19 1.32675e+23 1.63652e+23
16.7668 73.3056 1.15365e+19 1.26749e+23 1.69427e+23
16.8068 72.993 1.15283e+19 1.41064e+23 1.73905e+23
16.8468 69.867 1.15199e+19 1.65731e+23 1.68642e+23
16.8869 67.6788 1.15123e+19 1.79464e+23 1.79525e+23
16.9269 66.4284 1.15054e+19 1.81532e+23 1.86627e+23
16.967 62.8334 1.1498e+19 1.85185e+23 1.97651e+23
17.007 62.6771 1.14886e+19 1.91699e+23 1.95414e+23
17.047 59.5511 1.14791e+19 1.85488e+23 1.9889e+23
17.0871 57.988 1.14707e+19 1.68325e+23 2.1008e+23
17.1271 56.1124 1.14628e+19 1.61606e+23 2.15538e+23
17.1672 52.9864 1.14546e+19 1.71965e+23 2.26216e+23
17.2072 51.8923 1.1446e+19 1.8956e+23 2.2715e+23
17.2472 50.9545 1.14373e+19 2.06899e+23 2.3502e+23
17.2873 48.2973 1.14299e+19 2.30544e+23 2.42167e+23
17.3273 45.7965 1.14224e+19 2.6002e+23 2.60122e+23
17.3674 44.8587 1.14153e+19 2.75197e+23 2.75318e+23
17.4074 41.42 1.14092e+19 2.71814e+23 2.82023e+23
17.4474 40.4822 1.14036e+19 2.61787e+23 2.89046e+23
17.4875 40.0133 1.13978e+19 2.53079e+23 2.78236e+23
17.5275 38.294 1.13912e+19 2.41896e+23 3.09724e+23
17.5676 34.699 1.13851e+19 2.33847e+23 3.37079e+23
17.6076 33.7612 1.13802e+19 2.50084e+23 3.55104e+23
17.6476 32.6671 1.13752e+19 2.92852e+23 3.58123e+23
17.6877 29.5411 1.13692e+19 3.46633e+23 3.77161e+23
17.7277 28.2907 1.13623e+19 3.94858e+23 3.9887e+23
17.7678 26.7276 1.13556e+19 4.41564e+23 4.4162e+23
17.8078 23.289 1.13498e+19 4.87734e+23 4.87955e+23
17.8478 22.0386 1.13439e+19 5.0736e+23 5.07562e+23
17.8879 21.4134 1.13375e+19 4.88272e+23 5.35507e+23
17.9279 19.2251 1.13314e+19 4.4739e+23 5.66147e+23
17.968 16.8806 1.13256e+19 4.27047e+23 6.03762e+23
18.008 15.3176 1.13201e+19 4.45216e+23 7.21738e+23
18.048 13.9109 1.13145e+19 5.02594e+23 8.26609e+23
18.0881 10.7848 1.13091e+19 6.15767e+23 8.92758e+23
18.1281 10.1596 1.13047e+19 8.27807e+23 9.18793e+23
18.1682 8.90921 1.13003e+19 1.1532e+24 1.15359e+24
18.2082 5.78317 1.12955e+19 1.55229e+24 1.55332e+24
18.2482 3.75125 1.12902e+19 1.95843e+24 1.95987e+24
18.2883 3.28234 1.12854e+19 2.3431e+24 2.34468e+24
18.3283 3.28234 1.12813e+19 2.72519e+24 2.72735e+24
18.3684 2.96974 1.12769e+19 3.07537e+24 3.07832e+24
18.4084 2.96974 1.1272e+19 3.3042e+24 3.30791e+24
18.4484 2.96974 1.12671e+19 3.32493e+24 3.32822e+24
18.4885 2.96974 1.1263e+19 3.18096e+24 3.18376e+24
18.5285 2.96974 1.12594e+19 2.95263e+24 2.95491e+24
18.5686 3.12604 1.12554e+19 2.68526e+24 2.6877e+24
18.6086 3.28234 1.12511e+19 2.33736e+24 2.33957e+24
18.6486 3.90755 1.1247e+19 1.90174e+24 1.90341e+24
18.6887 6.72099 1.12434e+19 1.44397e+24 1.4446e+24
18.7287 9.53442 1.12397e+19 1.07894e+24 1.07905e+24
18.7688 10.4722 1.12356e+19 8.32419e+23 9.01362e+23
18.8088 11.0974 1.1232e+19 6.46462e+23 8.87675e+23
18.8488 13.9109 1.12285e+19 4.83356e+23 8.17606e+23
18.8889 16.0991 1.1225e+19 3.88206e+23 7.2841e+23
18.9289 17.0369 1.12209e+19 3.93743e+23 6.20154e+23
18.969 20.4756 1.12167e+19 4.45712e+23 5.40034e+23
19.009 21.1008 1.12135e+19 4.63373e+23 5.59376e+23
19.049 22.9764 1.12109e+19 4.44726e+23 5.39842e+23
19.0891 23.9142 1.12083e+19 4.46281e+23 4.65202e+23
19.1291 23.9142 1.12052e+19 4.7259e+23 4.72849e+23
19.1692 27.0402 1.12022e+19 4.64472e+23 4.649e+23
19.2092 29.2285 1.11997e+19 3.93051e+23 4.12419e+23
19.2492 31.1041 1.11973e+19 3.09872e+23 3.61132e+23
19.2893 35.168 1.11944e+19 2.70873e+23 3.26475e+23
19.3293 34.8553 1.11914e+19 2.6499e+23 3.57998e+23
19.3694 35.7932 1.11886e+19 2.42228e+23 3.47592e+23
19.4094 38.1377 1.11861e+19 1.99511e+23 3.13474e+23
19.4494 38.9192 1.11837e+19 1.85045e+23 2.97263e+23
19.4895 43.2957 1.11811e+19 2.18972e+23 2.61396e+23
19.5295 44.7024 1.11789e+19 2.57174e+23 2.64871e+23
19.5696 45.7965 1.11771e+19 2.53243e+23 2.67418e+23
19.6096 45.9528 1.11753e+19 2.28045e+23 2.78099e+23
19.6496 50.4855 1.1173e+19 2.29006e+23 2.49814e+23
19.6897 51.4234 1.11705e+19 2.53856e+23 2.54029e+23
19.7297 52.9864 1.11685e+19 2.52396e+23 2.52674e+23
19.7698 57.3628 1.11667e+19 2.09254e+23 2.4023e+23
19.8098 57.988 1.11648e+19 1.64038e+23 2.26916e+23
19.8498 60.4889 1.11625e+19 1.54036e+23 2.06024e+23
19.8899 60.1763 1.11604e+19 1.65125e+23 2.21865e+23
19.9299 60.1763 1.11587e+19 1.58441e+23 2.16539e+23
19.97 65.1779 1.11573e+19 1.30843e+23 1.91665e+23
20.01 64.8653 1.11557e+19 1.19691e+23 1.91192e+23
20.0501 67.9914 1.11541e+19 1.45298e+23 1.80809e+23
20.0901 67.9914 1.11527e+19 1.75686e+23 1.80473e+23
20.1301 71.8989 1.11514e+19 1.73668e+23 1.86507e+23
20.1702 72.0552 1.115e+19 1.50776e+23 1.85256e+23
20.2102 75.1813 1.11484e+19 1.46685e+23 1.76223e+23
20.2503 75.8065 1.1147e+19 1.67836e+23 1.67933e+23
20.2903 79.5577 1.11459e+19 1.78086e+23 1.78296e+23
20.3303 80.4955 1.11451e+19 1.5493e+23 1.57177e+23
20.3704 83.309 1.1144e+19 1.17499e+23 1.66068e+23
20.4104 87.8417 1.11428e+19 1.05262e+23 1.46404e+23
20.4505 87.8417 1.11419e+19 1.2096e+23 1.57671e+23
20.4905 87.6854 1.11413e+19 1.25503e+23 1.63746e+23
20.5305 91.4367 1.11406e+19 1.03257e+23 1.47235e+23
20.5706 95.6568 1.11396e+19 8.37434e+22 1.45301e+23
20.6106 96.1257 1.11384e+19 9.57449e+22 1.36895e+23
20.6507 99.2518 1.11373e+19 1.2591e+23 1.36895e+23
20.6907 99.0955 1.11364e+19 1.34495e+23 1.41797e+23
20.7307 98.314 1.11355e+19 1.14345e+23 1.47854e+23
20.7708 102.69 1.11345e+19 1.00042e+23 1.4144e+23
20.8108 107.067 1.11338e+19 1.16567e+23 1.30042e+23
20.8509 101.284 1.11333e+19 1.41643e+23 1.41858e+23
20.8909 105.504 1.11327e+19 1.35035e+23 1.40716e+23
20.9309 105.816 1.11321e+19 1.01124e+23 1.2659e+23
20.971 109.568 1.11314e+19 8.10139e+22 1.2273e+23
21.011 113.632 1.11309e+19 9.25003e+22 1.24285e+23
21.0511 113.632 1.11304e+19 1.08618e+23 1.30793e+23
21.0911 114.1 1.11299e+19 9.70735e+22 1.19563e+23
21.1311 117.227 1.11292e+19 6.76957e+22 1.26451e+23
21.1712 121.759 1.11286e+19 6.19341e+22 1.17061e+23
21.2112 122.072 1.11283e+19 8.74577e+22 1.1297e+23
21.2513 122.072 1.11282e+19 1.06673e+23 1.20784e+23
21.2913 125.511 1.1128e+19 9.504e+22 1.19127e+23
21.3313 129.887 1.11278e+19 7.3586e+22 1.17944e+23
21.3714 130.356 1.11275e+19 7.75389e+22 1.09577e+23
21.4114 133.169 1.11273e+19 1.0659e+23 1.16652e+23
21.4515 133.169 1.1127e+19 1.2156e+23 1.21818e+23
21.4915 138.171 1.11266e+19 9.9766e+22 1.09851e+23
21.5315 138.015 1.11263e+19 7.13916e+22 1.07865e+23
21.5716 141.766 1.11261e+19 7.18982e+22 1.06738e+23
21.6116 141.297 1.1126e+19 9.31639e+22 1.06428e+23
21.6517 146.142 1.1126e+19 9.87558e+22 1.0365e+23
21.6917 140.047 1.11258e+19 7.43054e+22 1.06988e+23
21.7317 140.203 1.11258e+19 4.93751e+22 1.06666e+23
21.7718 148.643 1.11257e+19 5.60338e+22 9.83376e+22
21.8118 148.018 1.11257e+19 8.00912e+22 1.03473e+23
21.8519 148.331 1.11255e+19 8.41431e+22 1.05448e+23
21.8919 151.769 1.11252e+19 6.41796e+22 9.71269e+22
21.9319 152.238 1.11249e+19 5.05796e+22 9.75141e+22
21.972 156.771 1.11248e+19 6.61839e+22 9.46019e+22
22.012 157.084 1.11248e+19 9.34285e+22 9.77795e+22
22.0521 160.21 1.11248e+19 9.61197e+22 9.63134e+22
22.0921 160.678 1.11248e+19 7.2699e+22 9.51645e+22
22.1321 165.211 1.11249e+19 5.77844e+22 9.30805e+22
22.1722 168.337 1.11248e+19 7.07616e+22 8.82156e+22
22.2122 168.962 1.11246e+19 9.14253e+22 9.2289e+22
22.2523 173.026 1.11244e+19 8.87052e+22 8.88801e+22
22.2923 173.339 1.11244e+19 6.25774e+22 9.13982e+22
22.3323 177.403 1.11244e+19 4.57724e+22 8.53225e+22
22.3724 177.559 1.11245e+19 5.54764e+22 8.84928e+22
22.4124 176.934 1.11245e+19 7.23085e+22 9.11898e+22
22.4525 181.467 1.11245e+19 6.97053e+22 8.57874e+22
22.4925 186.312 1.11245e+19 4.87363e+22 8.08057e+22
22.5325 186.156 1.11244e+19 3.85003e+22 8.14868e+22
22.5726 189.282 1.11244e+19 5.36177e+22 8.02131e+22
22.6126 194.283 1.11244e+19 7.29141e+22 8.0252e+22
22.6527 194.127 1.11243e+19 7.17741e+22 8.2625e+22
22.6927 187.406 1.11244e+19 5.46419e+22 8.03869e+22
22.7327 188.344 1.11243e+19 4.70117e+22 7.74651e+22
22.7728 191.47 1.11243e+19 6.19787e+22 7.98354e+22
22.8128 192.564 1.11242e+19 8.04466e+22 8.21146e+22
22.8529 196.472 1.11242e+19 7.82036e+22 7.83363e+22
22.8929 198.347 1.11242e+19 5.92162e+22 7.26131e+22
22.9329 200.535 1.11241e+19 4.68121e+22 7.61393e+22
22.973 204.599 1.1124e+19 5.52972e+22 7.52553e+22
23.013 205.85 1.1124e+19 6.95988e+22 7.2346e+22
23.0531 208.663 1.1124e+19 6.64196e+22 7.11524e+22
23.0931 209.757 1.11239e+19 4.83832e+22 7.28489e+22
23.1331 214.29 1.11238e+19 3.6339e+22 6.96566e+22
23.1732 215.54 1.11237e+19 4.32048e+22 7.06834e+22
23.2132 217.572 1.11236e+19 5.69915e+22 7.37928e+22
23.2533 218.666 1.11234e+19 5.68551e+22 7.13697e+22
23.2933 223.356 1.11233e+19 4.38733e+22 6.72001e+22
23.3333 226.169 1.11232e+19 3.60323e+22 6.7439e+22
23.3734 227.107 1.11232e+19 4.45892e+22 6.97535e+22
23.4134 228.045 1.11233e+19 6.01251e+22 6.75823e+22
23.4535 233.515 1.11232e+19 6.31826e+22 6.32756e+22
23.4935 235.547 1.11231e+19 5.22861e+22 6.65839e+22
23.5335 236.954 1.11227e+19 4.34804e+22 6.27183e+22
23.5736 239.611 1.11224e+19 4.88228e+22 6.35305e+22
23.6136 228.982 1.11221e+19 6.25008e+22 6.52868e+22
23.6537 244.456 1.11219e+19 6.60661e+22 6.61812e+22
23.6937 247.113 1.11217e+19 5.48851e+22 5.98128e+22
23.7337 247.739 1.11217e+19 4.23471e+22 6.12937e+22
23.7738 238.829 1.11217e+19 4.1636e+22 6.24032e+22
23.8138 241.643 1.11216e+19 5.11895e+22 6.25925e+22
23.8539 245.707 1.11213e+19 5.50701e+22 5.98536e+22
23.8939 247.27 1.11206e+19 4.63916e+22 5.95768e+22
23.9339 249.614 1.11199e+19 3.48175e+22 5.87542e+22
23.974 251.803 1.11193e+19 3.28482e+22 5.63958e+22
24.014 255.554 1.11189e+19 4.17455e+22 5.73582e+22
24.0541 256.804 1.11187e+19 4.82284e+22 6.00021e+22
24.0941 259.93 1.11186e+19 4.41016e+22 5.39807e+22
24.1341 261.024 1.11185e+19 3.57322e+22 5.75708e+22
24.1742 264.932 1.11183e+19 3.44536e+22 5.56288e+22
24.2142 267.12 1.11178e+19 4.37965e+22 5.78769e+22
24.2543 269.308 1.11169e+19 5.26094e+22 5.58652e+22
24.2943 271.965 1.11157e+19 5.16114e+22 5.27876e+22
24.3343 273.841 1.11146e+19 4.36943e+22 5.55064e+22
24.3744 278.061 1.1114e+19 3.94009e+22 5.23011e+22
24.4144 279.624 1.11138e+19 4.52007e+22 5.16441e+22
24.4545 281.5 1.11136e+19 5.30097e+22 5.43659e+22
24.4945 283.376 1.11134e+19 5.34674e+22 5.3535e+22
24.5345 287.752 1.11129e+19 4.52024e+22 5.17433e+22
24.5746 290.253 1.1112e+19 3.72113e+22 4.9793e+22
24.6146 291.503 1.11108e+19 3.78426e+22 5.29471e+22
24.6547 292.754 1.11094e+19 4.32113e+22 5.18652e+22
24.6947 296.974 1.11081e+19 4.53201e+22 5.07059e+22
24.7347 299.787 1.11075e+19 3.9339e+22 5.15967e+22
24.7748 301.975 1.11074e+19 3.16321e+22 4.83539e+22
24.8148 303.538 1.11074e+19 3.03305e+22 4.78704e+22
24.8549 305.102 1.11069e+19 3.52169e+22 4.91372e+22
24.8949 309.791 1.11059e+19 4.00577e+22 4.97152e+22
24.9349 311.979 1.11045e+19 3.80226e+22 4.67504e+22
24.975 314.323 1.1103e+19 3.27326e+22 4.5093e+22
25.015 303.226 1.11016e+19 3.10749e+22 4.81894e+22
25.0551 304.945 1.11006e+19 3.58998e+22 4.7929e+22
25.0951 307.759 1.11001e+19 4.2724e+22 4.6582e+22
25.1351 317.293 1.11001e+19 4.37936e+22 4.61665e+22
25.1752 313.698 1.11e+19 3.98629e+22 4.44578e+22
25.2152 315.886 1.10994e+19 3.58565e+22 4.5101e+22
25.2553 317.918 1.10978e+19 3.77633e+22 4.37887e+22
25.2953 320.419 1.10957e+19 4.32447e+22 4.51768e+22
25.3353 323.076 1.10937e+19 4.57854e+22 4.59931e+22
25.3754 326.202 1.10923e+19 4.26576e+22 4.40006e+22
25.4154 327.765 1.10915e+19 3.64195e+22 4.4328e+22
25.4555 330.579 1.10914e+19 3.41338e+22 4.30395e+22
25.4955 333.08 1.10913e+19 3.61929e+22 4.34535e+22
25.5355 336.518 1.1091e+19 3.91912e+22 4.28305e+22
25.5756 338.55 1.10899e+19 3.77452e+22 4.21353e+22
25.6156 340.738 1.10878e+19 3.25736e+22 4.18006e+22
25.6557 343.083 1.10851e+19 2.8605e+22 4.06657e+22
25.6957 346.365 1.10824e+19 2.88673e+22 4.18167e+22
25.7357 348.866 1.10807e+19 3.23735e+22 4.17714e+22
25.7758 350.585 1.10801e+19 3.34972e+22 4.25714e+22
25.8158 352.461 1.10801e+19 3.13787e+22 4.11952e+22
25.8559 355.431 1.10799e+19 2.79682e+22 4.09902e+22
25.8959 359.495 1.10785e+19 2.80341e+22 4.01287e+22
25.9359 361.37 1.10761e+19 3.1798e+22 3.93987e+22
25.976 363.402 1.10728e+19 3.54973e+22 3.92341e+22
26.016 365.278 1.10694e+19 3.60961e+22 3.91501e+22
26.0561 368.716 1.10667e+19 3.33735e+22 3.91992e+22
26.0961 371.686 1.10652e+19 3.20541e+22 3.82182e+22
26.1361 373.718 1.10649e+19 3.37046e+22 3.95691e+22
26.1762 375.125 1.10648e+19 3.77644e+22 3.91137e+22
26.2162 363.715 1.10635e+19 3.93806e+22 3.95461e+22
26.2563 366.216 1.10602e+19 3.75346e+22 3.84658e+22
26.2963 384.503 1.1055e+19 3.3902e+22 3.67081e+22
26.3363 385.597 1.10496e+19 3.22701e+22 3.73403e+22
26.3764 374.5 1.10453e+19 3.37877e+22 3.68247e+22
26.4164 376.844 1.10431e+19 3.55171e+22 3.69831e+22
26.4565 378.563 1.10425e+19 3.50514e+22 3.73225e+22
26.4965 381.064 1.10423e+19 3.13205e+22 3.69819e+22
26.5365 383.878 1.10407e+19 2.81294e+22 3.63885e+22
26.5766 387.16 1.10366e+19 2.70995e+22 3.62018e+22
26.6166 389.192 1.103e+19 2.88246e+22 3.62715e+22
26.6567 391.38 1.10223e+19 2.97745e+22 3.64478e+22
26.6967 393.568 1.10155e+19 2.86422e+22 3.558e+22
26.7367 397.007 1.10114e+19 2.58813e+22 3.48749e+22
26.7768 399.977 1.10099e+19 2.44434e+22 3.48009e+22
26.8168 402.165 1.1009e+19 2.57468e+22 3.53336e+22
26.8569 403.884 1.1006e+19 2.81955e+22 3.4992e+22
26.8969 406.073 1.09989e+19 2.97541e+22 3.54738e+22
26.9369 408.886 1.09888e+19 2.87701e+22 3.49511e+22
26.977 412.481 1.09777e+19 2.76352e+22 3.46807e+22
27.017 415.138 1.09688e+19 2.76949e+22 3.28761e+22
27.0571 416.857 1.09634e+19 3.02897e+22 3.39547e+22
27.0971 418.577 1.09611e+19 3.2601e+22 3.35523e+22
27.1371 422.015 1.09589e+19 3.34452e+22 3.34631e+22
27.1772 425.298 1.09537e+19 3.17848e+22 3.33619e+22
27.2172 427.486 1.09432e+19 3.03161e+22 3.33457e+22
27.2573 429.205 1.09283e+19 3.0252e+22 3.28852e+22
27.2973 431.081 1.09121e+19 3.19152e+22 3.33326e+22
27.3373 432.175 1.08989e+19 3.31024e+22 3.32154e+22
27.3774 437.489 1.08906e+19 3.23213e+22 3.28899e+22
27.4174 440.146 1.08858e+19 2.99182e+22 3.22308e+22
27.4575 442.178 1.08801e+19 2.76634e+22 3.12063e+22
27.4975 443.429 1.0869e+19 2.73004e+22 3.10409e+22
27.5375 431.862 1.08514e+19 2.79328e+22 3.14802e+22
27.5776 434.051 1.08296e+19 2.84063e+22 3.18382e+22
27.6176 452.182 1.08085e+19 2.68733e+22 3.19631e+22
27.6577 438.896 1.07923e+19 2.47135e+22 3.20743e+22
27.6977 442.335 1.07818e+19 2.28915e+22 3.13716e+22
27.7377 444.679 1.07736e+19 2.32474e+22 3.11642e+22
27.7778 446.711 1.07626e+19 2.42441e+22 3.10462e+22
27.8178 448.743 1.0744e+19 2.51392e+22 3.17843e+22
27.8579 451.4 1.0718e+19 2.42443e+22 3.05756e+22
27.8979 455.151 1.0688e+19 2.31773e+22 3.04861e+22
27.9379 457.652 1.06606e+19 2.27051e+22 2.97151e+22
27.978 459.84 1.06397e+19 2.42028e+22 2.96422e+22
28.018 461.56 1.06245e+19 2.60515e+22 2.99688e+22
28.0581 464.061 1.06095e+19 2.73603e+22 3.0208e+22
28.0981 467.187 1.05886e+19 2.69335e+22 3.01832e+22
28.1381 468.75 1.05583e+19 2.62225e+22 3.03788e+22
28.1782 468.75 1.05219e+19 2.61831e+22 2.94203e+22
28.2182 468.75 1.04852e+19 2.76385e+22 2.83705e+22
28.2583 461.716 1.04548e+19 2.92544e+22 2.93128e+22
28.2983 463.592 1.04318e+19 2.99419e+22 2.99597e+22
28.3383 465.78 1.04126e+19 2.90443e+22 2.91827e+22
28.3784 467.968 1.03902e+19 2.76401e+22 2.90252e+22
28.4184 468.75 1.03596e+19 2.68634e+22 2.8819e+22
28.4585 468.75 1.03204e+19 2.72674e+22 2.82422e+22
28.4985 468.75 1.02782e+19 2.79919e+22 2.86628e+22
28.5385 468.75 1.02391e+19 2.78496e+22 2.79292e+22
28.5786 468.75 1.0208e+19 2.64186e+22 2.84127e+22
28.6186 468.75 1.0183e+19 2.44523e+22 2.80706e+22
28.6587 468.75 1.01582e+19 2.32321e+22 2.75929e+22
28.6987 468.75 1.01269e+19 2.31637e+22 2.77656e+22
28.7387 468.75 1.00869e+19 2.36338e+22 2.69541e+22
28.7788 468.75 1.00418e+19 2.34289e+22 2.75361e+22
28.8188 468.75 9.99897e+18 2.2334e+22 2.76106e+22
28.8589 468.75 9.96333e+18 2.08633e+22 2.81734e+22
28.8989 468.75 9.93569e+18 2.019e+22 2.7813e+22
28.9389 468.75 9.91068e+18 2.05701e+22 2.671e+22
28.979 468.75 9.88203e+18 2.1614e+22 2.73228e+22
29.019 468.75 9.84634e+18 2.21334e+22 2.7473e+22
29.0591 468.75 9.80573e+18 2.18827e+22 2.66465e+22
29.0991 468.75 9.7659e+18 2.11777e+22 2.67375e+22
29.1391 468.75 9.73259e+18 2.11552e+22 2.66814e+22
29.1792 466.249 9.7066e+18 2.20732e+22 2.6985e+22
29.2192 468.593 9.68482e+18 2.35811e+22 2.6066e+22
29.2593 468.75 9.66132e+18 2.45458e+22 2.56059e+22
29.2993 468.75 9.63252e+18 2.46232e+22 2.60596e+22
29.3393 468.75 9.59911e+18 2.40921e+22 2.67092e+22
29.3794 468.75 9.56563e+18 2.38548e+22 2.64241e+22
29.4194 468.75 9.53691e+18 2.44556e+22 2.56561e+22
29.4595 463.279 9.51493e+18 2.55613e+22 2.58377e+22
29.4995 466.874 9.49675e+18 2.63311e+22 2.63416e+22
29.5395 468.75 9.47776e+18 2.60267e+22 2.60319e+22
29.5796 468.75 9.45418e+18 2.50867e+22 2.5426e+22
29.6196 468.75 9.4267e+18 2.40218e+22 2.53209e+22
29.6597 468.75 9.39916e+18 2.38172e+22 2.57959e+22
29.6997 468.75 9.37581e+18 2.40472e+22 2.50756e+22
29.7397 461.872 9.35793e+18 2.44376e+22 2.45691e+22
29.7798 464.217 9.3431e+18 2.38007e+22 2.43136e+22
29.8198 467.656 9.32682e+18 2.26927e+22 2.46139e+22
29.8599 468.75 9.30655e+18 2.11748e+22 2.50496e+22
29.8999 468.75 9.28277e+18 2.05725e+22 2.48438e+22
29.9399 468.75 9.2592e+18 2.03971e+22 2.51427e+22
29.98 462.185 9.239e+18 2.08329e+22 2.45141e+22
30.02 463.904 9.22282e+18 2.0492e+22 2.44707e+22
30.0601 465.936 9.20807e+18 1.98664e+22 2.43538e+22
30.1001 467.656 9.19108e+18 1.86902e+22 2.47522e+22
30.1401 468.75 9.16967e+18 1.83401e+22 2.4859e+22
30.1802 468.75 9.14517e+18 1.84296e+22 2.41514e+22
30.2202 468.75 9.12053e+18 1.9317e+22 2.41248e+22
30.2603 468.75 9.09895e+18 1.97107e+22 2.42161e+22
30.3003 468.124 9.08044e+18 1.98066e+22 2.37117e+22
30.3403 468.75 9.06256e+18 1.9268e+22 2.33864e+22
30.3804 468.75 9.04181e+18 1.91955e+22 2.35759e+22
30.4204 468.75 9.01659e+18 1.95863e+22 2.41053e+22
30.4605 468.75 8.98796e+18 2.06666e+22 2.40238e+22
30.5005 468.75 8.95966e+18 2.16243e+22 2.32859e+22
30.5405 468.75 8.93392e+18 2.20381e+22 2.32914e+22
30.5806 468.75 8.91138e+18 2.18671e+22 2.31695e+22
30.6206 468.75 8.88916e+18 2.1483e+22 2.33987e+22
30.6607 468.75 8.86435e+18 2.16603e+22 2.33493e+22
30.7007 468.75 8.83544e+18 2.2175e+22 2.32899e+22
30.7407 468.75 8.80432e+18 2.31298e+22 2.31832e+22
30.7808 468.75 8.77384e+18 2.33372e+22 2.33445e+22
30.8208 468.75 8.74709e+18 2.31803e+22 2.31846e+22
30.8609 468.75 8.72335e+18 2.22299e+22 2.27218e+22
30.9009 468.75 8.7007e+18 2.17628e+22 2.27714e+22
30.9409 468.75 8.67598e+18 2.14434e+22 2.26162e+22
30.981 468.75 8.64849e+18 2.1865e+22 2.24684e+22
31.021 468.75 8.61958e+18 2.19187e+22 2.25878e+22
31.0611 468.75 8.59241e+18 2.16555e+22 2.26745e+22
31.1011 468.75 8.56857e+18 2.07107e+22 2.22232e+22
31.1411 468.75 8.54813e+18 1.96897e+22 2.18533e+22
31.1812 468.75 8.5285e+18 1.90506e+22 2.19886e+22
31.2212 468.75 8.50769e+18 1.88693e+22 2.26291e+22
31.2613 468.75 8.48489e+18 1.91078e+22 2.23705e+22
31.3013 468.75 8.46158e+18 1.8924e+22 2.22476e+22
31.3413 468.75 8.43996e+18 1.85291e+22 2.18162e+22
31.3814 468.75 8.42133e+18 1.75237e+22 2.19908e+22
31.4214 468.75 8.40501e+18 1.69998e+22 2.22567e+22
31.4615 468.75 8.38902e+18 1.66613e+22 2.18863e+22
31.5015 468.75 8.37144e+18 1.70935e+22 2.15065e+22
31.5415 468.75 8.35194e+18 1.73908e+22 2.17469e+22
31.5816 468.75 8.33206e+18 1.75872e+22 2.17938e+22
31.6216 468.75 8.31337e+18 1.72707e+22 2.13341e+22
31.6617 468.75 8.297e+18 1.69082e+22 2.12722e+22
31.7017 468.75 8.28181e+18 1.68922e+22 2.09649e+22
31.7417 468.75 8.26604e+18 1.72791e+22 2.11244e+22
31.7818 468.75 8.2481e+18 1.81863e+22 2.10829e+22
31.8218 468.75 8.22828e+18 1.87406e+22 2.11398e+22
31.8619 468.75 8.20767e+18 1.91832e+22 2.12574e+22
31.9019 468.75 8.18837e+18 1.88944e+22 2.10569e+22
31.9419 468.75 8.17031e+18 1.88808e+22 2.06431e+22
31.982 468.75 8.15283e+18 1.89102e+22 2.05486e+22
32.022 468.75 8.13392e+18 1.95454e+22 2.11259e+22
32.0621 468.75 8.11269e+18 2.0207e+22 2.11265e+22
32.1021 468.75 8.08949e+18 2.06285e+22 2.0817e+22
32.1421 468.75 8.06617e+18 2.06496e+22 2.06838e+22
32.1822 468.75 8.04399e+18 2.01428e+22 2.06736e+22
32.2222 468.75 8.0235e+18 1.99135e+22 2.08407e+22
32.2623 468.75 8.00343e+18 1.97044e+22 2.06385e+22
32.3023 468.75 7.98216e+18 2.01542e+22 2.02481e+22
32.3423 468.75 7.95911e+18 2.03381e+22 2.03419e+22
32.3824 468.75 7.93465e+18 2.0444e+22 2.04519e+22
32.4224 468.75 7.91065e+18 1.98923e+22 2.03265e+22
32.4625 468.75 7.88829e+18 1.91015e+22 2.00137e+22
32.5025 468.75 7.86786e+18 1.84369e+22 1.99218e+22
32.5425 468.75 7.84801e+18 1.79554e+22 1.99177e+22
32.5826 468.75 7.82777e+18 1.80652e+22 1.9895e+22
32.6226 468.75 7.80615e+18 1.79658e+22 1.98918e+22
32.6627 468.75 7.78435e+18 1.79162e+22 1.98378e+22
32.7027 468.75 7.76336e+18 1.72294e+22 1.98155e+22
32.7427 468.75 7.74432e+18 1.65493e+22 1.95679e+22
32.7828 468.75 7.72708e+18 1.59018e+22 1.96558e+22
32.8228 468.75 7.71058e+18 1.56066e+22 1.96223e+22
32.8629 468.75 7.69357e+18 1.57544e+22 1.97693e+22
32.9029 468.75 7.67576e+18 1.57713e+22 1.98e+22
32.9429 468.75 7.65766e+18 1.58475e+22 1.97885e+22
32.983 468.75 7.64027e+18 1.53704e+22 1.95358e+22
33.023 468.75 7.62462e+18 1.50856e+22 1.96358e+22
33.0631 468.75 7.61004e+18 1.48094e+22 1.94665e+22
33.1031 468.75 7.59588e+18 1.50088e+22 1.9116e+22
33.1431 468.75 7.58085e+18 1.54903e+22 1.89243e+22
33.1832 468.75 7.56485e+18 1.58824e+22 1.89272e+22
33.2232 468.75 7.54836e+18 1.62362e+22 1.90868e+22
33.2633 468.75 7.53245e+18 1.60403e+22 1.89524e+22
33.3033 468.75 7.51735e+18 1.60442e+22 1.89114e+22
33.3433 468.75 7.50287e+18 1.59814e+22 1.89301e+22
33.3834 468.75 7.48796e+18 1.64426e+22 1.85463e+22
33.4234 468.75 7.47171e+18 1.70925e+22 1.87719e+22
33.4635 468.75 7.45427e+18 1.76666e+22 1.88233e+22
33.5035 468.75 7.43601e+18 1.81086e+22 1.87333e+22
33.5435 468.75 7.41819e+18 1.79242e+22 1.86474e+22
33.5836 468.75 7.40109e+18 1.78561e+22 1.86073e+22
33.6236 468.75 7.3845e+18 1.76352e+22 1.86416e+22
33.6637 468.75 7.36723e+18 1.79034e+22 1.86223e+22
33.7037 468.75 7.34893e+18 1.8344e+22 1.85381e+22
33.7437 468.75 7.32925e+18 1.8706e+22 1.87144e+22
33.7838 468.75 7.30924e+18 1.89592e+22 1.89696e+22
33.8238 468.75 7.28979e+18 1.85419e+22 1.85452e+22
33.8639 468.75 7.27112e+18 1.81645e+22 1.8445e+22
33.9039 468.75 7.25322e+18 1.75973e+22 1.84721e+22
33.9439 468.75 7.23505e+18 1.74252e+22 1.81773e+22
33.984 468.75 7.21621e+18 1.75179e+22 1.82475e+22
34.024 468.75 7.19662e+18 1.75561e+22 1.80638e+22
34.0641 468.75 7.17732e+18 1.76006e+22 1.80339e+22
34.1041 468.75 7.1588e+18 1.70145e+22 1.80095e+22
34.1441 468.75 7.14181e+18 1.64366e+22 1.78914e+22
34.1842 468.75 7.12568e+18 1.57145e+22 1.7846e+22
34.2242 468.75 7.10961e+18 1.52917e+22 1.78935e+22
34.2643 468.75 7.0933e+18 1.52578e+22 1.77935e+22
34.3043 468.75 7.07649e+18 1.51842e+22 1.77477e+22
34.3443 468.75 7.05996e+18 1.52617e+22 1.77713e+22
34.3844 468.75 7.04431e+18 1.48212e+22 1.77643e+22
34.4244 468.75 7.02997e+18 1.43556e+22 1.78002e+22
34.4645 468.75 7.0163e+18 1.38377e+22 1.77378e+22
34.5045 468.75 7.00289e+18 1.3489e+22 1.78083e+22
34.5445 468.75 6.9889e+18 1.36279e+22 1.76605e+22
34.5846 468.75 6.97454e+18 1.37383e+22 1.76737e+22
34.6246 468.75 6.96034e+18 1.40534e+22 1.76951e+22
34.6647 468.75 6.94656e+18 1.39925e+22 1.75812e+22
34.7047 468.75 6.93358e+18 1.38062e+22 1.72905e+22
34.7447 468.75 6.92086e+18 1.36693e+22 1.7079e+22
34.7848 468.75 6.90788e+18 1.35241e+22 1.74488e+22
34.8248 468.75 6.89395e+18 1.38714e+22 1.72922e+22
34.8649 468.75 6.87941e+18 1.41933e+22 1.71316e+22
34.9049 468.75 6.86454e+18 1.46855e+22 1.71224e+22
34.9449 468.75 6.84998e+18 1.49925e+22 1.71452e+22
34.985 468.75 6.83599e+18 1.50094e+22 1.70404e+22
35.025 468.75 6.82194e+18 1.51163e+22 1.70992e+22
35.0651 468.75 6.80767e+18 1.50209e+22 1.6906e+22
35.1051 468.75 6.79246e+18 1.52721e+22 1.68647e+22
35.1451 468.75 6.7765e+18 1.55955e+22 1.67317e+22
35.1852 468.75 6.76017e+18 1.59743e+22 1.68039e+22
35.2252 468.75 6.74424e+18 1.64752e+22 1.68063e+22
35.2653 468.75 6.72875e+18 1.65264e+22 1.67598e+22
35.3053 468.75 6.71349e+18 1.65744e+22 1.68309e+22
35.3453 468.75 6.6982e+18 1.63274e+22 1.67627e+22
35.3854 468.75 6.6822e+18 1.61225e+22 1.69099e+22
35.4254 468.75 6.66585e+18 1.6266e+22 1.67678e+22
35.4655 468.75 6.64938e+18 1.63823e+22 1.66301e+22
35.5055 468.75 6.63347e+18 1.67716e+22 1.67764e+22
35.5455 468.75 6.61845e+18 1.67947e+22 1.67989e+22
35.5856 468.75 6.60407e+18 1.65202e+22 1.65215e+22
35.6256 468.75 6.58992e+18 1.61636e+22 1.63861e+22
35.6657 468.75 6.57547e+18 1.55936e+22 1.63574e+22
35.7057 468.75 6.56093e+18 1.54683e+22 1.61965e+22
35.7457 468.75 6.54617e+18 1.53809e+22 1.63132e+22
35.7858 468.75 6.53207e+18 1.53798e+22 1.62089e+22
35.8258 468.75 6.51888e+18 1.53879e+22 1.61237e+22
35.8659 468.75 6.50627e+18 1.5017e+22 1.58247e+22
35.9059 468.75 6.49409e+18 1.4736e+22 1.60777e+22
35.9459 468.75 6.48171e+18 1.42291e+22 1.61008e+22
35.986 468.75 6.46916e+18 1.37528e+22 1.61039e+22
36.026 468.75 6.45641e+18 1.35505e+22 1.60381e+22
36.0661 468.75 6.44409e+18 1.33344e+22 1.59238e+22
36.1061 468.75 6.43227e+18 1.34593e+22 1.59646e+22
36.1461 468.75 6.42087e+18 1.34295e+22 1.61174e+22
36.1862 468.75 6.40963e+18 1.31922e+22 1.59601e+22
36.2262 468.75 6.3978e+18 1.2909e+22 1.59679e+22
36.2663 468.75 6.38554e+18 1.23851e+22 1.58985e+22
36.3063 468.75 6.37278e+18 1.22354e+22 1.5945e+22
36.3463 468.75 6.35996e+18 1.22554e+22 1.58652e+22
36.3864 468.75 6.34751e+18 1.23775e+22 1.57344e+22
36.4264 468.75 6.33531e+18 1.26352e+22 1.57724e+22
36.4665 468.75 6.32311e+18 1.25772e+22 1.5678e+22
36.5065 468.75 6.31031e+18 1.2597e+22 1.55471e+22
36.5465 468.75 6.29709e+18 1.25168e+22 1.55648e+22
36.5866 468.75 6.2831e+18 1.23327e+22 1.53213e+22
36.6266 468.75 6.26896e+18 1.24331e+22 1.53669e+22
36.6667 468.75 6.25515e+18 1.25313e+22 1.53349e+22
36.7067 468.75 6.24148e+18 1.29354e+22 1.53276e+22
36.7467 468.75 6.22798e+18 1.33796e+22 1.55103e+22
36.7868 468.75 6.21424e+18 1.35081e+22 1.54268e+22
36.8268 468.75 6.20014e+18 1.36197e+22 1.53658e+22
36.8669 468.75 6.18559e+18 1.34792e+22 1.5207e+22
36.9069 468.75 6.17108e+18 1.34851e+22 1.53275e+22
36.9469 468.75 6.15708e+18 1.37578e+22 1.53405e+22
36.987 468.75 6.14346e+18 1.39279e+22 1.5416e+22
37.027 468.75 6.13053e+18 1.43355e+22 1.52945e+22
37.0671 468.75 6.1177e+18 1.46345e+22 1.51853e+22
37.1071 468.75 6.10473e+18 1.47953e+22 1.51608e+22
37.1471 468.75 6.09166e+18 1.49271e+22 1.51907e+22
37.1872 468.75 6.07852e+18 1.4639e+22 1.51717e+22
37.2272 468.75 6.06586e+18 1.45195e+22 1.52167e+22
37.2673 468.75 6.05371e+18 1.46148e+22 1.51694e+22
37.3073 468.75 6.04232e+18 1.47206e+22 1.50951e+22
37.3473 468.75 6.0313e+18 1.50356e+22 1.50369e+22
37.3874 468.75 6.02031e+18 1.50704e+22 1.50719e+22
37.4274 468.75 6.00933e+18 1.5022e+22 1.50231e+22
37.4675 468.75 5.99813e+18 1.49789e+22 1.49815e+22
37.5075 468.75 5.9872e+18 1.4572e+22 1.47716e+22
37.5475 468.75 5.9767e+18 1.42817e+22 1.47056e+22
37.5876 468.75 5.96659e+18 1.40821e+22 1.46084e+22
37.6276 468.75 5.9568e+18 1.39802e+22 1.46417e+22
37.6677 468.75 5.94681e+18 1.41684e+22 1.47626e+22
37.7077 468.75 5.93656e+18 1.40524e+22 1.46209e+22
37.7477 468.75 5.9259e+18 1.38221e+22 1.46215e+22
37.7878 468.75 5.91512e+18 1.36129e+22 1.46075e+22
37.8278 468.75 5.90454e+18 1.31541e+22 1.45485e+22
37.8679 468.75 5.89409e+18 1.28044e+22 1.44398e+22
37.9079 468.75 5.88391e+18 1.24824e+22 1.45654e+22
37.9479 468.75 5.87351e+18 1.22784e+22 1.44313e+22
37.988 468.75 5.86274e+18 1.24114e+22 1.44582e+22
38.028 468.75 5.85156e+18 1.23169e+22 1.45284e+22
38.0681 468.75 5.83991e+18 1.21145e+22 1.43148e+22
38.1081 468.75 5.82824e+18 1.19365e+22 1.43195e+22
38.1481 468.75 5.81657e+18 1.15561e+22 1.42881e+22
38.1882 468.75 5.80516e+18 1.13169e+22 1.44403e+22
38.2282 468.75 5.79381e+18 1.11056e+22 1.42866e+22
38.2683 468.75 5.78217e+18 1.09701e+22 1.43134e+22
38.3083 468.75 5.77032e+18 1.12008e+22 1.42294e+22
38.3483 468.75 5.75804e+18 1.12897e+22 1.42727e+22
38.3884 468.75 5.74574e+18 1.12599e+22 1.42271e+22
38.4284 468.75 5.73377e+18 1.1255e+22 1.42203e+22
38.4685 468.75 5.72213e+18 1.10719e+22 1.41616e+22
38.5085 468.75 5.71087e+18 1.10103e+22 1.42478e+22
38.5485 468.75 5.69966e+18 1.098e+22 1.41136e+22
38.5886 468.75 5.68845e+18 1.09759e+22 1.3897e+22
38.6286 468.75 5.67708e+18 1.13574e+22 1.3785e+22
38.6687 468.75 5.66556e+18 1.16513e+22 1.38641e+22
38.7087 468.75 5.65441e+18 1.17558e+22 1.40651e+22
38.7487 468.75 5.64354e+18 1.19381e+22 1.40264e+22
38.7888 468.75 5.6332e+18 1.19302e+22 1.39651e+22
38.8288 468.75 5.62341e+18 1.19209e+22 1.38327e+22
38.8689 468.75 5.61365e+18 1.19777e+22 1.37236e+22
38.9089 468.75 5.60391e+18 1.20302e+22 1.37957e+22
38.9489 468.75 5.59411e+18 1.24228e+22 1.3822e+22
38.989 468.75 5.58435e+18 1.27805e+22 1.39352e+22
39.029 468.75 5.57486e+18 1.28984e+22 1.37714e+22
39.0691 468.75 5.56573e+18 1.31491e+22 1.37884e+22
39.1091 468.75 5.55696e+18 1.32028e+22 1.36311e+22
39.1491 468.75 5.54817e+18 1.30621e+22 1.37936e+22
39.1892 468.75 5.53935e+18 1.3054e+22 1.37941e+22
39.2292 468.75 5.53038e+18 1.30442e+22 1.36089e+22
39.2693 468.75 5.52101e+18 1.32209e+22 1.35712e+22
39.3093 468.75 5.51171e+18 1.3482e+22 1.36112e+22
39.3493 468.75 5.50254e+18 1.35271e+22 1.37288e+22
39.3894 468.75 5.49353e+18 1.36947e+22 1.36971e+22
39.4294 468.75 5.48471e+18 1.37337e+22 1.37348e+22
39.4695 468.75 5.47566e+18 1.33902e+22 1.34501e+22
39.5095 468.75 5.46634e+18 1.32291e+22 1.34814e+22
39.5495 468.75 5.45661e+18 1.31366e+22 1.34883e+22
39.5896 468.75 5.44649e+18 1.29657e+22 1.3431e+22
39.6296 468.75 5.43639e+18 1.30105e+22 1.33123e+22
39.6697 468.75 5.4262e+18 1.30674e+22 1.31416e+22
39.7097 468.75 5.41614e+18 1.30692e+22 1.31104e+22
39.7497 468.75 5.40622e+18 1.30018e+22 1.3151e+22
39.7898 468.75 5.39601e+18 1.26635e+22 1.30995e+22
39.8298 468.75 5.38554e+18 1.23934e+22 1.31812e+22
39.8699 468.75 5.3748e+18 1.21802e+22 1.32556e+22
39.9099 468.75 5.36396e+18 1.17975e+22 1.31419e+22
39.9499 468.75 5.35322e+18 1.1702e+22 1.29952e+22
39.99 468.75 5.34267e+18 1.1792e+22 1.29558e+22
40.03 468.75 5.33245e+18 1.16371e+22 1.30028e+22
40.0701 468.75 5.32234e+18 1.15548e+22 1.30926e+22
40.1101 468.75 5.31214e+18 1.14633e+22 1.31094e+22
40.1502 468.75 5.30194e+18 1.11225e+22 1.30911e+22
40.1902 468.75 5.29144e+18 1.08264e+22 1.29282e+22
40.2302 468.75 5.28107e+18 1.05802e+22 1.29628e+22
40.2703 468.75 5.27106e+18 1.04064e+22 1.29596e+22
40.3103 468.75 5.26139e+18 1.04154e+22 1.29429e+22
40.3504 468.75 5.25216e+18 1.03786e+22 1.30337e+22
40.3904 468.75 5.24316e+18 1.0397e+22 1.2942e+22
40.4304 468.75 5.23431e+18 1.047e+22 1.30531e+22
40.4705 468.75 5.22547e+18 1.02487e+22 1.29153e+22
40.5105 468.75 5.21644e+18 1.00463e+22 1.28653e+22
40.5506 468.75 5.20766e+18 1.00119e+22 1.29066e+22
40.5906 468.75 5.19917e+18 9.80094e+21 1.28726e+22
40.6306 468.75 5.19084e+18 9.75822e+21 1.28767e+22
40.6707 468.75 5.18293e+18 1.00044e+22 1.26799e+22
40.7107 468.75 5.17506e+18 1.00816e+22 1.29076e+22
40.7508 468.75 5.1671e+18 1.01655e+22 1.274e+22
40.7908 468.75 5.15909e+18 1.03505e+22 1.26018e+22
40.8308 468.75 5.15085e+18 1.02949e+22 1.25479e+22
40.8709 468.75 5.1427e+18 1.01934e+22 1.23474e+22
40.9109 468.75 5.13469e+18 1.02152e+22 1.25455e+22
40.951 468.75 5.12679e+18 1.0219e+22 1.26202e+22
40.991 468.75 5.11913e+18 1.03523e+22 1.26118e+22
41.031 468.75 5.11126e+18 1.05813e+22 1.26048e+22
41.0711 468.75 5.10317e+18 1.08051e+22 1.24401e+22
41.1111 468.75 5.09492e+18 1.10573e+22 1.22486e+22
41.1512 468.75 5.08617e+18 1.11615e+22 1.23534e+22
41.1912 468.75 5.07736e+18 1.11635e+22 1.24209e+22
41.2312 468.75 5.06868e+18 1.1229e+22 1.25191e+22
41.2713 468.75 5.05996e+18 1.1183e+22 1.24586e+22
41.3113 468.75 5.05134e+18 1.11889e+22 1.2406e+22
41.3514 468.75 5.04262e+18 1.14538e+22 1.23875e+22
41.3914 468.75 5.03373e+18 1.16236e+22 1.23271e+22
41.4314 468.75 5.02466e+18 1.17668e+22 1.24045e+22
41.4715 468.75 5.01522e+18 1.20873e+22 1.23466e+22
41.5115 468.75 5.00587e+18 1.21341e+22 1.22324e+22
41.5516 468.75 4.9967e+18 1.20063e+22 1.22402e+22
41.5916 468.75 4.98751e+18 1.20729e+22 1.22093e+22
41.6316 468.75 4.97857e+18 1.19691e+22 1.22285e+22
41.6717 468.75 4.96972e+18 1.18134e+22 1.23957e+22
41.7117 468.75 4.96071e+18 1.20087e+22 1.22218e+22
41.7518 468.75 4.9516e+18 1.21115e+22 1.21143e+22
41.7918 468.75 4.9424e+18 1.20933e+22 1.21129e+22
41.8318 468.75 4.93335e+18 1.23082e+22 1.23132e+22
41.8719 468.75 4.92453e+18 1.22979e+22 1.22998e+22
41.9119 468.75 4.91598e+18 1.20201e+22 1.20925e+22
41.952 468.75 4.90784e+18 1.19605e+22 1.20977e+22
41.992 468.75 4.89993e+18 1.17849e+22 1.19054e+22
42.032 468.75 4.89196e+18 1.14743e+22 1.19229e+22
42.0721 468.75 4.88405e+18 1.15085e+22 1.17714e+22
42.1121 468.75 4.87618e+18 1.15244e+22 1.18568e+22
42.1522 468.75 4.8683e+18 1.13826e+22 1.19919e+22
42.1922 468.75 4.86064e+18 1.14713e+22 1.19977e+22
42.2322 468.75 4.8533e+18 1.14135e+22 1.19056e+22
42.2723 468.75 4.84618e+18 1.10708e+22 1.18769e+22
42.3123 468.75 4.83924e+18 1.09197e+22 1.17162e+22
42.3524 468.75 4.8323e+18 1.07044e+22 1.17963e+22
42.3924 468.75 4.82532e+18 1.03318e+22 1.1753e+22
42.4324 468.75 4.81835e+18 1.02655e+22 1.18576e+22
42.4725 468.75 4.81123e+18 1.02489e+22 1.18754e+22
42.5125 468.75 4.80429e+18 1.00819e+22 1.18211e+22
42.5526 468.75 4.79758e+18 1.01257e+22 1.18035e+22
42.5926 468.75 4.79084e+18 1.01041e+22 1.16776e+22
42.6326 468.75 4.78425e+18 9.80989e+21 1.16798e+22
42.6727 468.75 4.77758e+18 9.66825e+21 1.16607e+22
42.7127 468.75 4.77061e+18 9.51221e+21 1.16864e+22
42.7528 468.75 4.76348e+18 9.18705e+21 1.17774e+22
42.7928 468.75 4.75613e+18 9.12591e+21 1.16754e+22
42.8328 468.75 4.74879e+18 9.17022e+21 1.16898e+22
42.8729 468.75 4.74147e+18 9.06636e+21 1.15775e+22
42.9129 468.75 4.73413e+18 9.16137e+21 1.16481e+22
42.953 468.75 4.72696e+18 9.25989e+21 1.17702e+22
42.993 468.75 4.7197e+18 9.08607e+21 1.16055e+22
43.033 468.75 4.71215e+18 9.03676e+21 1.15257e+22
43.0731 468.75 4.70445e+18 9.00755e+21 1.15174e+22
43.1131 468.75 4.69667e+18 8.77967e+21 1.1598e+22
43.1532 468.75 4.68866e+18 8.78197e+21 1.15506e+22
43.1932 468.75 4.68069e+18 8.91946e+21 1.1398e+22
43.2332 468.75 4.67296e+18 8.90992e+21 1.13773e+22
43.2733 468.75 4.66519e+18 9.09068e+21 1.12705e+22
43.3133 468.75 4.65747e+18 9.30529e+21 1.12913e+22
43.3534 468.75 4.6497e+18 9.27542e+21 1.12879e+22
43.3934 468.75 4.64178e+18 9.33116e+21 1.1266e+22
43.4334 468.75 4.63385e+18 9.37717e+21 1.13889e+22
43.4735 468.75 4.62578e+18 9.26296e+21 1.13386e+22
43.5135 468.75 4.61794e+18 9.3067e+21 1.12784e+22
43.5536 468.75 4.61037e+18 9.43366e+21 1.12563e+22
43.5936 468.75 4.60292e+18 9.53473e+21 1.12393e+22
43.6336 468.75 4.59571e+18 9.74482e+21 1.12678e+22
43.6737 468.75 4.58865e+18 9.95202e+21 1.12332e+22
43.7137 468.75 4.58152e+18 1.01029e+22 1.12326e+22
43.7538 468.75 4.57432e+18 1.0184e+22 1.11785e+22
43.7938 468.75 4.56722e+18 1.01862e+22 1.11832e+22
43.8338 468.75 4.56011e+18 1.02285e+22 1.12863e+22
43.8739 468.75 4.55323e+18 1.01825e+22 1.11854e+22
43.9139 468.75 4.54665e+18 1.01867e+22 1.1055e+22
43.954 468.75 4.54014e+18 1.03964e+22 1.10655e+22
43.994 468.75 4.53394e+18 1.04761e+22 1.10556e+22
44.034 468.75 4.52776e+18 1.06037e+22 1.11559e+22
44.0741 468.75 4.52145e+18 1.08992e+22 1.11798e+22
44.1141 468.75 4.51522e+18 1.08876e+22 1.10704e+22
44.1542 468.75 4.50903e+18 1.08579e+22 1.10208e+22
44.1942 468.75 4.50283e+18 1.09541e+22 1.10092e+22
44.2342 468.75 4.49679e+18 1.07743e+22 1.10687e+22
44.2743 468.75 4.49099e+18 1.06862e+22 1.11385e+22
44.3143 468.75 4.48516e+18 1.07821e+22 1.09993e+22
44.3544 468.75 4.47932e+18 1.07447e+22 1.10237e+22
44.3944 468.75 4.4734e+18 1.08109e+22 1.09488e+22
44.4344 468.75 4.46726e+18 1.09579e+22 1.10231e+22
44.4745 468.75 4.46107e+18 1.09893e+22 1.0992e+22
44.5145 468.75 4.45475e+18 1.09669e+22 1.09673e+22
44.5546 468.75 4.44848e+18 1.08694e+22 1.08705e+22
44.5946 468.75 4.44233e+18 1.07734e+22 1.07754e+22
44.6346 468.75 4.43621e+18 1.05948e+22 1.06866e+22
44.6747 468.75 4.43006e+18 1.03904e+22 1.0803e+22
44.7147 468.75 4.42383e+18 1.03975e+22 1.0739e+22
44.7548 468.75 4.41746e+18 1.03259e+22 1.07516e+22
44.7948 468.75 4.41081e+18 1.02376e+22 1.07692e+22
44.8348 468.75 4.40407e+18 1.03777e+22 1.07569e+22
44.8749 468.75 4.39724e+18 1.03025e+22 1.07358e+22
44.9149 468.75 4.39045e+18 1.0129e+22 1.06468e+22
44.955 468.75 4.3837e+18 1.00924e+22 1.07191e+22
44.995 468.75 4.37694e+18 9.86094e+21 1.06065e+22
45.035 468.75 4.37024e+18 9.6029e+21 1.06476e+22
45.0751 468.75 4.36343e+18 9.46888e+21 1.06173e+22
45.1151 468.75 4.35647e+18 9.3354e+21 1.06422e+22
45.1552 468.75 4.34938e+18 9.25821e+21 1.06332e+22
45.1952 468.75 4.34238e+18 9.1911e+21 1.07491e+22
45.2352 468.75 4.33535e+18 9.2158e+21 1.05568e+22
45.2753 468.75 4.32844e+18 9.18659e+21 1.04797e+22
45.3153 468.75 4.32174e+18 8.98468e+21 1.04545e+22
45.3554 468.75 4.31516e+18 8.93967e+21 1.05612e+22
45.3954 468.75 4.30862e+18 8.76992e+21 1.06175e+22
45.4354 468.75 4.30202e+18 8.47131e+21 1.06602e+22
45.4755 468.75 4.2954e+18 8.42133e+21 1.05074e+22
45.5155 468.75 4.28873e+18 8.31661e+21 1.04248e+22
45.5556 468.75 4.28213e+18 8.22078e+21 1.04663e+22
45.5956 468.75 4.27559e+18 8.27534e+21 1.04988e+22
45.6356 468.75 4.26925e+18 8.28588e+21 1.04919e+22
45.6757 468.75 4.26321e+18 8.30655e+21 1.05028e+22
45.7157 468.75 4.25729e+18 8.21815e+21 1.0472e+22
45.7558 468.75 4.25143e+18 8.18419e+21 1.04678e+22
45.7958 468.75 4.24567e+18 8.12951e+21 1.04728e+22
45.8358 468.75 4.23994e+18 7.89674e+21 1.04756e+22
45.8759 468.75 4.2341e+18 7.91431e+21 1.04083e+22
45.9159 468.75 4.22836e+18 7.92383e+21 1.03699e+22
45.956 468.75 4.22274e+18 7.85852e+21 1.04231e+22
45.996 468.75 4.21724e+18 8.02232e+21 1.02458e+22
46.036 468.75 4.21189e+18 8.11132e+21 1.0283e+22
46.0761 468.75 4.20663e+18 8.19355e+21 1.022e+22
46.1161 468.75 4.20136e+18 8.22673e+21 1.02181e+22
46.1562 468.75 4.19608e+18 8.24455e+21 1.01781e+22
46.1962 468.75 4.19072e+18 8.2926e+21 1.01633e+22
46.2362 468.75 4.18518e+18 8.13869e+21 1.01765e+22
46.2763 468.75 4.17979e+18 8.20599e+21 1.01341e+22
46.3163 468.75 4.17444e+18 8.30211e+21 1.01144e+22
46.3564 468.75 4.16905e+18 8.27845e+21 1.00659e+22
46.3964 468.75 4.16382e+18 8.49097e+21 1.0124e+22
46.4364 468.75 4.15868e+18 8.6438e+21 1.01367e+22
46.4765 468.75 4.15336e+18 8.79054e+21 1.01395e+22
46.5165 468.75 4.14797e+18 8.87268e+21 1.01397e+22
46.5566 468.75 4.14243e+18 8.92935e+21 1.01681e+22
46.5966 468.75 4.13665e+18 9.03993e+21 1.01895e+22
46.6366 468.75 4.1309e+18 8.90025e+21 1.00669e+22
46.6767 468.75 4.12507e+18 8.97208e+21 9.97387e+21
46.7167 468.75 4.11918e+18 9.06815e+21 9.98937e+21
46.7568 468.75 4.11345e+18 9.05392e+21 1.00133e+22
46.7968 468.75 4.10774e+18 9.23089e+21 1.01178e+22
46.8368 468.75 4.10185e+18 9.3685e+21 1.01356e+22
46.8769 468.75 4.09593e+18 9.56492e+21 1.00419e+22
46.9169 468.75 4.08993e+18 9.59441e+21 9.97707e+21
46.957 468.75 4.08377e+18 9.65905e+21 9.93252e+21
46.997 468.75 4.07754e+18 9.77449e+21 9.88217e+21
47.037 468.75 4.07135e+18 9.60467e+21 9.95667e+21
47.0771 468.75 4.06527e+18 9.62215e+21 9.93945e+21
47.1171 468.75 4.05921e+18 9.6228e+21 9.94277e+21
47.1572 468.75 4.05324e+18 9.61609e+21 9.98498e+21
47.1972 468.75 4.04725e+18 9.65611e+21 9.92359e+21
47.2372 468.75 4.04117e+18 9.71893e+21 9.83571e+21
47.2773 468.75 4.03511e+18 9.92677e+21 9.92784e+21
47.3173 468.75 4.02895e+18 9.86331e+21 9.86331e+21
47.3574 468.75 4.02269e+18 9.91108e+21 9.91547e+21
47.3974 468.75 4.01668e+18 9.95502e+21 9.9575e+21
47.4374 468.75 4.01081e+18 9.81445e+21 9.81445e+21
47.4775 468.75 4.00498e+18 9.72004e+21 9.81206e+21
47.5175 468.75 3.99942e+18 9.58639e+21 9.77936e+21
47.5576 468.75 3.99396e+18 9.60317e+21 9.69153e+21
47.5976 468.75 3.98853e+18 9.46356e+21 9.69761e+21
47.6376 468.75 3.98309e+18 9.45559e+21 9.61988e+21
47.6777 468.75 3.97765e+18 9.57465e+21 9.57614e+21
47.7177 468.75 3.9722e+18 9.51009e+21 9.60795e+21
47.7578 468.75 3.96686e+18 9.51279e+21 9.60436e+21
47.7978 468.75 3.96163e+18 9.44039e+21 9.61633e+21
47.8378 468.75 3.95654e+18 9.41726e+21 9.57605e+21
47.8779 468.75 3.95155e+18 9.20237e+21 9.59257e+21
47.9179 468.75 3.94678e+18 9.01582e+21 9.58185e+21
47.958 468.75 3.942e+18 8.97456e+21 9.70252e+21
47.998 468.75 3.93712e+18 8.7867e+21 9.64444e+21
48.038 468.75 3.93236e+18 8.71696e+21 9.65473e+21
48.0781 468.75 3.92759e+18 8.66479e+21 9.55087e+21
48.1181 468.75 3.92275e+18 8.71517e+21 9.53241e+21
48.1582 468.75 3.91804e+18 8.63839e+21 9.51632e+21
48.1982 468.75 3.91345e+18 8.54753e+21 9.51387e+21
48.2382 468.75 3.90892e+18 8.56536e+21 9.57636e+21
48.2783 468.75 3.90446e+18 8.38084e+21 9.64987e+21
48.3183 468.75 3.89994e+18 8.22024e+21 9.55955e+21
48.3584 468.75 3.89535e+18 8.04498e+21 9.54553e+21
48.3984 468.75 3.89064e+18 7.97494e+21 9.44001e+21
48.4384 468.75 3.88587e+18 7.82619e+21 9.42676e+21
48.4785 468.75 3.88097e+18 7.7126e+21 9.40499e+21
48.5185 468.75 3.876e+18 7.77607e+21 9.43709e+21
48.5586 468.75 3.87118e+18 7.73232e+21 9.39165e+21
48.5986 468.75 3.86638e+18 7.71246e+21 9.46159e+21
48.6386 468.75 3.86149e+18 7.65604e+21 9.43479e+21
48.6787 468.75 3.85669e+18 7.66545e+21 9.43646e+21
48.7187 468.75 3.85182e+18 7.53412e+21 9.39363e+21
48.7588 468.75 3.84681e+18 7.36463e+21 9.37049e+21
48.7988 468.75 3.84166e+18 7.32227e+21 9.37601e+21
48.8388 468.75 3.83641e+18 7.22215e+21 9.35568e+21
48.8789 468.75 3.83112e+18 7.1592e+21 9.39926e+21
48.9189 468.75 3.82578e+18 7.10032e+21 9.42264e+21
48.959 468.75 3.82052e+18 7.20964e+21 9.34389e+21
48.999 468.75 3.81525e+18 7.22942e+21 9.37519e+21
49.039 468.75 3.80992e+18 7.22274e+21 9.32645e+21
49.0791 468.75 3.80472e+18 7.28264e+21 9.33342e+21
49.1191 468.75 3.79938e+18 7.2917e+21 9.29873e+21
49.1592 468.75 3.79389e+18 7.25001e+21 9.19636e+21
49.1992 468.75 3.78841e+18 7.13266e+21 9.2351e+21
49.2392 468.75 3.78294e+18 7.16948e+21 9.16349e+21
49.2793 468.75 3.7775e+18 7.13064e+21 9.17934e+21
49.3193 468.75 3.77205e+18 7.10221e+21 9.18825e+21
49.3594 468.75 3.76683e+18 7.15161e+21 9.12416e+21
49.3994 468.75 3.76171e+18 7.28286e+21 9.09823e+21
49.4394 468.75 3.7566e+18 7.38579e+21 9.19323e+21
49.4795 468.75 3.7516e+18 7.40855e+21 9.20707e+21
49.5195 468.75 3.74651e+18 7.54862e+21 9.16501e+21
49.5596 468.75 3.7414e+18 7.60286e+21 9.08663e+21
49.5996 468.75 3.73633e+18 7.60788e+21 9.0975e+21
49.6396 468.75 3.73126e+18 7.55545e+21 9.03219e+21
49.6797 468.75 3.72625e+18 7.61268e+21 9.05148e+21
49.7197 468.75 3.72132e+18 7.63702e+21 9.10978e+21
49.7598 468.75 3.71669e+18 7.61957e+21 9.13502e+21
49.7998 468.75 3.7121e+18 7.71572e+21 9.11765e+21
49.8398 468.75 3.70755e+18 7.85979e+21 9.14784e+21
49.8799 468.75 3.70315e+18 7.9992e+21 9.07192e+21
49.9199 468.75 3.69876e+18 8.04098e+21 8.99041e+21
49.96 468.75 3.69436e+18 8.1973e+21 8.92263e+21
50 468.75 3.68994e+18 8.29093e+21 8.91835e+21
