-2500 0.00602019 
-2497.02 0.00574053 
-2494.04 0.00536832 
-2491.07 0.00501771 
-2488.09 0.00482644 
-2485.11 0.00446654 
-2482.13 0.00403349 
-2479.15 0.00376145 
-2476.18 0.00367095 
-2473.2 0.00368127 
-2470.22 0.00378107 
-2467.24 0.00410798 
-2464.26 0.00459919 
-2461.29 0.00513848 
-2458.31 0.00564283 
-2455.33 0.00616499 
-2452.35 0.00646423 
-2449.37 0.00658395 
-2446.4 0.00681481 
-2443.42 0.00695403 
-2440.44 0.00689528 
-2437.46 0.00686945 
-2434.48 0.00675347 
-2431.51 0.00656496 
-2428.53 0.00636731 
-2425.55 0.0058213 
-2422.57 0.00508411 
-2419.59 0.00450691 
-2416.62 0.00408164 
-2413.64 0.00368605 
-2410.66 0.00338248 
-2407.68 0.00328165 
-2404.71 0.00320461 
-2401.73 0.00307277 
-2398.75 0.00300466 
-2395.77 0.0030258 
-2392.79 0.00310795 
-2389.82 0.00318913 
-2386.84 0.0031347 
-2383.86 0.00301949 
-2380.88 0.00289291 
-2377.9 0.00280361 
-2374.93 0.00274092 
-2371.95 0.00286284 
-2368.97 0.00311848 
-2365.99 0.00353811 
-2363.01 0.00411565 
-2360.04 0.00476768 
-2357.06 0.00566105 
-2354.08 0.00672892 
-2351.1 0.00773805 
-2348.12 0.0085939 
-2345.15 0.00939362 
-2342.17 0.00994349 
-2339.19 0.0102241 
-2336.21 0.010348 
-2333.23 0.0102474 
-2330.26 0.00994374 
-2327.28 0.0094828 
-2324.3 0.00884016 
-2321.32 0.00809182 
-2318.34 0.00719627 
-2315.37 0.00618148 
-2312.39 0.00520441 
-2309.41 0.0043614 
-2306.43 0.00362186 
-2303.45 0.0029391 
-2300.48 0.00245454 
-2297.5 0.0022335 
-2294.52 0.00226152 
-2291.54 0.00243744 
-2288.56 0.00257269 
-2285.59 0.00256886 
-2282.61 0.00231087 
-2279.63 0.00201819 
-2276.65 0.00195338 
-2273.67 0.0019212 
-2270.7 0.00194849 
-2267.72 0.0020801 
-2264.74 0.00219613 
-2261.76 0.00231732 
-2258.78 0.0024114 
-2255.81 0.00242539 
-2252.83 0.00232269 
-2249.85 0.00218933 
-2246.87 0.00209414 
-2243.9 0.00183621 
-2240.92 0.00154226 
-2237.94 0.00140476 
-2234.96 0.00145824 
-2231.98 0.00162574 
-2229.01 0.00192329 
-2226.03 0.00231096 
-2223.05 0.00259586 
-2220.07 0.00283564 
-2217.09 0.0031142 
-2214.12 0.00336236 
-2211.14 0.00352987 
-2208.16 0.00376527 
-2205.18 0.00401421 
-2202.2 0.00440777 
-2199.23 0.00495355 
-2196.25 0.00540999 
-2193.27 0.00568174 
-2190.29 0.00589743 
-2187.31 0.00598454 
-2184.34 0.00600855 
-2181.36 0.00589259 
-2178.38 0.00553434 
-2175.4 0.00514391 
-2172.42 0.00470405 
-2169.45 0.00412084 
-2166.47 0.0034554 
-2163.49 0.00277394 
-2160.51 0.00206511 
-2157.53 0.00136422 
-2154.56 0.00102745 
-2151.58 0.0012405 
-2148.6 0.00172292 
-2145.62 0.00224404 
-2142.64 0.00261477 
-2139.67 0.00276224 
-2136.69 0.00279914 
-2133.71 0.00289245 
-2130.73 0.00318124 
-2127.75 0.00371676 
-2124.78 0.00434785 
-2121.8 0.00499643 
-2118.82 0.00566052 
-2115.84 0.00647533 
-2112.86 0.00733556 
-2109.89 0.00806604 
-2106.91 0.00864503 
-2103.93 0.00914786 
-2100.95 0.00959602 
-2097.97 0.00986294 
-2095 0.00995582 
-2092.02 0.010011 
-2089.04 0.00993929 
-2086.06 0.00965557 
-2083.09 0.00935429 
-2080.11 0.00898036 
-2077.13 0.00842758 
-2074.15 0.00782618 
-2071.17 0.00721976 
-2068.2 0.00657932 
-2065.22 0.00601333 
-2062.24 0.00557963 
-2059.26 0.00521133 
-2056.28 0.00495486 
-2053.31 0.00478585 
-2050.33 0.00471361 
-2047.35 0.00482507 
-2044.37 0.00501544 
-2041.39 0.00525323 
-2038.42 0.00549439 
-2035.44 0.00571614 
-2032.46 0.00595303 
-2029.48 0.00620413 
-2026.5 0.0063961 
-2023.53 0.00649878 
-2020.55 0.00643797 
-2017.57 0.00622105 
-2014.59 0.00594434 
-2011.61 0.00558534 
-2008.64 0.00520301 
-2005.66 0.00490267 
-2002.68 0.0046485 
-1999.7 0.00441712 
-1996.72 0.00428596 
-1993.75 0.00425609 
-1990.77 0.0041936 
-1987.79 0.00415184 
-1984.81 0.00425346 
-1981.83 0.00438891 
-1978.86 0.00447966 
-1975.88 0.00460173 
-1972.9 0.00478262 
-1969.92 0.00494835 
-1966.94 0.00503637 
-1963.97 0.00507383 
-1960.99 0.00510822 
-1958.01 0.00509185 
-1955.03 0.00502721 
-1952.05 0.00494014 
-1949.08 0.00484064 
-1946.1 0.00462615 
-1943.12 0.00427268 
-1940.14 0.00387901 
-1937.16 0.00349165 
-1934.19 0.00315043 
-1931.21 0.00282093 
-1928.23 0.00261809 
-1925.25 0.00266642 
-1922.28 0.00282922 
-1919.3 0.00294918 
-1916.32 0.00305246 
-1913.34 0.00315998 
-1910.36 0.00318857 
-1907.39 0.00317299 
-1904.41 0.00311523 
-1901.43 0.00304259 
-1898.45 0.00300278 
-1895.47 0.00288063 
-1892.5 0.0026849 
-1889.52 0.00245055 
-1886.54 0.00222115 
-1883.56 0.00205333 
-1880.58 0.00184266 
-1877.61 0.00160222 
-1874.63 0.00144176 
-1871.65 0.00134287 
-1868.67 0.00127078 
-1865.69 0.00120954 
-1862.72 0.00116672 
-1859.74 0.00125778 
-1856.76 0.00142601 
-1853.78 0.00151476 
-1850.8 0.00168133 
-1847.83 0.00198289 
-1844.85 0.0023129 
-1841.87 0.00262526 
-1838.89 0.00298014 
-1835.91 0.00345755 
-1832.94 0.003893 
-1829.96 0.00431585 
-1826.98 0.00483182 
-1824 0.00528727 
-1821.02 0.00561929 
-1818.05 0.00587528 
-1815.07 0.00604012 
-1812.09 0.006084 
-1809.11 0.00601901 
-1806.13 0.0058989 
-1803.16 0.00576833 
-1800.18 0.00559294 
-1797.2 0.00540532 
-1794.22 0.0052001 
-1791.24 0.00499638 
-1788.27 0.00489609 
-1785.29 0.00485399 
-1782.31 0.00482155 
-1779.33 0.00484148 
-1776.35 0.00482373 
-1773.38 0.00469925 
-1770.4 0.00454629 
-1767.42 0.00439146 
-1764.44 0.00415098 
-1761.47 0.00384753 
-1758.49 0.00352855 
-1755.51 0.00324939 
-1752.53 0.00304584 
-1749.55 0.00287187 
-1746.58 0.00271157 
-1743.6 0.00258412 
-1740.62 0.00252583 
-1737.64 0.00258736 
-1734.66 0.00276459 
-1731.69 0.0029842 
-1728.71 0.00332928 
-1725.73 0.00380476 
-1722.75 0.00432971 
-1719.77 0.00489195 
-1716.8 0.00544591 
-1713.82 0.00590888 
-1710.84 0.00615005 
-1707.86 0.00620351 
-1704.88 0.00618212 
-1701.91 0.00604859 
-1698.93 0.00579947 
-1695.95 0.00546042 
-1692.97 0.00505239 
-1689.99 0.00462712 
-1687.02 0.00418168 
-1684.04 0.00371066 
-1681.06 0.00320103 
-1678.08 0.00266787 
-1675.1 0.00214362 
-1672.13 0.00167342 
-1669.15 0.00124309 
-1666.17 0.0008368 
-1663.19 0.00068446 
-1660.21 0.00101024 
-1657.24 0.00157558 
-1654.26 0.00220775 
-1651.28 0.00288589 
-1648.3 0.00357597 
-1645.32 0.00423341 
-1642.35 0.00495927 
-1639.37 0.0058191 
-1636.39 0.00664426 
-1633.41 0.00734458 
-1630.43 0.00794905 
-1627.46 0.00838464 
-1624.48 0.00863821 
-1621.5 0.00872001 
-1618.52 0.00864036 
-1615.54 0.00840985 
-1612.57 0.00801619 
-1609.59 0.00745526 
-1606.61 0.00678869 
-1603.63 0.00606248 
-1600.66 0.00527117 
-1597.68 0.0044429 
-1594.7 0.00356486 
-1591.72 0.00263332 
-1588.74 0.00173211 
-1585.77 0.000936322 
-1582.79 0.000470243 
-1579.81 0.000956175 
-1576.83 0.0016668 
-1573.85 0.0023213 
-1570.88 0.00278657 
-1567.9 0.00299523 
-1564.92 0.0030864 
-1561.94 0.00316402 
-1558.96 0.00322005 
-1555.99 0.00321738 
-1553.01 0.00315168 
-1550.03 0.00306243 
-1547.05 0.00294715 
-1544.07 0.00277261 
-1541.1 0.00254069 
-1538.12 0.00228642 
-1535.14 0.00204262 
-1532.16 0.0018213 
-1529.18 0.00165132 
-1526.21 0.00154029 
-1523.23 0.00150701 
-1520.25 0.00159658 
-1517.27 0.00178751 
-1514.29 0.00205991 
-1511.32 0.00235345 
-1508.34 0.00262586 
-1505.36 0.00286021 
-1502.38 0.00300257 
-1499.4 0.00306133 
-1496.43 0.00305696 
-1493.45 0.0029642 
-1490.47 0.00277277 
-1487.49 0.00248552 
-1484.51 0.00211666 
-1481.54 0.00170681 
-1478.56 0.00132025 
-1475.58 0.00100028 
-1472.6 0.000793062 
-1469.62 0.000751465 
-1466.65 0.000819242 
-1463.67 0.000903181 
-1460.69 0.000943963 
-1457.71 0.000917176 
-1454.73 0.000813062 
-1451.76 0.000633658 
-1448.78 0.000388825 
-1445.8 0.000109788 
-1442.82 0.000222455 
-1439.85 0.000648293 
-1436.87 0.00106453 
-1433.89 0.00149224 
-1430.91 0.0019139 
-1427.93 0.0023443 
-1424.96 0.00274567 
-1421.98 0.00305603 
-1419 0.00330422 
-1416.02 0.00349621 
-1413.04 0.00362858 
-1410.07 0.00369969 
-1407.09 0.00371519 
-1404.11 0.00367731 
-1401.13 0.00358699 
-1398.15 0.00348499 
-1395.18 0.00337609 
-1392.2 0.00327127 
-1389.22 0.00317302 
-1386.24 0.00307649 
-1383.26 0.00301293 
-1380.29 0.00297629 
-1377.31 0.00295824 
-1374.33 0.00293452 
-1371.35 0.00289219 
-1368.37 0.00284819 
-1365.4 0.0027858 
-1362.42 0.00268903 
-1359.44 0.00253764 
-1356.46 0.00236601 
-1353.48 0.00220227 
-1350.51 0.00199702 
-1347.53 0.00175648 
-1344.55 0.00148927 
-1341.57 0.00119446 
-1338.59 0.000879817 
-1335.62 0.000556087 
-1332.64 0.000261279 
-1329.66 0.000160535 
-1326.68 0.000375632 
-1323.7 0.000624987 
-1320.73 0.000858614 
-1317.75 0.0010674 
-1314.77 0.00125328 
-1311.79 0.00141801 
-1308.81 0.00155874 
-1305.84 0.0016661 
-1302.86 0.00173799 
-1299.88 0.00178325 
-1296.9 0.00179542 
-1293.92 0.00175776 
-1290.95 0.00167718 
-1287.97 0.0015715 
-1284.99 0.00146783 
-1282.01 0.00137898 
-1279.04 0.00128492 
-1276.06 0.00119929 
-1273.08 0.00116245 
-1270.1 0.00116173 
-1267.12 0.00119318 
-1264.15 0.00125967 
-1261.17 0.00134847 
-1258.19 0.00144669 
-1255.21 0.00154254 
-1252.23 0.00163984 
-1249.26 0.00172931 
-1246.28 0.00181176 
-1243.3 0.00190002 
-1240.32 0.00199275 
-1237.34 0.00208647 
-1234.37 0.00217617 
-1231.39 0.00226882 
-1228.41 0.00236533 
-1225.43 0.00245696 
-1222.45 0.00254277 
-1219.48 0.00262745 
-1216.5 0.0027183 
-1213.52 0.00281463 
-1210.54 0.00291191 
-1207.56 0.00298845 
-1204.59 0.00302898 
-1201.61 0.00303534 
-1198.63 0.00300593 
-1195.65 0.00294989 
-1192.67 0.00286714 
-1189.7 0.00276095 
-1186.72 0.00263804 
-1183.74 0.00249669 
-1180.76 0.00234905 
-1177.78 0.0022108 
-1174.81 0.00208416 
-1171.83 0.0019713 
-1168.85 0.00186291 
-1165.87 0.00176167 
-1162.89 0.00166186 
-1159.92 0.00153795 
-1156.94 0.00138685 
-1153.96 0.00121461 
-1150.98 0.00101731 
-1148 0.000795292 
-1145.03 0.000561954 
-1142.05 0.000320549 
-1139.07 0.000141802 
-1136.09 0.000175478 
-1133.11 0.000397493 
-1130.14 0.000618395 
-1127.16 0.000862505 
-1124.18 0.00112935 
-1121.2 0.00141814 
-1118.23 0.00173228 
-1115.25 0.00207262 
-1112.27 0.00243342 
-1109.29 0.00280906 
-1106.31 0.00318821 
-1103.34 0.00354781 
-1100.36 0.00387315 
-1097.38 0.00415816 
-1094.4 0.00439112 
-1091.42 0.00455708 
-1088.45 0.00465154 
-1085.47 0.00467351 
-1082.49 0.00462253 
-1079.51 0.00449481 
-1076.53 0.00429077 
-1073.56 0.00402001 
-1070.58 0.00368418 
-1067.6 0.00330669 
-1064.62 0.00290995 
-1061.64 0.0025042 
-1058.67 0.00211218 
-1055.69 0.00175729 
-1052.71 0.00146522 
-1049.73 0.0012687 
-1046.75 0.00119855 
-1043.78 0.00125482 
-1040.8 0.00139254 
-1037.82 0.00156242 
-1034.84 0.00173031 
-1031.86 0.00188122 
-1028.89 0.00200744 
-1025.91 0.00210785 
-1022.93 0.00219035 
-1019.95 0.00225289 
-1016.97 0.00229523 
-1014 0.00233018 
-1011.02 0.00236225 
-1008.04 0.00239266 
-1005.06 0.00242361 
-1002.08 0.00246411 
-999.107 0.00254414 
-996.129 0.00267596 
-993.151 0.00283736 
-990.173 0.00301337 
-987.195 0.00319821 
-984.217 0.00338751 
-981.239 0.00357865 
-978.261 0.00376527 
-975.283 0.00393968 
-972.305 0.00409584 
-969.327 0.00423194 
-966.349 0.00434929 
-963.371 0.00444664 
-960.393 0.00452461 
-957.415 0.00458491 
-954.437 0.0046337 
-951.459 0.00468017 
-948.481 0.00473148 
-945.503 0.00478703 
-942.525 0.00484198 
-939.547 0.00489704 
-936.569 0.00495197 
-933.591 0.00500465 
-930.613 0.00505195 
-927.635 0.00509229 
-924.658 0.00511969 
-921.68 0.00512229 
-918.702 0.00509519 
-915.724 0.00503662 
-912.746 0.00495096 
-909.768 0.00483808 
-906.79 0.00469843 
-903.812 0.00453979 
-900.834 0.0043608 
-897.856 0.004165 
-894.878 0.00396022 
-891.9 0.0037495 
-888.922 0.00353864 
-885.944 0.00333542 
-882.966 0.00314727 
-879.988 0.00297686 
-877.01 0.00282176 
-874.032 0.00268229 
-871.054 0.00255813 
-868.076 0.00245056 
-865.098 0.0023622 
-862.12 0.00229776 
-859.142 0.00226965 
-856.164 0.00229375 
-853.186 0.00237919 
-850.208 0.00251785 
-847.23 0.00269923 
-844.253 0.00290829 
-841.275 0.00312243 
-838.297 0.00332398 
-835.319 0.00349963 
-832.341 0.00363989 
-829.363 0.00373538 
-826.385 0.00378196 
-823.407 0.00377859 
-820.429 0.00372847 
-817.451 0.00363623 
-814.473 0.00350563 
-811.495 0.00334726 
-808.517 0.00317473 
-805.539 0.00300446 
-802.561 0.00285468 
-799.583 0.00274536 
-796.605 0.0026907 
-793.627 0.00269446 
-790.649 0.00275461 
-787.671 0.00285621 
-784.693 0.00297418 
-781.715 0.00309048 
-778.737 0.00319285 
-775.759 0.00326979 
-772.781 0.00331055 
-769.803 0.00330946 
-766.825 0.0032688 
-763.848 0.0031906 
-760.87 0.00307858 
-757.892 0.00294011 
-754.914 0.00278632 
-751.936 0.00263344 
-748.958 0.00250011 
-745.98 0.00240967 
-743.002 0.00238437 
-740.024 0.00243533 
-737.046 0.00256348 
-734.068 0.00275804 
-731.09 0.00299782 
-728.112 0.00326255 
-725.134 0.00353592 
-722.156 0.00380341 
-719.178 0.00405452 
-716.2 0.00428532 
-713.222 0.00450586 
-710.244 0.00471827 
-707.266 0.00490821 
-704.288 0.00507036 
-701.31 0.00520064 
-698.332 0.0052935 
-695.354 0.00534378 
-692.376 0.00534764 
-689.398 0.00530203 
-686.42 0.00520349 
-683.443 0.00505301 
-680.465 0.00485504 
-677.487 0.00462032 
-674.509 0.00436476 
-671.531 0.00410881 
-668.553 0.00387743 
-665.575 0.00369788 
-662.597 0.0035933 
-659.619 0.00357647 
-656.641 0.00364462 
-653.663 0.00378019 
-650.685 0.00396185 
-647.707 0.00416549 
-644.729 0.00437442 
-641.751 0.0045864 
-638.773 0.00478343 
-635.795 0.00494653 
-632.817 0.00507915 
-629.839 0.00518714 
-626.861 0.00527676 
-623.883 0.00535551 
-620.905 0.00542369 
-617.927 0.00547308 
-614.949 0.00549313 
-611.971 0.0054733 
-608.993 0.0054022 
-606.015 0.00526807 
-603.038 0.00506266 
-600.06 0.00478115 
-597.082 0.00442262 
-594.104 0.00399165 
-591.126 0.00350129 
-588.148 0.00297591 
-585.17 0.00245444 
-582.192 0.00200344 
-579.214 0.00173049 
-576.236 0.00173613 
-573.258 0.00200132 
-570.28 0.00243992 
-567.302 0.00296838 
-564.324 0.00348623 
-561.346 0.00393033 
-558.368 0.0042772 
-555.39 0.00451058 
-552.412 0.00462327 
-549.434 0.00461485 
-546.456 0.00449114 
-543.478 0.00426374 
-540.5 0.00394939 
-537.522 0.00356808 
-534.544 0.00314492 
-531.566 0.0027134 
-528.588 0.00230686 
-525.61 0.00195514 
-522.633 0.00168506 
-519.655 0.00150838 
-516.677 0.00141117 
-513.699 0.00135728 
-510.721 0.00130355 
-507.743 0.00121518 
-504.765 0.00106998 
-501.787 0.000863824 
-498.809 0.000619281 
-495.831 0.000398666 
-492.853 0.000442735 
-489.875 0.000781325 
-486.897 0.00122168 
-483.919 0.00170529 
-480.941 0.00221016 
-477.963 0.00272029 
-474.985 0.00322064 
-472.007 0.00369908 
-469.029 0.00414613 
-466.051 0.00455309 
-463.073 0.00491296 
-460.095 0.00522063 
-457.117 0.00547288 
-454.139 0.00566808 
-451.161 0.00580663 
-448.183 0.00588999 
-445.205 0.00592154 
-442.228 0.00590665 
-439.25 0.00584886 
-436.272 0.00575271 
-433.294 0.00563016 
-430.316 0.00547443 
-427.338 0.00523849 
-424.36 0.00493259 
-421.382 0.0046395 
-418.404 0.00440152 
-415.426 0.00422834 
-412.448 0.0041292 
-409.47 0.00410394 
-406.492 0.00415084 
-403.514 0.00426666 
-400.536 0.00444443 
-397.558 0.00467439 
-394.58 0.00494473 
-391.602 0.00524109 
-388.624 0.00554766 
-385.646 0.00584818 
-382.668 0.00612681 
-379.69 0.00636977 
-376.712 0.00656548 
-373.734 0.00670515 
-370.756 0.00678339 
-367.778 0.00679732 
-364.8 0.00674744 
-361.823 0.00663307 
-358.845 0.00647048 
-355.867 0.00629504 
-352.889 0.0060973 
-349.911 0.00584921 
-346.933 0.00554957 
-343.955 0.00520177 
-340.977 0.00481299 
-337.999 0.0043964 
-335.021 0.00397286 
-332.043 0.00357474 
-329.065 0.0032462 
-326.087 0.00303715 
-323.109 0.00298659 
-320.131 0.00309768 
-317.153 0.00333268 
-314.175 0.00363399 
-311.197 0.00394749 
-308.219 0.00422966 
-305.241 0.0044469 
-302.263 0.004579 
-299.285 0.00461568 
-296.307 0.00455616 
-293.329 0.00442082 
-290.351 0.00424198 
-287.373 0.00407666 
-284.395 0.00400706 
-281.418 0.00406675 
-278.44 0.00423928 
-275.462 0.00451312 
-272.484 0.00487259 
-269.506 0.00528229 
-266.528 0.00570247 
-263.55 0.00609423 
-260.572 0.00642587 
-257.594 0.00667371 
-254.616 0.00682114 
-251.638 0.00686107 
-248.66 0.00679585 
-245.682 0.00663754 
-242.704 0.0064088 
-239.726 0.0061402 
-236.748 0.00587208 
-233.77 0.00565297 
-230.792 0.00552876 
-227.814 0.00553613 
-224.836 0.00569238 
-221.858 0.00599065 
-218.88 0.00640841 
-215.902 0.0068957 
-212.924 0.00737577 
-209.946 0.00781526 
-206.968 0.00823013 
-203.99 0.00862045 
-201.013 0.00897487 
-198.035 0.00928868 
-195.057 0.00955826 
-192.079 0.00978206 
-189.101 0.00996004 
-186.123 0.0100937 
-183.145 0.0101859 
-180.167 0.0102427 
-177.189 0.0102734 
-174.211 0.0102855 
-171.233 0.0102834 
-168.255 0.0102746 
-165.277 0.0102681 
-162.299 0.0102708 
-159.321 0.0102875 
-156.343 0.0103206 
-153.365 0.0103699 
-150.387 0.0104326 
-147.409 0.0105072 
-144.431 0.0105839 
-141.453 0.0106573 
-138.475 0.0107496 
-135.497 0.0108757 
-132.519 0.0110426 
-129.541 0.0112733 
-126.563 0.0116004 
-123.585 0.0120639 
-120.608 0.0127105 
-117.63 0.0135953 
-114.652 0.0147723 
-111.674 0.0162917 
-108.696 0.018208 
-105.718 0.0205833 
-102.74 0.0234898 
-99.7618 0.0270149 
-96.7838 0.031266 
-93.8058 0.0363735 
-90.8279 0.0424939 
-87.8499 0.04981 
-84.8719 0.0585279 
-81.894 0.0688764 
-78.916 0.081105 
-75.9381 0.0954726 
-72.9601 0.112259 
-69.9821 0.131771 
-67.0042 0.154257 
-64.0262 0.179883 
-61.0482 0.208791 
-58.0703 0.241092 
-55.0923 0.276821 
-52.1144 0.315925 
-49.1364 0.358255 
-46.1584 0.403556 
-43.1805 0.451466 
-40.2025 0.501509 
-37.2245 0.553102 
-34.2466 0.605555 
-31.2686 0.658098 
-28.2906 0.709886 
-25.3127 0.760025 
-22.3347 0.807596 
-19.3568 0.851682 
-16.3788 0.891398 
-13.4008 0.925917 
-10.4229 0.954498 
-7.44491 0.976517 
-4.46694 0.99148 
-1.48898 0.999049 
1.48898 0.999049 
4.46694 0.99148 
7.44491 0.976517 
10.4229 0.954498 
13.4008 0.925917 
16.3788 0.891398 
19.3568 0.851682 
22.3347 0.807596 
25.3127 0.760025 
28.2906 0.709886 
31.2686 0.658098 
34.2466 0.605555 
37.2245 0.553102 
40.2025 0.501509 
43.1805 0.451466 
46.1584 0.403556 
49.1364 0.358255 
52.1144 0.315925 
55.0923 0.276821 
58.0703 0.241092 
61.0482 0.208791 
64.0262 0.179883 
67.0042 0.154257 
69.9821 0.131771 
72.9601 0.112259 
75.9381 0.0954726 
78.916 0.081105 
81.894 0.0688764 
84.8719 0.0585279 
87.8499 0.04981 
90.8279 0.0424939 
93.8058 0.0363735 
96.7838 0.031266 
99.7618 0.0270149 
102.74 0.0234898 
105.718 0.0205833 
108.696 0.018208 
111.674 0.0162917 
114.652 0.0147723 
117.63 0.0135953 
120.608 0.0127105 
123.585 0.0120639 
126.563 0.0116004 
129.541 0.0112733 
132.519 0.0110426 
135.497 0.0108757 
138.475 0.0107496 
141.453 0.0106573 
144.431 0.0105839 
147.409 0.0105072 
150.387 0.0104326 
153.365 0.0103699 
156.343 0.0103206 
159.321 0.0102875 
162.299 0.0102708 
165.277 0.0102681 
168.255 0.0102746 
171.233 0.0102834 
174.211 0.0102855 
177.189 0.0102734 
180.167 0.0102427 
183.145 0.0101859 
186.123 0.0100937 
189.101 0.00996004 
192.079 0.00978206 
195.057 0.00955826 
198.035 0.00928868 
201.013 0.00897487 
203.99 0.00862045 
206.968 0.00823013 
209.946 0.00781526 
212.924 0.00737577 
215.902 0.0068957 
218.88 0.00640841 
221.858 0.00599065 
224.836 0.00569238 
227.814 0.00553613 
230.792 0.00552876 
233.77 0.00565297 
236.748 0.00587208 
239.726 0.0061402 
242.704 0.0064088 
245.682 0.00663754 
248.66 0.00679585 
251.638 0.00686107 
254.616 0.00682114 
257.594 0.00667371 
260.572 0.00642587 
263.55 0.00609423 
266.528 0.00570247 
269.506 0.00528229 
272.484 0.00487259 
275.462 0.00451312 
278.44 0.00423928 
281.418 0.00406675 
284.395 0.00400706 
287.373 0.00407666 
290.351 0.00424198 
293.329 0.00442082 
296.307 0.00455616 
299.285 0.00461568 
302.263 0.004579 
305.241 0.0044469 
308.219 0.00422966 
311.197 0.00394749 
314.175 0.00363399 
317.153 0.00333268 
320.131 0.00309768 
323.109 0.00298659 
326.087 0.00303715 
329.065 0.0032462 
332.043 0.00357474 
335.021 0.00397286 
337.999 0.0043964 
340.977 0.00481299 
343.955 0.00520177 
346.933 0.00554957 
349.911 0.00584921 
352.889 0.0060973 
355.867 0.00629504 
358.845 0.00647048 
361.823 0.00663307 
364.8 0.00674744 
367.778 0.00679732 
370.756 0.00678339 
373.734 0.00670515 
376.712 0.00656548 
379.69 0.00636977 
382.668 0.00612681 
385.646 0.00584818 
388.624 0.00554766 
391.602 0.00524109 
394.58 0.00494473 
397.558 0.00467439 
400.536 0.00444443 
403.514 0.00426666 
406.492 0.00415084 
409.47 0.00410394 
412.448 0.0041292 
415.426 0.00422834 
418.404 0.00440152 
421.382 0.0046395 
424.36 0.00493259 
427.338 0.00523849 
430.316 0.00547443 
433.294 0.00563016 
436.272 0.00575271 
439.25 0.00584886 
442.228 0.00590665 
445.205 0.00592154 
448.183 0.00588999 
451.161 0.00580663 
454.139 0.00566808 
457.117 0.00547288 
460.095 0.00522063 
463.073 0.00491296 
466.051 0.00455309 
469.029 0.00414613 
472.007 0.00369908 
474.985 0.00322064 
477.963 0.00272029 
480.941 0.00221016 
483.919 0.00170529 
486.897 0.00122168 
489.875 0.000781325 
492.853 0.000442735 
495.831 0.000398666 
498.809 0.000619281 
501.787 0.000863824 
504.765 0.00106998 
507.743 0.00121518 
510.721 0.00130355 
513.699 0.00135728 
516.677 0.00141117 
519.655 0.00150838 
522.633 0.00168506 
525.61 0.00195514 
528.588 0.00230686 
531.566 0.0027134 
534.544 0.00314492 
537.522 0.00356808 
540.5 0.00394939 
543.478 0.00426374 
546.456 0.00449114 
549.434 0.00461485 
552.412 0.00462327 
555.39 0.00451058 
558.368 0.0042772 
561.346 0.00393033 
564.324 0.00348623 
567.302 0.00296838 
570.28 0.00243992 
573.258 0.00200132 
576.236 0.00173613 
579.214 0.00173049 
582.192 0.00200344 
585.17 0.00245444 
588.148 0.00297591 
591.126 0.00350129 
594.104 0.00399165 
597.082 0.00442262 
600.06 0.00478115 
603.038 0.00506266 
606.015 0.00526807 
608.993 0.0054022 
611.971 0.0054733 
614.949 0.00549313 
617.927 0.00547308 
620.905 0.00542369 
623.883 0.00535551 
626.861 0.00527676 
629.839 0.00518714 
632.817 0.00507915 
635.795 0.00494653 
638.773 0.00478343 
641.751 0.0045864 
644.729 0.00437442 
647.707 0.00416549 
650.685 0.00396185 
653.663 0.00378019 
656.641 0.00364462 
659.619 0.00357647 
662.597 0.0035933 
665.575 0.00369788 
668.553 0.00387743 
671.531 0.00410881 
674.509 0.00436476 
677.487 0.00462032 
680.465 0.00485504 
683.443 0.00505301 
686.42 0.00520349 
689.398 0.00530203 
692.376 0.00534764 
695.354 0.00534378 
698.332 0.0052935 
701.31 0.00520064 
704.288 0.00507036 
707.266 0.00490821 
710.244 0.00471827 
713.222 0.00450586 
716.2 0.00428532 
719.178 0.00405452 
722.156 0.00380341 
725.134 0.00353592 
728.112 0.00326255 
731.09 0.00299782 
734.068 0.00275804 
737.046 0.00256348 
740.024 0.00243533 
743.002 0.00238437 
745.98 0.00240967 
748.958 0.00250011 
751.936 0.00263344 
754.914 0.00278632 
757.892 0.00294011 
760.87 0.00307858 
763.848 0.0031906 
766.825 0.0032688 
769.803 0.00330946 
772.781 0.00331055 
775.759 0.00326979 
778.737 0.00319285 
781.715 0.00309048 
784.693 0.00297418 
787.671 0.00285621 
790.649 0.00275461 
793.627 0.00269446 
796.605 0.0026907 
799.583 0.00274536 
802.561 0.00285468 
805.539 0.00300446 
808.517 0.00317473 
811.495 0.00334726 
814.473 0.00350563 
817.451 0.00363623 
820.429 0.00372847 
823.407 0.00377859 
826.385 0.00378196 
829.363 0.00373538 
832.341 0.00363989 
835.319 0.00349963 
838.297 0.00332398 
841.275 0.00312243 
844.253 0.00290829 
847.23 0.00269923 
850.208 0.00251785 
853.186 0.00237919 
856.164 0.00229375 
859.142 0.00226965 
862.12 0.00229776 
865.098 0.0023622 
868.076 0.00245056 
871.054 0.00255813 
874.032 0.00268229 
877.01 0.00282176 
879.988 0.00297686 
882.966 0.00314727 
885.944 0.00333542 
888.922 0.00353864 
891.9 0.0037495 
894.878 0.00396022 
897.856 0.004165 
900.834 0.0043608 
903.812 0.00453979 
906.79 0.00469843 
909.768 0.00483808 
912.746 0.00495096 
915.724 0.00503662 
918.702 0.00509519 
921.68 0.00512229 
924.658 0.00511969 
927.635 0.00509229 
930.613 0.00505195 
933.591 0.00500465 
936.569 0.00495197 
939.547 0.00489704 
942.525 0.00484198 
945.503 0.00478703 
948.481 0.00473148 
951.459 0.00468017 
954.437 0.0046337 
957.415 0.00458491 
960.393 0.00452461 
963.371 0.00444664 
966.349 0.00434929 
969.327 0.00423194 
972.305 0.00409584 
975.283 0.00393968 
978.261 0.00376527 
981.239 0.00357865 
984.217 0.00338751 
987.195 0.00319821 
990.173 0.00301337 
993.151 0.00283736 
996.129 0.00267596 
999.107 0.00254414 
1002.08 0.00246411 
1005.06 0.00242361 
1008.04 0.00239266 
1011.02 0.00236225 
1014 0.00233018 
1016.97 0.00229523 
1019.95 0.00225289 
1022.93 0.00219035 
1025.91 0.00210785 
1028.89 0.00200744 
1031.86 0.00188122 
1034.84 0.00173031 
1037.82 0.00156242 
1040.8 0.00139254 
1043.78 0.00125482 
1046.75 0.00119855 
1049.73 0.0012687 
1052.71 0.00146522 
1055.69 0.00175729 
1058.67 0.00211218 
1061.64 0.0025042 
1064.62 0.00290995 
1067.6 0.00330669 
1070.58 0.00368418 
1073.56 0.00402001 
1076.53 0.00429077 
1079.51 0.00449481 
1082.49 0.00462253 
1085.47 0.00467351 
1088.45 0.00465154 
1091.42 0.00455708 
1094.4 0.00439112 
1097.38 0.00415816 
1100.36 0.00387315 
1103.34 0.00354781 
1106.31 0.00318821 
1109.29 0.00280906 
1112.27 0.00243342 
1115.25 0.00207262 
1118.23 0.00173228 
1121.2 0.00141814 
1124.18 0.00112935 
1127.16 0.000862505 
1130.14 0.000618395 
1133.11 0.000397493 
1136.09 0.000175478 
1139.07 0.000141802 
1142.05 0.000320549 
1145.03 0.000561954 
1148 0.000795292 
1150.98 0.00101731 
1153.96 0.00121461 
1156.94 0.00138685 
1159.92 0.00153795 
1162.89 0.00166186 
1165.87 0.00176167 
1168.85 0.00186291 
1171.83 0.0019713 
1174.81 0.00208416 
1177.78 0.0022108 
1180.76 0.00234905 
1183.74 0.00249669 
1186.72 0.00263804 
1189.7 0.00276095 
1192.67 0.00286714 
1195.65 0.00294989 
1198.63 0.00300593 
1201.61 0.00303534 
1204.59 0.00302898 
1207.56 0.00298845 
1210.54 0.00291191 
1213.52 0.00281463 
1216.5 0.0027183 
1219.48 0.00262745 
1222.45 0.00254277 
1225.43 0.00245696 
1228.41 0.00236533 
1231.39 0.00226882 
1234.37 0.00217617 
1237.34 0.00208647 
1240.32 0.00199275 
1243.3 0.00190002 
1246.28 0.00181176 
1249.26 0.00172931 
1252.23 0.00163984 
1255.21 0.00154254 
1258.19 0.00144669 
1261.17 0.00134847 
1264.15 0.00125967 
1267.12 0.00119318 
1270.1 0.00116173 
1273.08 0.00116245 
1276.06 0.00119929 
1279.04 0.00128492 
1282.01 0.00137898 
1284.99 0.00146783 
1287.97 0.0015715 
1290.95 0.00167718 
1293.92 0.00175776 
1296.9 0.00179542 
1299.88 0.00178325 
1302.86 0.00173799 
1305.84 0.0016661 
1308.81 0.00155874 
1311.79 0.00141801 
1314.77 0.00125328 
1317.75 0.0010674 
1320.73 0.000858614 
1323.7 0.000624987 
1326.68 0.000375632 
1329.66 0.000160535 
1332.64 0.000261279 
1335.62 0.000556087 
1338.59 0.000879817 
1341.57 0.00119446 
1344.55 0.00148927 
1347.53 0.00175648 
1350.51 0.00199702 
1353.48 0.00220227 
1356.46 0.00236601 
1359.44 0.00253764 
1362.42 0.00268903 
1365.4 0.0027858 
1368.37 0.00284819 
1371.35 0.00289219 
1374.33 0.00293452 
1377.31 0.00295824 
1380.29 0.00297629 
1383.26 0.00301293 
1386.24 0.00307649 
1389.22 0.00317302 
1392.2 0.00327127 
1395.18 0.00337609 
1398.15 0.00348499 
1401.13 0.00358699 
1404.11 0.00367731 
1407.09 0.00371519 
1410.07 0.00369969 
1413.04 0.00362858 
1416.02 0.00349621 
1419 0.00330422 
1421.98 0.00305603 
1424.96 0.00274567 
1427.93 0.0023443 
1430.91 0.0019139 
1433.89 0.00149224 
1436.87 0.00106453 
1439.85 0.000648293 
1442.82 0.000222455 
1445.8 0.000109788 
1448.78 0.000388825 
1451.76 0.000633658 
1454.73 0.000813062 
1457.71 0.000917176 
1460.69 0.000943963 
1463.67 0.000903181 
1466.65 0.000819242 
1469.62 0.000751465 
1472.6 0.000793062 
1475.58 0.00100028 
1478.56 0.00132025 
1481.54 0.00170681 
1484.51 0.00211666 
1487.49 0.00248552 
1490.47 0.00277277 
1493.45 0.0029642 
1496.43 0.00305696 
1499.4 0.00306133 
1502.38 0.00300257 
1505.36 0.00286021 
1508.34 0.00262586 
1511.32 0.00235345 
1514.29 0.00205991 
1517.27 0.00178751 
1520.25 0.00159658 
1523.23 0.00150701 
1526.21 0.00154029 
1529.18 0.00165132 
1532.16 0.0018213 
1535.14 0.00204262 
1538.12 0.00228642 
1541.1 0.00254069 
1544.07 0.00277261 
1547.05 0.00294715 
1550.03 0.00306243 
1553.01 0.00315168 
1555.99 0.00321738 
1558.96 0.00322005 
1561.94 0.00316402 
1564.92 0.0030864 
1567.9 0.00299523 
1570.88 0.00278657 
1573.85 0.0023213 
1576.83 0.0016668 
1579.81 0.000956175 
1582.79 0.000470243 
1585.77 0.000936322 
1588.74 0.00173211 
1591.72 0.00263332 
1594.7 0.00356486 
1597.68 0.0044429 
1600.66 0.00527117 
1603.63 0.00606248 
1606.61 0.00678869 
1609.59 0.00745526 
1612.57 0.00801619 
1615.54 0.00840985 
1618.52 0.00864036 
1621.5 0.00872001 
1624.48 0.00863821 
1627.46 0.00838464 
1630.43 0.00794905 
1633.41 0.00734458 
1636.39 0.00664426 
1639.37 0.0058191 
1642.35 0.00495927 
1645.32 0.00423341 
1648.3 0.00357597 
1651.28 0.00288589 
1654.26 0.00220775 
1657.24 0.00157558 
1660.21 0.00101024 
1663.19 0.00068446 
1666.17 0.0008368 
1669.15 0.00124309 
1672.13 0.00167342 
1675.1 0.00214362 
1678.08 0.00266787 
1681.06 0.00320103 
1684.04 0.00371066 
1687.02 0.00418168 
1689.99 0.00462712 
1692.97 0.00505239 
1695.95 0.00546042 
1698.93 0.00579947 
1701.91 0.00604859 
1704.88 0.00618212 
1707.86 0.00620351 
1710.84 0.00615005 
1713.82 0.00590888 
1716.8 0.00544591 
1719.77 0.00489195 
1722.75 0.00432971 
1725.73 0.00380476 
1728.71 0.00332928 
1731.69 0.0029842 
1734.66 0.00276459 
1737.64 0.00258736 
1740.62 0.00252583 
1743.6 0.00258412 
1746.58 0.00271157 
1749.55 0.00287187 
1752.53 0.00304584 
1755.51 0.00324939 
1758.49 0.00352855 
1761.47 0.00384753 
1764.44 0.00415098 
1767.42 0.00439146 
1770.4 0.00454629 
1773.38 0.00469925 
1776.35 0.00482373 
1779.33 0.00484148 
1782.31 0.00482155 
1785.29 0.00485399 
1788.27 0.00489609 
1791.24 0.00499638 
1794.22 0.0052001 
1797.2 0.00540532 
1800.18 0.00559294 
1803.16 0.00576833 
1806.13 0.0058989 
1809.11 0.00601901 
1812.09 0.006084 
1815.07 0.00604012 
1818.05 0.00587528 
1821.02 0.00561929 
1824 0.00528727 
1826.98 0.00483182 
1829.96 0.00431585 
1832.94 0.003893 
1835.91 0.00345755 
1838.89 0.00298014 
1841.87 0.00262526 
1844.85 0.0023129 
1847.83 0.00198289 
1850.8 0.00168133 
1853.78 0.00151476 
1856.76 0.00142601 
1859.74 0.00125778 
1862.72 0.00116672 
1865.69 0.00120954 
1868.67 0.00127078 
1871.65 0.00134287 
1874.63 0.00144176 
1877.61 0.00160222 
1880.58 0.00184266 
1883.56 0.00205333 
1886.54 0.00222115 
1889.52 0.00245055 
1892.5 0.0026849 
1895.47 0.00288063 
1898.45 0.00300278 
1901.43 0.00304259 
1904.41 0.00311523 
1907.39 0.00317299 
1910.36 0.00318857 
1913.34 0.00315998 
1916.32 0.00305246 
1919.3 0.00294918 
1922.28 0.00282922 
1925.25 0.00266642 
1928.23 0.00261809 
1931.21 0.00282093 
1934.19 0.00315043 
1937.16 0.00349165 
1940.14 0.00387901 
1943.12 0.00427268 
1946.1 0.00462615 
1949.08 0.00484064 
1952.05 0.00494014 
1955.03 0.00502721 
1958.01 0.00509185 
1960.99 0.00510822 
1963.97 0.00507383 
1966.94 0.00503637 
1969.92 0.00494835 
1972.9 0.00478262 
1975.88 0.00460173 
1978.86 0.00447966 
1981.83 0.00438891 
1984.81 0.00425346 
1987.79 0.00415184 
1990.77 0.0041936 
1993.75 0.00425609 
1996.72 0.00428596 
1999.7 0.00441712 
2002.68 0.0046485 
2005.66 0.00490267 
2008.64 0.00520301 
2011.61 0.00558534 
2014.59 0.00594434 
2017.57 0.00622105 
2020.55 0.00643797 
2023.53 0.00649878 
2026.5 0.0063961 
2029.48 0.00620413 
2032.46 0.00595303 
2035.44 0.00571614 
2038.42 0.00549439 
2041.39 0.00525323 
2044.37 0.00501544 
2047.35 0.00482507 
2050.33 0.00471361 
2053.31 0.00478585 
2056.28 0.00495486 
2059.26 0.00521133 
2062.24 0.00557963 
2065.22 0.00601333 
2068.2 0.00657932 
2071.17 0.00721976 
2074.15 0.00782618 
2077.13 0.00842758 
2080.11 0.00898036 
2083.09 0.00935429 
2086.06 0.00965557 
2089.04 0.00993929 
2092.02 0.010011 
2095 0.00995582 
2097.97 0.00986294 
2100.95 0.00959602 
2103.93 0.00914786 
2106.91 0.00864503 
2109.89 0.00806604 
2112.86 0.00733556 
2115.84 0.00647533 
2118.82 0.00566052 
2121.8 0.00499643 
2124.78 0.00434785 
2127.75 0.00371676 
2130.73 0.00318124 
2133.71 0.00289245 
2136.69 0.00279914 
2139.67 0.00276224 
2142.64 0.00261477 
2145.62 0.00224404 
2148.6 0.00172292 
2151.58 0.0012405 
2154.56 0.00102745 
2157.53 0.00136422 
2160.51 0.00206511 
2163.49 0.00277394 
2166.47 0.0034554 
2169.45 0.00412084 
2172.42 0.00470405 
2175.4 0.00514391 
2178.38 0.00553434 
2181.36 0.00589259 
2184.34 0.00600855 
2187.31 0.00598454 
2190.29 0.00589743 
2193.27 0.00568174 
2196.25 0.00540999 
2199.23 0.00495355 
2202.2 0.00440777 
2205.18 0.00401421 
2208.16 0.00376527 
2211.14 0.00352987 
2214.12 0.00336236 
2217.09 0.0031142 
2220.07 0.00283564 
2223.05 0.00259586 
2226.03 0.00231096 
2229.01 0.00192329 
2231.98 0.00162574 
2234.96 0.00145824 
2237.94 0.00140476 
2240.92 0.00154226 
2243.9 0.00183621 
2246.87 0.00209414 
2249.85 0.00218933 
2252.83 0.00232269 
2255.81 0.00242539 
2258.78 0.0024114 
2261.76 0.00231732 
2264.74 0.00219613 
2267.72 0.0020801 
2270.7 0.00194849 
2273.67 0.0019212 
2276.65 0.00195338 
2279.63 0.00201819 
2282.61 0.00231087 
2285.59 0.00256886 
2288.56 0.00257269 
2291.54 0.00243744 
2294.52 0.00226152 
2297.5 0.0022335 
2300.48 0.00245454 
2303.45 0.0029391 
2306.43 0.00362186 
2309.41 0.0043614 
2312.39 0.00520441 
2315.37 0.00618148 
2318.34 0.00719627 
2321.32 0.00809182 
2324.3 0.00884016 
2327.28 0.0094828 
2330.26 0.00994374 
2333.23 0.0102474 
2336.21 0.010348 
2339.19 0.0102241 
2342.17 0.00994349 
2345.15 0.00939362 
2348.12 0.0085939 
2351.1 0.00773805 
2354.08 0.00672892 
2357.06 0.00566105 
2360.04 0.00476768 
2363.01 0.00411565 
2365.99 0.00353811 
2368.97 0.00311848 
2371.95 0.00286284 
2374.93 0.00274092 
2377.9 0.00280361 
2380.88 0.00289291 
2383.86 0.00301949 
2386.84 0.0031347 
2389.82 0.00318913 
2392.79 0.00310795 
2395.77 0.0030258 
2398.75 0.00300466 
2401.73 0.00307277 
2404.71 0.00320461 
2407.68 0.00328165 
2410.66 0.00338248 
2413.64 0.00368605 
2416.62 0.00408164 
2419.59 0.00450691 
2422.57 0.00508411 
2425.55 0.0058213 
2428.53 0.00636731 
2431.51 0.00656496 
2434.48 0.00675347 
2437.46 0.00686945 
2440.44 0.00689528 
2443.42 0.00695403 
2446.4 0.00681481 
2449.37 0.00658395 
2452.35 0.00646423 
2455.33 0.00616499 
2458.31 0.00564283 
2461.29 0.00513848 
2464.26 0.00459919 
2467.24 0.00410798 
2470.22 0.00378107 
2473.2 0.00368127 
2476.18 0.00367095 
2479.15 0.00376145 
2482.13 0.00403349 
2485.11 0.00446654 
2488.09 0.00482644 
2491.07 0.00501771 
2494.04 0.00536832 
2497.02 0.00574053 
2500 0.00602019 
