-1.250000000000000000e+03 3.728222978048000000e+12
-1.248511962890625000e+03 3.753537699840000000e+12
-1.247023803710937500e+03 3.779303571456000000e+12
-1.245535766601562500e+03 3.804591292416000000e+12
-1.244047607421875000e+03 3.829394571264000000e+12
-1.242559570312500000e+03 3.853950910464000000e+12
-1.241071411132812500e+03 3.878452199424000000e+12
-1.239583374023437500e+03 3.903242371072000000e+12
-1.238095214843750000e+03 3.928031232000000000e+12
-1.236607177734375000e+03 3.952666738688000000e+12
-1.235119018554687500e+03 3.977125560320000000e+12
-1.233630981445312500e+03 4.001377550336000000e+12
-1.232142822265625000e+03 4.025381289984000000e+12
-1.230654785156250000e+03 4.049118429184000000e+12
-1.229166625976562500e+03 4.072452653056000000e+12
-1.227678588867187500e+03 4.095093768192000000e+12
-1.226190429687500000e+03 4.117424504832000000e+12
-1.224702392578125000e+03 4.139487068160000000e+12
-1.223214233398437500e+03 4.161317109760000000e+12
-1.221726196289062500e+03 4.182940319744000000e+12
-1.220238037109375000e+03 4.204388417536000000e+12
-1.218750000000000000e+03 4.225612644352000000e+12
-1.217261962890625000e+03 4.246465413120000000e+12
-1.215773803710937500e+03 4.267266277376000000e+12
-1.214285766601562500e+03 4.288118784000000000e+12
-1.212797607421875000e+03 4.309091090432000000e+12
-1.211309570312500000e+03 4.330264461312000000e+12
-1.209821411132812500e+03 4.351722782720000000e+12
-1.208333374023437500e+03 4.373558067200000000e+12
-1.206845214843750000e+03 4.395811995648000000e+12
-1.205357177734375000e+03 4.418584969216000000e+12
-1.203869018554687500e+03 4.441914736640000000e+12
-1.202380981445312500e+03 4.465906679808000000e+12
-1.200892822265625000e+03 4.490596450304000000e+12
-1.199404785156250000e+03 4.516146053120000000e+12
-1.197916625976562500e+03 4.542646714368000000e+12
-1.196428588867187500e+03 4.570311294976000000e+12
-1.194940429687500000e+03 4.598944235520000000e+12
-1.193452392578125000e+03 4.628534001664000000e+12
-1.191964233398437500e+03 4.659079544832000000e+12
-1.190476196289062500e+03 4.690599739392000000e+12
-1.188988037109375000e+03 4.723220414464000000e+12
-1.187500000000000000e+03 4.756913782784000000e+12
-1.186011962890625000e+03 4.791919443968000000e+12
-1.184523803710937500e+03 4.827940126720000000e+12
-1.183035766601562500e+03 4.864843710464000000e+12
-1.181547607421875000e+03 4.902589825024000000e+12
-1.180059570312500000e+03 4.941117652992000000e+12
-1.178571411132812500e+03 4.980445544448000000e+12
-1.177083374023437500e+03 5.020468117504000000e+12
-1.175595214843750000e+03 5.061265588224000000e+12
-1.174107177734375000e+03 5.102614085632000000e+12
-1.172619018554687500e+03 5.144389877760000000e+12
-1.171130981445312500e+03 5.186485485568000000e+12
-1.169642822265625000e+03 5.228840091648000000e+12
-1.168154785156250000e+03 5.271320002560000000e+12
-1.166666625976562500e+03 5.313871216640000000e+12
-1.165178588867187500e+03 5.356318621696000000e+12
-1.163690429687500000e+03 5.398644916224000000e+12
-1.162202392578125000e+03 5.440827555840000000e+12
-1.160714233398437500e+03 5.482805723136000000e+12
-1.159226196289062500e+03 5.524444676096000000e+12
-1.157738037109375000e+03 5.565710860288000000e+12
-1.156250000000000000e+03 5.606569148416000000e+12
-1.154761962890625000e+03 5.646699200512000000e+12
-1.153273803710937500e+03 5.686287663104000000e+12
-1.151785766601562500e+03 5.725393780736000000e+12
-1.150297607421875000e+03 5.764007591936000000e+12
-1.148809570312500000e+03 5.802034200576000000e+12
-1.147321411132812500e+03 5.839499296768000000e+12
-1.145833374023437500e+03 5.876482572288000000e+12
-1.144345214843750000e+03 5.912746000384000000e+12
-1.142857177734375000e+03 5.948483043328000000e+12
-1.141369018554687500e+03 5.983830016000000000e+12
-1.139880981445312500e+03 6.018840395776000000e+12
-1.138392822265625000e+03 6.053511561216000000e+12
-1.136904785156250000e+03 6.087948369920000000e+12
-1.135416625976562500e+03 6.122217930752000000e+12
-1.133928588867187500e+03 6.156289835008000000e+12
-1.132440429687500000e+03 6.190285717504000000e+12
-1.130952392578125000e+03 6.224310960128000000e+12
-1.129464233398437500e+03 6.258422185984000000e+12
-1.127976196289062500e+03 6.292674445312000000e+12
-1.126488037109375000e+03 6.327166828544000000e+12
-1.125000000000000000e+03 6.361947045888000000e+12
-1.123511962890625000e+03 6.397179723776000000e+12
-1.122023803710937500e+03 6.432870105088000000e+12
-1.120535644531250000e+03 6.469057511424000000e+12
-1.119047607421875000e+03 6.505821634560000000e+12
-1.117559570312500000e+03 6.543219097600000000e+12
-1.116071411132812500e+03 6.581273493504000000e+12
-1.114583374023437500e+03 6.620032532480000000e+12
-1.113095214843750000e+03 6.659709599744000000e+12
-1.111607177734375000e+03 6.700244926464000000e+12
-1.110119018554687500e+03 6.741597093888000000e+12
-1.108630981445312500e+03 6.783791267840000000e+12
-1.107142822265625000e+03 6.826840031232000000e+12
-1.105654785156250000e+03 6.870761209856000000e+12
-1.104166625976562500e+03 6.915529637888000000e+12
-1.102678588867187500e+03 6.961286873088000000e+12
-1.101190429687500000e+03 7.007963709440000000e+12
-1.099702392578125000e+03 7.055523446784000000e+12
-1.098214233398437500e+03 7.103949307904000000e+12
-1.096726196289062500e+03 7.153247584256000000e+12
-1.095238037109375000e+03 7.203389440000000000e+12
-1.093750000000000000e+03 7.254373826560000000e+12
-1.092261962890625000e+03 7.306214899712000000e+12
-1.090773803710937500e+03 7.358891687936000000e+12
-1.089285644531250000e+03 7.412392656896000000e+12
-1.087797607421875000e+03 7.466709417984000000e+12
-1.086309570312500000e+03 7.521808416768000000e+12
-1.084821411132812500e+03 7.577699090432000000e+12
-1.083333374023437500e+03 7.634323767296000000e+12
-1.081845214843750000e+03 7.691669864448000000e+12
-1.080357177734375000e+03 7.749726371840000000e+12
-1.078869018554687500e+03 7.808509018112000000e+12
-1.077380981445312500e+03 7.868003123200000000e+12
-1.075892822265625000e+03 7.928188239872000000e+12
-1.074404785156250000e+03 7.989062270976000000e+12
-1.072916625976562500e+03 8.050616303616000000e+12
-1.071428588867187500e+03 8.112812064768000000e+12
-1.069940429687500000e+03 8.175661088768000000e+12
-1.068452392578125000e+03 8.239191162880000000e+12
-1.066964233398437500e+03 8.303360868352000000e+12
-1.065476196289062500e+03 8.368196943872000000e+12
-1.063988037109375000e+03 8.433683660800000000e+12
-1.062500000000000000e+03 8.499803193344000000e+12
-1.061011962890625000e+03 8.566588571648000000e+12
-1.059523803710937500e+03 8.634065485824000000e+12
-1.058035644531250000e+03 8.702157914112000000e+12
-1.056547607421875000e+03 8.770842787840000000e+12
-1.055059570312500000e+03 8.840125874176000000e+12
-1.053571411132812500e+03 8.909953695744000000e+12
-1.052083374023437500e+03 8.980332019712000000e+12
-1.050595214843750000e+03 9.051283914752000000e+12
-1.049107177734375000e+03 9.122785263616000000e+12
-1.047619018554687500e+03 9.194738548736000000e+12
-1.046130981445312500e+03 9.267126992896000000e+12
-1.044642822265625000e+03 9.339953741824000000e+12
-1.043154785156250000e+03 9.413187338240000000e+12
-1.041666625976562500e+03 9.486772207616000000e+12
-1.040178588867187500e+03 9.560739807232000000e+12
-1.038690429687500000e+03 9.635024076800000000e+12
-1.037202392578125000e+03 9.709547421696000000e+12
-1.035714233398437500e+03 9.784363319296000000e+12
-1.034226196289062500e+03 9.859432972288000000e+12
-1.032738037109375000e+03 9.934776303616000000e+12
-1.031250000000000000e+03 1.001031781580800000e+13
-1.029761962890625000e+03 1.008602710016000000e+13
-1.028273803710937500e+03 1.016186326220800000e+13
-1.026785644531250000e+03 1.023785146777600000e+13
-1.025297607421875000e+03 1.031408818585600000e+13
-1.023809509277343750e+03 1.039049687040000000e+13
-1.022321411132812500e+03 1.046714987315200000e+13
-1.020833312988281250e+03 1.054400315392000000e+13
-1.019345214843750000e+03 1.062096024371200000e+13
-1.017857116699218750e+03 1.069802219110400000e+13
-1.016369018554687500e+03 1.077538717696000000e+13
-1.014880981445312500e+03 1.085308246425600000e+13
-1.013392822265625000e+03 1.093116362752000000e+13
-1.011904785156250000e+03 1.100968624128000000e+13
-1.010416625976562500e+03 1.108867127705600000e+13
-1.008928588867187500e+03 1.116806945177600000e+13
-1.007440490722656250e+03 1.124794577715200000e+13
-1.005952392578125000e+03 1.132849004544000000e+13
-1.004464294433593750e+03 1.140976202547200000e+13
-1.002976196289062500e+03 1.149181519462400000e+13
-1.001488098144531250e+03 1.157473763328000000e+13
-1.000000000000000000e+03 1.165857338163200000e+13
-9.985119018554687500e+02 1.174342834585600000e+13
-9.970238037109375000e+02 1.182930042880000000e+13
-9.955357055664062500e+02 1.191632384819200000e+13
-9.940476074218750000e+02 1.200458249011200000e+13
-9.925595092773437500e+02 1.209410781184000000e+13
-9.910714111328125000e+02 1.218502669107200000e+13
-9.895833129882812500e+02 1.227738945945600000e+13
-9.880952148437500000e+02 1.237129363456000000e+13
-9.866071777343750000e+02 1.246680213094400000e+13
-9.851190185546875000e+02 1.256390341427200000e+13
-9.836309814453125000e+02 1.266270234214400000e+13
-9.821428222656250000e+02 1.276322408038400000e+13
-9.806547851562500000e+02 1.286558502092800000e+13
-9.791666259765625000e+02 1.296981976678400000e+13
-9.776785888671875000e+02 1.307599018393600000e+13
-9.761904296875000000e+02 1.318414974976000000e+13
-9.747023925781250000e+02 1.329429636710400000e+13
-9.732142333984375000e+02 1.340645939609600000e+13
-9.717261962890625000e+02 1.352064722534400000e+13
-9.702380981445312500e+02 1.363696156672000000e+13
-9.687500000000000000e+02 1.375534369996800000e+13
-9.672619018554687500e+02 1.387584081100800000e+13
-9.657738037109375000e+02 1.399860704051200000e+13
-9.642857055664062500e+02 1.412355640524800000e+13
-9.627976074218750000e+02 1.425071721676800000e+13
-9.613095092773437500e+02 1.438008528076800000e+13
-9.598214111328125000e+02 1.451164906291200000e+13
-9.583333129882812500e+02 1.464539178598400000e+13
-9.568452148437500000e+02 1.478134700441600000e+13
-9.553571777343750000e+02 1.491974540492800000e+13
-9.538690185546875000e+02 1.506042550681600000e+13
-9.523809814453125000e+02 1.520338940723200000e+13
-9.508928222656250000e+02 1.534863710617600000e+13
-9.494047851562500000e+02 1.549613924352000000e+13
-9.479166259765625000e+02 1.564589057638400000e+13
-9.464285888671875000e+02 1.579794667929600000e+13
-9.449404296875000000e+02 1.595245959577600000e+13
-9.434523925781250000e+02 1.610932761395200000e+13
-9.419642333984375000e+02 1.626851927654400000e+13
-9.404761962890625000e+02 1.643003458355200000e+13
-9.389880981445312500e+02 1.659389555507200000e+13
-9.375000000000000000e+02 1.676006234521600000e+13
-9.360119018554687500e+02 1.692862722867200000e+13
-9.345238037109375000e+02 1.709964577996800000e+13
-9.330357055664062500e+02 1.727307081318400000e+13
-9.315476074218750000e+02 1.744887611392000000e+13
-9.300595092773437500e+02 1.762701344768000000e+13
-9.285714111328125000e+02 1.780762856652800000e+13
-9.270833129882812500e+02 1.799071413043200000e+13
-9.255952148437500000e+02 1.817621561344000000e+13
-9.241071777343750000e+02 1.836415398707200000e+13
-9.226190185546875000e+02 1.855451457126400000e+13
-9.211309814453125000e+02 1.874732882329600000e+13
-9.196428222656250000e+02 1.894255689728000000e+13
-9.181547851562500000e+02 1.914026590208000000e+13
-9.166666259765625000e+02 1.934052714086400000e+13
-9.151785888671875000e+02 1.954316655001600000e+13
-9.136904296875000000e+02 1.974823446118400000e+13
-9.122023925781250000e+02 1.995570990284800000e+13
-9.107142333984375000e+02 2.016562223513600000e+13
-9.092261962890625000e+02 2.037794000076800000e+13
-9.077380981445312500e+02 2.059274498867200000e+13
-9.062500000000000000e+02 2.080999106150400000e+13
-9.047619018554687500e+02 2.102961111040000000e+13
-9.032738037109375000e+02 2.125154641510400000e+13
-9.017857055664062500e+02 2.147586198732800000e+13
-9.002976074218750000e+02 2.170261445017600000e+13
-8.988095092773437500e+02 2.193174718054400000e+13
-8.973214111328125000e+02 2.216329163571200000e+13
-8.958333129882812500e+02 2.239719538688000000e+13
-8.943452148437500000e+02 2.263347101696000000e+13
-8.928571166992187500e+02 2.287199269683200000e+13
-8.913690185546875000e+02 2.311301208473600000e+13
-8.898809814453125000e+02 2.335642222592000000e+13
-8.883928222656250000e+02 2.360228813209600000e+13
-8.869047851562500000e+02 2.385053640294400000e+13
-8.854166259765625000e+02 2.410121317580800000e+13
-8.839285888671875000e+02 2.435437507379200000e+13
-8.824404296875000000e+02 2.460984174182400000e+13
-8.809523925781250000e+02 2.486790678118400000e+13
-8.794642333984375000e+02 2.512848211148800000e+13
-8.779761962890625000e+02 2.539161177292800000e+13
-8.764880981445312500e+02 2.565729157120000000e+13
-8.750000000000000000e+02 2.592565782118400000e+13
-8.735119018554687500e+02 2.619675875737600000e+13
-8.720238037109375000e+02 2.647048113356800000e+13
-8.705357055664062500e+02 2.674711855104000000e+13
-8.690476074218750000e+02 2.702672973004800000e+13
-8.675595092773437500e+02 2.730929579622400000e+13
-8.660714111328125000e+02 2.759496564736000000e+13
-8.645833129882812500e+02 2.788383155814400000e+13
-8.630952148437500000e+02 2.817606759219200000e+13
-8.616071166992187500e+02 2.847150807449600000e+13
-8.601190185546875000e+02 2.877051371520000000e+13
-8.586309814453125000e+02 2.907318937190400000e+13
-8.571428222656250000e+02 2.937960425062400000e+13
-8.556547851562500000e+02 2.968998903808000000e+13
-8.541666259765625000e+02 3.000441503744000000e+13
-8.526785888671875000e+02 3.032302275788800000e+13
-8.511904296875000000e+02 3.064576396492800000e+13
-8.497023925781250000e+02 3.097292596838400000e+13
-8.482142333984375000e+02 3.130472267776000000e+13
-8.467261962890625000e+02 3.164120442470400000e+13
-8.452380981445312500e+02 3.198267110195200000e+13
-8.437500000000000000e+02 3.232918981836800000e+13
-8.422619018554687500e+02 3.268099964928000000e+13
-8.407738037109375000e+02 3.303802719436800000e+13
-8.392857055664062500e+02 3.340067510681600000e+13
-8.377976074218750000e+02 3.376905872998400000e+13
-8.363095092773437500e+02 3.414338358476800000e+13
-8.348214111328125000e+02 3.452386777497600000e+13
-8.333333129882812500e+02 3.491059728384000000e+13
-8.318452148437500000e+02 3.530378392371200000e+13
-8.303571166992187500e+02 3.570358078668800000e+13
-8.288690185546875000e+02 3.611021436518400000e+13
-8.273809814453125000e+02 3.652381048832000000e+13
-8.258928222656250000e+02 3.694466695168000000e+13
-8.244047851562500000e+02 3.737273761792000000e+13
-8.229166259765625000e+02 3.780817767628800000e+13
-8.214285888671875000e+02 3.825136461414400000e+13
-8.199404296875000000e+02 3.870258364416000000e+13
-8.184523925781250000e+02 3.916168377139200000e+13
-8.169642333984375000e+02 3.962895020851200000e+13
-8.154761962890625000e+02 4.010429906944000000e+13
-8.139880371093750000e+02 4.058812042444800000e+13
-8.125000000000000000e+02 4.108022972416000000e+13
-8.110119018554687500e+02 4.158102962176000000e+13
-8.095238037109375000e+02 4.209079694131200000e+13
-8.080357055664062500e+02 4.260932616192000000e+13
-8.065476074218750000e+02 4.313680183296000000e+13
-8.050595092773437500e+02 4.367328686899200000e+13
-8.035714111328125000e+02 4.421887354470400000e+13
-8.020833129882812500e+02 4.477359541452800000e+13
-8.005952148437500000e+02 4.533761186201600000e+13
-7.991071166992187500e+02 4.591125004288000000e+13
-7.976190185546875000e+02 4.649436315648000000e+13
-7.961309814453125000e+02 4.708686731673600000e+13
-7.946428222656250000e+02 4.768884221542400000e+13
-7.931547851562500000e+02 4.830041368166400000e+13
-7.916666259765625000e+02 4.892152299520000000e+13
-7.901785888671875000e+02 4.955235470540800000e+13
-7.886904296875000000e+02 5.019299689267200000e+13
-7.872023925781250000e+02 5.084336567091200000e+13
-7.857142333984375000e+02 5.150341909708800000e+13
-7.842261962890625000e+02 5.217344238387200000e+13
-7.827380371093750000e+02 5.285346908569600000e+13
-7.812500000000000000e+02 5.354326012723200000e+13
-7.797619018554687500e+02 5.424304200089600000e+13
-7.782738037109375000e+02 5.495263015731200000e+13
-7.767857055664062500e+02 5.567214623129600000e+13
-7.752976074218750000e+02 5.640170766336000000e+13
-7.738095092773437500e+02 5.714146125414400000e+13
-7.723214111328125000e+02 5.789144894668800000e+13
-7.708333129882812500e+02 5.865179237580800000e+13
-7.693452148437500000e+02 5.942258381619200000e+13
-7.678571166992187500e+02 6.020339544883200000e+13
-7.663690185546875000e+02 6.099461314969600000e+13
-7.648809814453125000e+02 6.179653471436800000e+13
-7.633928222656250000e+02 6.260935308083200000e+13
-7.619047851562500000e+02 6.343325279846400000e+13
-7.604166259765625000e+02 6.426848133120000000e+13
-7.589285888671875000e+02 6.511497995878400000e+13
-7.574404296875000000e+02 6.597234602803200000e+13
-7.559523925781250000e+02 6.684124223897600000e+13
-7.544642333984375000e+02 6.772208802201600000e+13
-7.529761962890625000e+02 6.861533636198400000e+13
-7.514880371093750000e+02 6.952116761395200000e+13
-7.500000000000000000e+02 7.044017317478400000e+13
-7.485119018554687500e+02 7.137212235776000000e+13
-7.470238037109375000e+02 7.231697321984000000e+13
-7.455357055664062500e+02 7.327543879270400000e+13
-7.440476074218750000e+02 7.424818177638400000e+13
-7.425595092773437500e+02 7.523560482406400000e+13
-7.410714111328125000e+02 7.623792603955200000e+13
-7.395833129882812500e+02 7.725565712793600000e+13
-7.380952148437500000e+02 7.828936012595200000e+13
-7.366071166992187500e+02 7.933869948928000000e+13
-7.351190185546875000e+02 8.040456441036800000e+13
-7.336309204101562500e+02 8.148767630950400000e+13
-7.321428222656250000e+02 8.258879016140800000e+13
-7.306547241210937500e+02 8.370788080025600000e+13
-7.291666259765625000e+02 8.484598002483200000e+13
-7.276785278320312500e+02 8.600319688704000000e+13
-7.261904296875000000e+02 8.717991726284800000e+13
-7.247023925781250000e+02 8.837710584217600000e+13
-7.232142944335937500e+02 8.959510655795200000e+13
-7.217261962890625000e+02 9.083454855577600000e+13
-7.202380981445312500e+02 9.209611970150400000e+13
-7.187500000000000000e+02 9.338008843059200000e+13
-7.172619018554687500e+02 9.468726004940800000e+13
-7.157738037109375000e+02 9.601824692633600000e+13
-7.142857055664062500e+02 9.737363626393600000e+13
-7.127976074218750000e+02 9.875411592806400000e+13
-7.113095092773437500e+02 1.001600801832960000e+14
-7.098214111328125000e+02 1.015916632473600000e+14
-7.083333129882812500e+02 1.030498633646080000e+14
-7.068452148437500000e+02 1.045351335198720000e+14
-7.053571166992187500e+02 1.060481364131840000e+14
-7.038690185546875000e+02 1.075893753610240000e+14
-7.023809204101562500e+02 1.091589845811200000e+14
-7.008928222656250000e+02 1.107576016076800000e+14
-6.994047241210937500e+02 1.123857213685760000e+14
-6.979166259765625000e+02 1.140436710195200000e+14
-6.964285278320312500e+02 1.157323313643520000e+14
-6.949404296875000000e+02 1.174520882790400000e+14
-6.934523925781250000e+02 1.192032605306880000e+14
-6.919642944335937500e+02 1.209861081661440000e+14
-6.904761962890625000e+02 1.228009415639040000e+14
-6.889880981445312500e+02 1.246482808176640000e+14
-6.875000000000000000e+02 1.265285285806080000e+14
-6.860119018554687500e+02 1.284419784540160000e+14
-6.845238037109375000e+02 1.303892008632320000e+14
-6.830357055664062500e+02 1.323705649070080000e+14
-6.815476074218750000e+02 1.343859783106560000e+14
-6.800595092773437500e+02 1.364361037742080000e+14
-6.785714111328125000e+02 1.385207986913280000e+14
-6.770833129882812500e+02 1.406414555709440000e+14
-6.755952148437500000e+02 1.427971097231360000e+14
-6.741071166992187500e+02 1.449887510036480000e+14
-6.726190185546875000e+02 1.472164968529920000e+14
-6.711309204101562500e+02 1.494802298306560000e+14
-6.696428222656250000e+02 1.517801848176640000e+14
-6.681547241210937500e+02 1.541169154621440000e+14
-6.666666259765625000e+02 1.564902539919360000e+14
-6.651785278320312500e+02 1.589008714956800000e+14
-6.636904296875000000e+02 1.613489189683200000e+14
-6.622023925781250000e+02 1.638346648453120000e+14
-6.607142944335937500e+02 1.663577735823360000e+14
-6.592261962890625000e+02 1.689191511490560000e+14
-6.577380981445312500e+02 1.715182606745600000e+14
-6.562500000000000000e+02 1.741559745740800000e+14
-6.547619018554687500e+02 1.768322257387520000e+14
-6.532738037109375000e+02 1.795469806141440000e+14
-6.517857055664062500e+02 1.823010780610560000e+14
-6.502976074218750000e+02 1.850943670845440000e+14
-6.488095092773437500e+02 1.879269147934720000e+14
-6.473214111328125000e+02 1.907990399549440000e+14
-6.458333129882812500e+02 1.937113129943040000e+14
-6.443452148437500000e+02 1.966635325849600000e+14
-6.428571166992187500e+02 1.996562188206080000e+14
-6.413690185546875000e+02 2.026901770076160000e+14
-6.398809204101562500e+02 2.057648199434240000e+14
-6.383928222656250000e+02 2.088806341672960000e+14
-6.369047241210937500e+02 2.120378042286080000e+14
-6.354166259765625000e+02 2.152364475678720000e+14
-6.339285278320312500e+02 2.184774030458880000e+14
-6.324404296875000000e+02 2.217599660195840000e+14
-6.309523925781250000e+02 2.250850927902720000e+14
-6.294642944335937500e+02 2.284530350161920000e+14
-6.279761962890625000e+02 2.318640611328000000e+14
-6.264880981445312500e+02 2.353185570160640000e+14
-6.250000000000000000e+02 2.388164891115520000e+14
-6.235119018554687500e+02 2.423588472750080000e+14
-6.220238037109375000e+02 2.459450443038720000e+14
-6.205357055664062500e+02 2.495755835146240000e+14
-6.190476074218750000e+02 2.532515050946560000e+14
-6.175595092773437500e+02 2.569724734996480000e+14
-6.160714111328125000e+02 2.607392604815360000e+14
-6.145833129882812500e+02 2.645521512529920000e+14
-6.130952148437500000e+02 2.684113639178240000e+14
-6.116071166992187500e+02 2.723170662481920000e+14
-6.101190185546875000e+02 2.762696273428480000e+14
-6.086309204101562500e+02 2.802696847360000000e+14
-6.071428222656250000e+02 2.843175739719680000e+14
-6.056547241210937500e+02 2.884144023470080000e+14
-6.041666259765625000e+02 2.925597504307200000e+14
-6.026785278320312500e+02 2.967545241927680000e+14
-6.011904296875000000e+02 3.009974150103040000e+14
-5.997023315429687500e+02 3.052905703669760000e+14
-5.982142944335937500e+02 3.096338895994880000e+14
-5.967261962890625000e+02 3.140276746977280000e+14
-5.952380981445312500e+02 3.184720934338560000e+14
-5.937500000000000000e+02 3.229679846686720000e+14
-5.922619018554687500e+02 3.275148450856960000e+14
-5.907738037109375000e+02 3.321142181888000000e+14
-5.892857055664062500e+02 3.367657348792320000e+14
-5.877976074218750000e+02 3.414706366709760000e+14
-5.863095092773437500e+02 3.462278162677760000e+14
-5.848214111328125000e+02 3.510392533811200000e+14
-5.833333129882812500e+02 3.559044782489600000e+14
-5.818452148437500000e+02 3.608236586434560000e+14
-5.803571166992187500e+02 3.657977340887040000e+14
-5.788690185546875000e+02 3.708272414556160000e+14
-5.773809204101562500e+02 3.759123485163520000e+14
-5.758928222656250000e+02 3.810530217164800000e+14
-5.744047241210937500e+02 3.862501670256640000e+14
-5.729166259765625000e+02 3.915037508894720000e+14
-5.714285278320312500e+02 3.968149812674560000e+14
-5.699404296875000000e+02 4.021842272583680000e+14
-5.684523315429687500e+02 4.076115895255040000e+14
-5.669642944335937500e+02 4.130962292080640000e+14
-5.654761962890625000e+02 4.186399917998080000e+14
-5.639880981445312500e+02 4.242430450728960000e+14
-5.625000000000000000e+02 4.299046508298240000e+14
-5.610119018554687500e+02 4.356264196833280000e+14
-5.595238037109375000e+02 4.414082845245440000e+14
-5.580357055664062500e+02 4.472506480066560000e+14
-5.565476074218750000e+02 4.531533088030720000e+14
-5.550595092773437500e+02 4.591175084277760000e+14
-5.535714111328125000e+02 4.651432804352000000e+14
-5.520833129882812500e+02 4.712300544000000000e+14
-5.505952148437500000e+02 4.773793067171840000e+14
-5.491071166992187500e+02 4.835907353968640000e+14
-5.476190185546875000e+02 4.898651792998400000e+14
-5.461309204101562500e+02 4.962026384261120000e+14
-5.446428222656250000e+02 5.026032134389760000e+14
-5.431547241210937500e+02 5.090680116346880000e+14
-5.416666259765625000e+02 5.155957914992640000e+14
-5.401785278320312500e+02 5.221876603289600000e+14
-5.386904296875000000e+02 5.288442892124160000e+14
-5.372023315429687500e+02 5.355656445952000000e+14
-5.357142333984375000e+02 5.423528002191360000e+14
-5.342261962890625000e+02 5.492046487879680000e+14
-5.327380981445312500e+02 5.561222975979520000e+14
-5.312500000000000000e+02 5.631056459857920000e+14
-5.297619018554687500e+02 5.701550966046720000e+14
-5.282738037109375000e+02 5.772702468014080000e+14
-5.267857055664062500e+02 5.844512307937280000e+14
-5.252976074218750000e+02 5.917004645007360000e+14
-5.238095092773437500e+02 5.990154648944640000e+14
-5.223214111328125000e+02 6.063960306483200000e+14
-5.208333129882812500e+02 6.138437723750400000e+14
-5.193452148437500000e+02 6.213592940544000000e+14
-5.178571166992187500e+02 6.289415219445760000e+14
-5.163690185546875000e+02 6.365919324405760000e+14
-5.148809204101562500e+02 6.443091162562560000e+14
-5.133928222656250000e+02 6.520946840043520000e+14
-5.119047241210937500e+02 6.599481659228160000e+14
-5.104166259765625000e+02 6.678688238141440000e+14
-5.089285278320312500e+02 6.758574629847040000e+14
-5.074404296875000000e+02 6.839134794547200000e+14
-5.059523315429687500e+02 6.920386851635200000e+14
-5.044642333984375000e+02 7.002318721515520000e+14
-5.029761962890625000e+02 7.084932417454080000e+14
-5.014880981445312500e+02 7.168216530944000000e+14
-5.000000000000000000e+02 7.252195892264960000e+14
-4.985119018554687500e+02 7.336849697669120000e+14
-4.970238037109375000e+02 7.422202777436160000e+14
-4.955357055664062500e+02 7.508230972375040000e+14
-4.940476074218750000e+02 7.594946362081280000e+14
-4.925595092773437500e+02 7.682340893491200000e+14
-4.910714111328125000e+02 7.770415908782080000e+14
-4.895833129882812500e+02 7.859172079042560000e+14
-4.880952148437500000e+02 7.948612759715840000e+14
-4.866071166992187500e+02 8.038729897738240000e+14
-4.851190185546875000e+02 8.129526177464320000e+14
-4.836309204101562500e+02 8.221012336312320000e+14
-4.821428222656250000e+02 8.313172268154880000e+14
-4.806547241210937500e+02 8.405993222307840000e+14
-4.791666259765625000e+02 8.499504726671360000e+14
-4.776785278320312500e+02 8.593691346206720000e+14
-4.761904296875000000e+02 8.688551067648000000e+14
-4.747023315429687500e+02 8.784085233172480000e+14
-4.732142333984375000e+02 8.880291829514240000e+14
-4.717261962890625000e+02 8.977179580825600000e+14
-4.702380981445312500e+02 9.074719630295040000e+14
-4.687500000000000000e+02 9.172938821468160000e+14
-4.672619018554687500e+02 9.271800244469760000e+14
-4.657738037109375000e+02 9.371357586391040000e+14
-4.642857055664062500e+02 9.471567897559040000e+14
-4.627976074218750000e+02 9.572445270835200000e+14
-4.613095092773437500e+02 9.673988364042240000e+14
-4.598214111328125000e+02 9.776176373432320000e+14
-4.583333129882812500e+02 9.879023391866880000e+14
-4.568452148437500000e+02 9.982524050636800000e+14
-4.553571166992187500e+02 1.008667566538752000e+15
-4.538690185546875000e+02 1.019147756503040000e+15
-4.523809204101562500e+02 1.029691766996992000e+15
-4.508928222656250000e+02 1.040301544177664000e+15
-4.494047241210937500e+02 1.050974336581632000e+15
-4.479166259765625000e+02 1.061711285059584000e+15
-4.464285278320312500e+02 1.072512725155840000e+15
-4.449404296875000000e+02 1.083377046257664000e+15
-4.434523315429687500e+02 1.094304449691648000e+15
-4.419642333984375000e+02 1.105294465695744000e+15
-4.404761962890625000e+02 1.116347161378816000e+15
-4.389880981445312500e+02 1.127462201196544000e+15
-4.375000000000000000e+02 1.138637303447552000e+15
-4.360119018554687500e+02 1.149879246127104000e+15
-4.345238037109375000e+02 1.161177560252416000e+15
-4.330357055664062500e+02 1.172540701540352000e+15
-4.315476074218750000e+02 1.183962764410880000e+15
-4.300595092773437500e+02 1.195442943557632000e+15
-4.285714111328125000e+02 1.206987278778368000e+15
-4.270833129882812500e+02 1.218590669799424000e+15
-4.255952148437500000e+02 1.230251371790336000e+15
-4.241071166992187500e+02 1.241973545500672000e+15
-4.226190185546875000e+02 1.253753030180864000e+15
-4.211309204101562500e+02 1.265593181274112000e+15
-4.196428222656250000e+02 1.277491045990400000e+15
-4.181547241210937500e+02 1.289446355894272000e+15
-4.166666259765625000e+02 1.301456695066624000e+15
-4.151785278320312500e+02 1.313527163781120000e+15
-4.136904296875000000e+02 1.325651722240000000e+15
-4.122023315429687500e+02 1.337835873370112000e+15
-4.107142333984375000e+02 1.350071832543232000e+15
-4.092261352539062500e+02 1.362367921258496000e+15
-4.077380981445312500e+02 1.374714207404032000e+15
-4.062500000000000000e+02 1.387118207172608000e+15
-4.047619018554687500e+02 1.399575491379200000e+15
-4.032738037109375000e+02 1.412086999547904000e+15
-4.017857055664062500e+02 1.424653268549632000e+15
-4.002976074218750000e+02 1.437271479812096000e+15
-3.988095092773437500e+02 1.449941901770752000e+15
-3.973214111328125000e+02 1.462665205514240000e+15
-3.958333129882812500e+02 1.475441525260288000e+15
-3.943452148437500000e+02 1.488267774001152000e+15
-3.928571166992187500e+02 1.501143414865920000e+15
-3.913690185546875000e+02 1.514074621870080000e+15
-3.898809204101562500e+02 1.527051731337216000e+15
-3.883928222656250000e+02 1.540079440887808000e+15
-3.869047241210937500e+02 1.553157079433216000e+15
-3.854166259765625000e+02 1.566285183844352000e+15
-3.839285278320312500e+02 1.579457982758912000e+15
-3.824404296875000000e+02 1.592679636926464000e+15
-3.809523315429687500e+02 1.605949609476096000e+15
-3.794642333984375000e+02 1.619267229319168000e+15
-3.779761352539062500e+02 1.632629006794752000e+15
-3.764880981445312500e+02 1.646036552515584000e+15
-3.750000000000000000e+02 1.659493356142592000e+15
-3.735119018554687500e+02 1.672991230394368000e+15
-3.720238037109375000e+02 1.686532993843200000e+15
-3.705357055664062500e+02 1.700119854448640000e+15
-3.690476074218750000e+02 1.713749664727040000e+15
-3.675595092773437500e+02 1.727420545630208000e+15
-3.660714111328125000e+02 1.741137328996352000e+15
-3.645833129882812500e+02 1.754894109245440000e+15
-3.630952148437500000e+02 1.768691154812928000e+15
-3.616071166992187500e+02 1.782528465698816000e+15
-3.601190185546875000e+02 1.796406176120832000e+15
-3.586309204101562500e+02 1.810322675466240000e+15
-3.571428222656250000e+02 1.824276889993216000e+15
-3.556547241210937500e+02 1.838273248886784000e+15
-3.541666259765625000e+02 1.852305980784640000e+15
-3.526785278320312500e+02 1.866372267114496000e+15
-3.511904296875000000e+02 1.880476805496832000e+15
-3.497023315429687500e+02 1.894617582665728000e+15
-3.482142333984375000e+02 1.908790169436160000e+15
-3.467261352539062500e+02 1.923000202952704000e+15
-3.452380371093750000e+02 1.937241911853056000e+15
-3.437500000000000000e+02 1.951518785798144000e+15
-3.422619018554687500e+02 1.965825456078848000e+15
-3.407738037109375000e+02 1.980162996436992000e+15
-3.392857055664062500e+02 1.994531943743488000e+15
-3.377976074218750000e+02 2.008932163780608000e+15
-3.363095092773437500e+02 2.023360435322880000e+15
-3.348214111328125000e+02 2.037816758370304000e+15
-3.333333129882812500e+02 2.052302743535616000e+15
-3.318452148437500000e+02 2.066812619456512000e+15
-3.303571166992187500e+02 2.081350278447104000e+15
-3.288690185546875000e+02 2.095914780983296000e+15
-3.273809204101562500e+02 2.110502234750976000e+15
-3.258928222656250000e+02 2.125113445056512000e+15
-3.244047241210937500e+02 2.139744788021248000e+15
-3.229166259765625000e+02 2.154401363918848000e+15
-3.214285278320312500e+02 2.169078072475648000e+15
-3.199404296875000000e+02 2.183774108385280000e+15
-3.184523315429687500e+02 2.198493095526400000e+15
-3.169642333984375000e+02 2.213226443964416000e+15
-3.154761352539062500e+02 2.227980730368000000e+15
-3.139880371093750000e+02 2.242750720245760000e+15
-3.125000000000000000e+02 2.257535742509056000e+15
-3.110119018554687500e+02 2.272337273552896000e+15
-3.095238037109375000e+02 2.287150615756800000e+15
-3.080357055664062500e+02 2.301977111298048000e+15
-3.065476074218750000e+02 2.316813538951168000e+15
-3.050595092773437500e+02 2.331662046199808000e+15
-3.035714111328125000e+02 2.346525585833984000e+15
-3.020833129882812500e+02 2.361393957306368000e+15
-3.005952148437500000e+02 2.376271455584256000e+15
-2.991071166992187500e+02 2.391155127877632000e+15
-2.976190185546875000e+02 2.406049269153792000e+15
-2.961309204101562500e+02 2.420943678865408000e+15
-2.946428222656250000e+02 2.435843188850688000e+15
-2.931547241210937500e+02 2.450743504142336000e+15
-2.916666259765625000e+02 2.465655630594048000e+15
-2.901785278320312500e+02 2.480555140579328000e+15
-2.886904296875000000e+02 2.495461629886464000e+15
-2.872023315429687500e+02 2.510367582322688000e+15
-2.857142333984375000e+02 2.525272461017088000e+15
-2.842261352539062500e+02 2.540169286647808000e+15
-2.827380371093750000e+02 2.555063427923968000e+15
-2.812500000000000000e+02 2.569956495458304000e+15
-2.797619018554687500e+02 2.584837483397120000e+15
-2.782738037109375000e+02 2.599719008206848000e+15
-2.767857055664062500e+02 2.614583353147392000e+15
-2.752976074218750000e+02 2.629444208427008000e+15
-2.738095092773437500e+02 2.644291910369280000e+15
-2.723214111328125000e+02 2.659126727409664000e+15
-2.708333129882812500e+02 2.673954296692736000e+15
-2.693452148437500000e+02 2.688766565154816000e+15
-2.678571166992187500e+02 2.703557090344960000e+15
-2.663690185546875000e+02 2.718336609681408000e+15
-2.648809204101562500e+02 2.733098680713216000e+15
-2.633928222656250000e+02 2.747844377182208000e+15
-2.619047241210937500e+02 2.762570477862912000e+15
-2.604166259765625000e+02 2.777274029965312000e+15
-2.589285278320312500e+02 2.791959865327616000e+15
-2.574404296875000000e+02 2.806621004627968000e+15
-2.559523315429687500e+02 2.821261474398208000e+15
-2.544642333984375000e+02 2.835874832187392000e+15
-2.529761352539062500e+02 2.850462420172800000e+15
-2.514880371093750000e+02 2.865024775225344000e+15
-2.500000000000000000e+02 2.879561092038656000e+15
-2.485119018554687500e+02 2.894064391290880000e+15
-2.470238037109375000e+02 2.908542726045696000e+15
-2.455357055664062500e+02 2.922986432626688000e+15
-2.440476074218750000e+02 2.937401416613888000e+15
-2.425595092773437500e+02 2.951785262088192000e+15
-2.410714111328125000e+02 2.966130452856832000e+15
-2.395833129882812500e+02 2.980441552322560000e+15
-2.380952148437500000e+02 2.994721513275392000e+15
-2.366071166992187500e+02 3.008966577618944000e+15
-2.351190185546875000e+02 3.023168960724992000e+15
-2.336309204101562500e+02 3.037332957560832000e+15
-2.321428222656250000e+02 3.051458031255552000e+15
-2.306547241210937500e+02 3.065540960583680000e+15
-2.291666259765625000e+02 3.079583893028864000e+15
-2.276785278320312500e+02 3.093581459881984000e+15
-2.261904296875000000e+02 3.107541177335808000e+15
-2.247023925781250000e+02 3.121455260762112000e+15
-2.232142333984375000e+02 3.135320757370880000e+15
-2.217261962890625000e+02 3.149140083081216000e+15
-2.202380371093750000e+02 3.162913774764032000e+15
-2.187500000000000000e+02 3.176638611193856000e+15
-2.172618408203125000e+02 3.190318350467072000e+15
-2.157738037109375000e+02 3.203946550132736000e+15
-2.142856445312500000e+02 3.217520257400832000e+15
-2.127976074218750000e+02 3.231044572545024000e+15
-2.113094482421875000e+02 3.244512247808000000e+15
-2.098214111328125000e+02 3.257929188769792000e+15
-2.083332519531250000e+02 3.271290563592192000e+15
-2.068452148437500000e+02 3.284597177581568000e+15
-2.053570556640625000e+02 3.297851446657024000e+15
-2.038690185546875000e+02 3.311043438706688000e+15
-2.023808593750000000e+02 3.324181475229696000e+15
-2.008928222656250000e+02 3.337259113775104000e+15
-1.994047851562500000e+02 3.350274475294720000e+15
-1.979166259765625000e+02 3.363234807545856000e+15
-1.964285888671875000e+02 3.376128299368448000e+15
-1.949404296875000000e+02 3.388961393213440000e+15
-1.934523925781250000e+02 3.401732746903552000e+15
-1.919642333984375000e+02 3.414439944519680000e+15
-1.904761962890625000e+02 3.427081912320000000e+15
-1.889880371093750000e+02 3.439659455610880000e+15
-1.875000000000000000e+02 3.452172842827776000e+15
-1.860118408203125000e+02 3.464616436826112000e+15
-1.845238037109375000e+02 3.476994532573184000e+15
-1.830356445312500000e+02 3.489301761359872000e+15
-1.815476074218750000e+02 3.501538928492544000e+15
-1.800594482421875000e+02 3.513712207986688000e+15
-1.785714111328125000e+02 3.525807909634048000e+15
-1.770832519531250000e+02 3.537836502417408000e+15
-1.755952148437500000e+02 3.549789933273088000e+15
-1.741070556640625000e+02 3.561672228732928000e+15
-1.726190185546875000e+02 3.573482851926016000e+15
-1.711308593750000000e+02 3.585211870740480000e+15
-1.696428222656250000e+02 3.596873243820032000e+15
-1.681547851562500000e+02 3.608456233746432000e+15
-1.666666259765625000e+02 3.619964867051520000e+15
-1.651785888671875000e+02 3.631391090671616000e+15
-1.636904296875000000e+02 3.642741347057664000e+15
-1.622023925781250000e+02 3.654016173080576000e+15
-1.607142333984375000e+02 3.665210200031232000e+15
-1.592261962890625000e+02 3.676321817296896000e+15
-1.577380371093750000e+02 3.687362299166720000e+15
-1.562500000000000000e+02 3.698311512981504000e+15
-1.547618408203125000e+02 3.709182612078592000e+15
-1.532738037109375000e+02 3.719969154007040000e+15
-1.517856445312500000e+02 3.730676507475968000e+15
-1.502976074218750000e+02 3.741297961598976000e+15
-1.488094482421875000e+02 3.751836469166080000e+15
-1.473214111328125000e+02 3.762288808951808000e+15
-1.458332519531250000e+02 3.772654444085248000e+15
-1.443452148437500000e+02 3.782938743275520000e+15
-1.428570556640625000e+02 3.793130969104384000e+15
-1.413690185546875000e+02 3.803239174635520000e+15
-1.398808593750000000e+02 3.813255575240704000e+15
-1.383928222656250000e+02 3.823183929016320000e+15
-1.369047851562500000e+02 3.833026115010560000e+15
-1.354166259765625000e+02 3.842773811724288000e+15
-1.339285888671875000e+02 3.852435609092096000e+15
-1.324404296875000000e+02 3.862003454050304000e+15
-1.309523925781250000e+02 3.871480299388928000e+15
-1.294642333984375000e+02 3.880868829462528000e+15
-1.279761962890625000e+02 3.890167433658368000e+15
-1.264880371093750000e+02 3.899366716735488000e+15
-1.250000000000000000e+02 3.908470973661184000e+15
-1.235118408203125000e+02 3.917487183757312000e+15
-1.220238037109375000e+02 3.926408636137472000e+15
-1.205356445312500000e+02 3.935229156786176000e+15
-1.190476074218750000e+02 3.943960019992576000e+15
-1.175594482421875000e+02 3.952591830515712000e+15
-1.160714111328125000e+02 3.961133178290176000e+15
-1.145832519531250000e+02 3.969574399639552000e+15
-1.130952148437500000e+02 3.977914689257472000e+15
-1.116070556640625000e+02 3.986159952723968000e+15
-1.101190185546875000e+02 3.994306431942656000e+15
-1.086308593750000000e+02 4.002356542832640000e+15
-1.071428222656250000e+02 4.010302500765696000e+15
-1.056547851562500000e+02 4.018152358805504000e+15
-1.041666259765625000e+02 4.025902090420224000e+15
-1.026785888671875000e+02 4.033546058465280000e+15
-1.011904296875000000e+02 4.041093121310720000e+15
-9.970239257812500000e+01 4.048543278956544000e+15
-9.821423339843750000e+01 4.055889552080896000e+15
-9.672619628906250000e+01 4.063128182587392000e+15
-9.523803710937500000e+01 4.070270176329728000e+15
-9.375000000000000000e+01 4.077308017115136000e+15
-9.226184082031250000e+01 4.084245194604544000e+15
-9.077380371093750000e+01 4.091074461040640000e+15
-8.928564453125000000e+01 4.097803332616192000e+15
-8.779760742187500000e+01 4.104425635315712000e+15
-8.630944824218750000e+01 4.110944858800128000e+15
-8.482141113281250000e+01 4.117360734633984000e+15
-8.333325195312500000e+01 4.123668162543616000e+15
-8.184521484375000000e+01 4.129872779673600000e+15
-8.035705566406250000e+01 4.135968412008448000e+15
-7.886901855468750000e+01 4.141960696692736000e+15
-7.738085937500000000e+01 4.147845875630080000e+15
-7.589282226562500000e+01 4.153625022562304000e+15
-7.440478515625000000e+01 4.159299479666688000e+15
-7.291662597656250000e+01 4.164861462315008000e+15
-7.142858886718750000e+01 4.170321171054592000e+15
-6.994042968750000000e+01 4.175670284386304000e+15
-6.845239257812500000e+01 4.180908265439232000e+15
-6.696423339843750000e+01 4.186040482922496000e+15
-6.547619628906250000e+01 4.191063178739712000e+15
-6.398803710937500000e+01 4.195980647858176000e+15
-6.250000000000000000e+01 4.200788326875136000e+15
-6.101184082031250000e+01 4.205479504904192000e+15
-5.952380371093750000e+01 4.210071630249984000e+15
-5.803564453125000000e+01 4.214548596785152000e+15
-5.654760742187500000e+01 4.218918994444288000e+15
-5.505944824218750000e+01 4.223178796695552000e+15
-5.357141113281250000e+01 4.227324245442560000e+15
-5.208325195312500000e+01 4.231362588442624000e+15
-5.059521484375000000e+01 4.235293825695744000e+15
-4.910705566406250000e+01 4.239106951348224000e+15
-4.761901855468750000e+01 4.242815655608320000e+15
-4.613085937500000000e+01 4.246411616976896000e+15
-4.464282226562500000e+01 4.249893224841216000e+15
-4.315478515625000000e+01 4.253271485054976000e+15
-4.166662597656250000e+01 4.256532707409920000e+15
-4.017858886718750000e+01 4.259681992179712000e+15
-3.869042968750000000e+01 4.262722292154368000e+15
-3.720239257812500000e+01 4.265649043931136000e+15
-3.571423339843750000e+01 4.268464126558208000e+15
-3.422619628906250000e+01 4.271169955954688000e+15
-3.273803710937500000e+01 4.273755257831424000e+15
-3.125000000000000000e+01 4.276236138315776000e+15
-2.976184082031250000e+01 4.278601591554048000e+15
-2.827380371093750000e+01 4.280852422852608000e+15
-2.678564453125000000e+01 4.282993732485120000e+15
-2.529760742187500000e+01 4.285021762355200000e+15
-2.380944824218750000e+01 4.286934364979200000e+15
-2.232141113281250000e+01 4.288741740904448000e+15
-2.083325195312500000e+01 4.290432347406336000e+15
-1.934521484375000000e+01 4.292011553193984000e+15
-1.785705566406250000e+01 4.293472647380992000e+15
-1.636901855468750000e+01 4.294824219901952000e+15
-1.488085937500000000e+01 4.296066002321408000e+15
-1.339282226562500000e+01 4.297196652462080000e+15
-1.190478515625000000e+01 4.298208117260288000e+15
-1.041662597656250000e+01 4.299108449779712000e+15
-8.928588867187500000e+00 4.299897381584896000e+15
-7.440429687500000000e+00 4.300573570498560000e+15
-5.952392578125000000e+00 4.301134332166144000e+15
-4.464233398437500000e+00 4.301582350942208000e+15
-2.976196289062500000e+00 4.301920311181312000e+15
-1.488037109375000000e+00 4.302142575738880000e+15
0.000000000000000000e+00 4.302249681485824000e+15
1.488159179687500000e+00 4.302247534002176000e+15
2.976196289062500000e+00 4.302125932740608000e+15
4.464355468750000000e+00 4.301899104780288000e+15
5.952392578125000000e+00 4.301549601816576000e+15
7.440551757812500000e+00 4.301095945895936000e+15
8.928588867187500000e+00 4.300531426131968000e+15
1.041674804687500000e+01 4.299844768235520000e+15
1.190478515625000000e+01 4.299053957382144000e+15
1.339294433593750000e+01 4.298148256153600000e+15
1.488098144531250000e+01 4.297123101147136000e+15
1.636914062500000000e+01 4.295991914135552000e+15
1.785717773437500000e+01 4.294746642055168000e+15
1.934533691406250000e+01 4.293387553341440000e+15
2.083337402343750000e+01 4.291914647994368000e+15
2.232141113281250000e+01 4.290335710642176000e+15
2.380957031250000000e+01 4.288638393253888000e+15
2.529760742187500000e+01 4.286831285764096000e+15
2.678576660156250000e+01 4.284911166947328000e+15
2.827380371093750000e+01 4.282878573674496000e+15
2.976196289062500000e+01 4.280735384993792000e+15
3.125000000000000000e+01 4.278478111244288000e+15
3.273815917968750000e+01 4.276109436780544000e+15
3.422619628906250000e+01 4.273627750989824000e+15
3.571435546875000000e+01 4.271034664484864000e+15
3.720239257812500000e+01 4.268327492911104000e+15
3.869055175781250000e+01 4.265513215590400000e+15
4.017858886718750000e+01 4.262584853200896000e+15
4.166674804687500000e+01 4.259541868871680000e+15
4.315478515625000000e+01 4.256390168182784000e+15
4.464294433593750000e+01 4.253127603650560000e+15
4.613098144531250000e+01 4.249755249016832000e+15
4.761914062500000000e+01 4.246272567410688000e+15
4.910717773437500000e+01 4.242675263864832000e+15
5.059533691406250000e+01 4.238967633346560000e+15
5.208337402343750000e+01 4.235156118306816000e+15
5.357141113281250000e+01 4.231224075747328000e+15
5.505957031250000000e+01 4.227188148666368000e+15
5.654760742187500000e+01 4.223041894612992000e+15
5.803576660156250000e+01 4.218783434539008000e+15
5.952380371093750000e+01 4.214412768444416000e+15
6.101196289062500000e+01 4.209935265038336000e+15
6.250000000000000000e+01 4.205349313708032000e+15
6.398815917968750000e+01 4.200652766969856000e+15
6.547619628906250000e+01 4.195846430130176000e+15
6.696435546875000000e+01 4.190928961011712000e+15
6.845239257812500000e+01 4.185904654581760000e+15
6.994055175781250000e+01 4.180772437098496000e+15
7.142858886718750000e+01 4.175528550465536000e+15
7.291674804687500000e+01 4.170177021214720000e+15
7.440478515625000000e+01 4.164715433426944000e+15
7.589294433593750000e+01 4.159148887375872000e+15
7.738098144531250000e+01 4.153472551223296000e+15
7.886914062500000000e+01 4.147685351227392000e+15
8.035717773437500000e+01 4.141795608887296000e+15
8.184533691406250000e+01 4.135797687058432000e+15
8.333337402343750000e+01 4.129690780434432000e+15
8.482141113281250000e+01 4.123478915547136000e+15
8.630957031250000000e+01 4.117158334300160000e+15
8.779760742187500000e+01 4.110732526354432000e+15
8.928576660156250000e+01 4.104201223274496000e+15
9.077380371093750000e+01 4.097560130093056000e+15
9.226196289062500000e+01 4.090818910486528000e+15
9.375000000000000000e+01 4.083967363907584000e+15
9.523815917968750000e+01 4.077013006548992000e+15
9.672619628906250000e+01 4.069957985894400000e+15
9.821435546875000000e+01 4.062792101396480000e+15
9.970239257812500000e+01 4.055524211425280000e+15
1.011905517578125000e+02 4.048147336658944000e+15
1.026785888671875000e+02 4.040674630434816000e+15
1.041667480468750000e+02 4.033094013157376000e+15
1.056547851562500000e+02 4.025410853535744000e+15
1.071429443359375000e+02 4.017621930344448000e+15
1.086309814453125000e+02 4.009732612292608000e+15
1.101191406250000000e+02 4.001741020332032000e+15
1.116071777343750000e+02 3.993649570381824000e+15
1.130953369140625000e+02 3.985456383393792000e+15
1.145833740234375000e+02 3.977160385626112000e+15
1.160714111328125000e+02 3.968762113949696000e+15
1.175595703125000000e+02 3.960267473944576000e+15
1.190476074218750000e+02 3.951670291595264000e+15
1.205357666015625000e+02 3.942972177514496000e+15
1.220238037109375000e+02 3.934176621363200000e+15
1.235119628906250000e+02 3.925282012528640000e+15
1.250000000000000000e+02 3.916291303800832000e+15
1.264881591796875000e+02 3.907203153002496000e+15
1.279761962890625000e+02 3.898010580811776000e+15
1.294643554687500000e+02 3.888728619614208000e+15
1.309523925781250000e+02 3.879348142604288000e+15
1.324405517578125000e+02 3.869873713184768000e+15
1.339285888671875000e+02 3.860301036388352000e+15
1.354167480468750000e+02 3.850632259698688000e+15
1.369047851562500000e+02 3.840871678083072000e+15
1.383929443359375000e+02 3.831014728138752000e+15
1.398809814453125000e+02 3.821070536671232000e+15
1.413691406250000000e+02 3.811027292520448000e+15
1.428571777343750000e+02 3.800892511879168000e+15
1.443453369140625000e+02 3.790665657876480000e+15
1.458333740234375000e+02 3.780346193641472000e+15
1.473214111328125000e+02 3.769939487883264000e+15
1.488095703125000000e+02 3.759441782505472000e+15
1.502976074218750000e+02 3.748849587847168000e+15
1.517857666015625000e+02 3.738176594116608000e+15
1.532738037109375000e+02 3.727412063895552000e+15
1.547619628906250000e+02 3.716559218409472000e+15
1.562500000000000000e+02 3.705619936706560000e+15
1.577381591796875000e+02 3.694595024093184000e+15
1.592261962890625000e+02 3.683485554311168000e+15
1.607143554687500000e+02 3.672293674844160000e+15
1.622023925781250000e+02 3.661011064193024000e+15
1.636905517578125000e+02 3.649648459776000000e+15
1.651785888671875000e+02 3.638203177238528000e+15
1.666667480468750000e+02 3.626674679709696000e+15
1.681547851562500000e+02 3.615070214946816000e+15
1.696429443359375000e+02 3.603381193015296000e+15
1.711309814453125000e+02 3.591615935414272000e+15
1.726191406250000000e+02 3.579767462821888000e+15
1.741071777343750000e+02 3.567842754560000000e+15
1.755953369140625000e+02 3.555840200015872000e+15
1.770833740234375000e+02 3.543761409802240000e+15
1.785715332031250000e+02 3.531610410450944000e+15
1.800595703125000000e+02 3.519379148898304000e+15
1.815476074218750000e+02 3.507077825691648000e+15
1.830357666015625000e+02 3.494697850896384000e+15
1.845238037109375000e+02 3.482248888188928000e+15
1.860119628906250000e+02 3.469728790085632000e+15
1.875000000000000000e+02 3.457142119989248000e+15
1.889881591796875000e+02 3.444481361707008000e+15
1.904761962890625000e+02 3.431754568302592000e+15
1.919643554687500000e+02 3.418957981679616000e+15
1.934523925781250000e+02 3.406093212450816000e+15
1.949405517578125000e+02 3.393164287148032000e+15
1.964285888671875000e+02 3.380169863593984000e+15
1.979167480468750000e+02 3.367113431449600000e+15
1.994047851562500000e+02 3.353993916973056000e+15
2.008929443359375000e+02 3.340807293632512000e+15
2.023809814453125000e+02 3.327565372588032000e+15
2.038691406250000000e+02 3.314259027034112000e+15
2.053571777343750000e+02 3.300897383776256000e+15
2.068453369140625000e+02 3.287473731928064000e+15
2.083333740234375000e+02 3.273996392988672000e+15
2.098215332031250000e+02 3.260460803555328000e+15
2.113095703125000000e+02 3.246870453288960000e+15
2.127976074218750000e+02 3.233225342189568000e+15
2.142857666015625000e+02 3.219527349305344000e+15
2.157738037109375000e+02 3.205776743071744000e+15
2.172619628906250000e+02 3.191973523488768000e+15
2.187500000000000000e+02 3.178121448652800000e+15
2.202381591796875000e+02 3.164222397612032000e+15
2.217261962890625000e+02 3.150268317302784000e+15
2.232143554687500000e+02 3.136276119158784000e+15
2.247023925781250000e+02 3.122231576100864000e+15
2.261905517578125000e+02 3.108144620240896000e+15
2.276785888671875000e+02 3.094011761917952000e+15
2.291667480468750000e+02 3.079835148615680000e+15
2.306547851562500000e+02 3.065622296526848000e+15
2.321429443359375000e+02 3.051361126055936000e+15
2.336309814453125000e+02 3.037065595846656000e+15
2.351191406250000000e+02 3.022729800318976000e+15
2.366071777343750000e+02 3.008354007908352000e+15
2.380953369140625000e+02 2.993942513582080000e+15
2.395833740234375000e+02 2.979496659517440000e+15
2.410715332031250000e+02 2.965016445714432000e+15
2.425595703125000000e+02 2.950502945914880000e+15
2.440476074218750000e+02 2.935955891683328000e+15
2.455357666015625000e+02 2.921377162067968000e+15
2.470238037109375000e+02 2.906766220197888000e+15
2.485119628906250000e+02 2.892126555734016000e+15
2.500000000000000000e+02 2.877461389901824000e+15
2.514881591796875000e+02 2.862763474944000000e+15
2.529761962890625000e+02 2.848042742972416000e+15
2.544643554687500000e+02 2.833296509632512000e+15
2.559523925781250000e+02 2.818527190843392000e+15
2.574405517578125000e+02 2.803729149460480000e+15
2.589285888671875000e+02 2.788914733514752000e+15
2.604167480468750000e+02 2.774077232119808000e+15
2.619047851562500000e+02 2.759216645275648000e+15
2.633929443359375000e+02 2.744336999514112000e+15
2.648809814453125000e+02 2.729443931979776000e+15
2.663691406250000000e+02 2.714528852738048000e+15
2.678571777343750000e+02 2.699602767642624000e+15
2.693453369140625000e+02 2.684656013017088000e+15
2.708333740234375000e+02 2.669698252537856000e+15
2.723215332031250000e+02 2.654723580624896000e+15
2.738095703125000000e+02 2.639738439729152000e+15
2.752976074218750000e+02 2.624743098286080000e+15
2.767857666015625000e+02 2.609738361602048000e+15
2.782738037109375000e+02 2.594719129403392000e+15
2.797619628906250000e+02 2.579696407543808000e+15
2.812500000000000000e+02 2.564661337653248000e+15
2.827381591796875000e+02 2.549626267762688000e+15
2.842261962890625000e+02 2.534579386712064000e+15
2.857143554687500000e+02 2.519529552871424000e+15
2.872023925781250000e+02 2.504478913724416000e+15
2.886905517578125000e+02 2.489417805594624000e+15
2.901785888671875000e+02 2.474364482093056000e+15
2.916667480468750000e+02 2.459303910834176000e+15
2.931547851562500000e+02 2.444242802704384000e+15
2.946429443359375000e+02 2.429186794848256000e+15
2.961309814453125000e+02 2.414127565766656000e+15
2.976191406250000000e+02 2.399075584442368000e+15
2.991071777343750000e+02 2.384026824343552000e+15
3.005953369140625000e+02 2.368977795809280000e+15
3.020833740234375000e+02 2.353941383741440000e+15
3.035715332031250000e+02 2.338907387592704000e+15
3.050595703125000000e+02 2.323881176072192000e+15
3.065476074218750000e+02 2.308859259518976000e+15
3.080357666015625000e+02 2.293851301609472000e+15
3.095238037109375000e+02 2.278847638667264000e+15
3.110119628906250000e+02 2.263857129062400000e+15
3.125000000000000000e+02 2.248880980754432000e+15
3.139881591796875000e+02 2.233913153945600000e+15
3.154761962890625000e+02 2.218959822651392000e+15
3.169643554687500000e+02 2.204022865920000000e+15
3.184523925781250000e+02 2.189097317695488000e+15
3.199405517578125000e+02 2.174191231041536000e+15
3.214285888671875000e+02 2.159300042555392000e+15
3.229167480468750000e+02 2.144424154890240000e+15
3.244047851562500000e+02 2.129568936755200000e+15
3.258929443359375000e+02 2.114732509102080000e+15
3.273809814453125000e+02 2.099916348325888000e+15
3.288691406250000000e+02 2.085119783337984000e+15
3.303571777343750000e+02 2.070346572234752000e+15
3.318453369140625000e+02 2.055594567532544000e+15
3.333333740234375000e+02 2.040866319368192000e+15
3.348215332031250000e+02 2.026160619782144000e+15
3.363095703125000000e+02 2.011482300612608000e+15
3.377976074218750000e+02 1.996828006416384000e+15
3.392857666015625000e+02 1.982201629507584000e+15
3.407738037109375000e+02 1.967600082878464000e+15
3.422619628906250000e+02 1.953027795714048000e+15
3.437500000000000000e+02 1.938484633796608000e+15
3.452381591796875000e+02 1.923973952569344000e+15
3.467261962890625000e+02 1.909491457064960000e+15
3.482143554687500000e+02 1.895040905379840000e+15
3.497023925781250000e+02 1.880621089554432000e+15
3.511905517578125000e+02 1.866234425507840000e+15
3.526785888671875000e+02 1.851880913240064000e+15
3.541667480468750000e+02 1.837563371323392000e+15
3.556547851562500000e+02 1.823281128669184000e+15
3.571429443359375000e+02 1.809034453712896000e+15
3.586309814453125000e+02 1.794824822849536000e+15
3.601191406250000000e+02 1.780654249345024000e+15
3.616071777343750000e+02 1.766518438232064000e+15
3.630953369140625000e+02 1.752425442574336000e+15
3.645833740234375000e+02 1.738370967404544000e+15
3.660715332031250000e+02 1.724355818029056000e+15
3.675595703125000000e+02 1.710385094721536000e+15
3.690476074218750000e+02 1.696453562990592000e+15
3.705357666015625000e+02 1.682566323109888000e+15
3.720238037109375000e+02 1.668723106643968000e+15
3.735119628906250000e+02 1.654923779375104000e+15
3.750000000000000000e+02 1.641167401779200000e+15
3.764881591796875000e+02 1.627459208347648000e+15
3.779761962890625000e+02 1.613796514725888000e+15
3.794643554687500000e+02 1.600181871050752000e+15
3.809523925781250000e+02 1.586613264056320000e+15
3.824405517578125000e+02 1.573095391363072000e+15
3.839285888671875000e+02 1.559626373922816000e+15
3.854167480468750000e+02 1.546207956566016000e+15
3.869047851562500000e+02 1.532839468204032000e+15
3.883929443359375000e+02 1.519523056320512000e+15
3.898809814453125000e+02 1.506256707649536000e+15
3.913691406250000000e+02 1.493045656682496000e+15
3.928571777343750000e+02 1.479888158588928000e+15
3.943453369140625000e+02 1.466781529014272000e+15
3.958333740234375000e+02 1.453734223675392000e+15
3.973215332031250000e+02 1.440738994814976000e+15
3.988095703125000000e+02 1.427800674271232000e+15
4.002977294921875000e+02 1.414919262044160000e+15
4.017857666015625000e+02 1.402095966093312000e+15
4.032738037109375000e+02 1.389326894104576000e+15
4.047619628906250000e+02 1.376619159617536000e+15
4.062500000000000000e+02 1.363970212495360000e+15
4.077381591796875000e+02 1.351380321173504000e+15
4.092261962890625000e+02 1.338852572659712000e+15
4.107143554687500000e+02 1.326380792938496000e+15
4.122023925781250000e+02 1.313973840379904000e+15
4.136905517578125000e+02 1.301625138315264000e+15
4.151785888671875000e+02 1.289343679332352000e+15
4.166667480468750000e+02 1.277122215673856000e+15
4.181547851562500000e+02 1.264964505436160000e+15
4.196429443359375000e+02 1.252870817054720000e+15
4.211309814453125000e+02 1.240839405699072000e+15
4.226191406250000000e+02 1.228875505860608000e+15
4.241071777343750000e+02 1.216973346177024000e+15
4.255953369140625000e+02 1.205139503316992000e+15
4.270833740234375000e+02 1.193370890272768000e+15
4.285715332031250000e+02 1.181669654528000000e+15
4.300595703125000000e+02 1.170034319687680000e+15
4.315477294921875000e+02 1.158467838541824000e+15
4.330357666015625000e+02 1.146966587211776000e+15
4.345238037109375000e+02 1.135535531753472000e+15
4.360119628906250000e+02 1.124173262880768000e+15
4.375000000000000000e+02 1.112877901545472000e+15
4.389881591796875000e+02 1.101652199211008000e+15
4.404761962890625000e+02 1.090496021659648000e+15
4.419643554687500000e+02 1.079409637326848000e+15
4.434523925781250000e+02 1.068391704035328000e+15
4.449405517578125000e+02 1.057445375901696000e+15
4.464285888671875000e+02 1.046569646292992000e+15
4.479167480468750000e+02 1.035764246773760000e+15
4.494047851562500000e+02 1.025029445779456000e+15
4.508929443359375000e+02 1.014366518378496000e+15
4.523809814453125000e+02 1.003773585522688000e+15
4.538691406250000000e+02 9.932528618045440000e+14
4.553571777343750000e+02 9.828046156595200000e+14
4.568453369140625000e+02 9.724266996039680000e+14
4.583333740234375000e+02 9.621228717342720000e+14
4.598215332031250000e+02 9.518891055185920000e+14
4.613095703125000000e+02 9.417292932710400000e+14
4.627977294921875000e+02 9.316417572700160000e+14
4.642857666015625000e+02 9.216262290800640000e+14
4.657738037109375000e+02 9.116840508784640000e+14
4.672619628906250000e+02 9.018160279715840000e+14
4.687500000000000000e+02 8.920192746782720000e+14
4.702381591796875000e+02 8.822947305226240000e+14
4.717261962890625000e+02 8.726439390085120000e+14
4.732143554687500000e+02 8.630659606118400000e+14
4.747023925781250000e+02 8.535599229173760000e+14
4.761905517578125000e+02 8.441278391910400000e+14
4.776785888671875000e+02 8.347690383441920000e+14
4.791667480468750000e+02 8.254810373488640000e+14
4.806547851562500000e+02 8.162671245393920000e+14
4.821429443359375000e+02 8.071258235207680000e+14
4.836309814453125000e+02 7.980557250068480000e+14
4.851191406250000000e+02 7.890599160053760000e+14
4.866071777343750000e+02 7.801361819238400000e+14
4.880953369140625000e+02 7.712847911976960000e+14
4.895833740234375000e+02 7.625046029762560000e+14
4.910715332031250000e+02 7.537971607633920000e+14
4.925595703125000000e+02 7.451615250350080000e+14
4.940477294921875000e+02 7.365985682063360000e+14
4.955357666015625000e+02 7.281065454469120000e+14
4.970238037109375000e+02 7.196861278453760000e+14
4.985119628906250000e+02 7.113363087687680000e+14
5.000000000000000000e+02 7.030599738982400000e+14
5.014881591796875000e+02 6.948542375526400000e+14
5.029761962890625000e+02 6.867188984053760000e+14
5.044643554687500000e+02 6.786534866944000000e+14
5.059523925781250000e+02 6.706592103792640000e+14
5.074405517578125000e+02 6.627351299358720000e+14
5.089285888671875000e+02 6.548814466908160000e+14
5.104167480468750000e+02 6.470970197934080000e+14
5.119047851562500000e+02 6.393813794816000000e+14
5.133929443359375000e+02 6.317360021504000000e+14
5.148809814453125000e+02 6.241586732072960000e+14
5.163691406250000000e+02 6.166513388093440000e+14
5.178571777343750000e+02 6.092113146019840000e+14
5.193453369140625000e+02 6.018404796334080000e+14
5.208333740234375000e+02 5.945374246174720000e+14
5.223215332031250000e+02 5.873010758123520000e+14
5.238095703125000000e+02 5.801331109396480000e+14
5.252977294921875000e+02 5.730322549309440000e+14
5.267857666015625000e+02 5.659976353710080000e+14
5.282738037109375000e+02 5.590297220218880000e+14
5.297619628906250000e+02 5.521288839823360000e+14
5.312500000000000000e+02 5.452935106396160000e+14
5.327381591796875000e+02 5.385237697658880000e+14
5.342261962890625000e+02 5.318201646776320000e+14
5.357143554687500000e+02 5.251816551874560000e+14
5.372023925781250000e+02 5.186091808194560000e+14
5.386905517578125000e+02 5.121002249912320000e+14
5.401785888671875000e+02 5.056565325332480000e+14
5.416667480468750000e+02 4.992770297036800000e+14
5.431547851562500000e+02 4.929608776417280000e+14
5.446429443359375000e+02 4.867081099018240000e+14
5.461309814453125000e+02 4.805189613649920000e+14
5.476191406250000000e+02 4.743924589527040000e+14
5.491071777343750000e+02 4.683286697738240000e+14
5.505953369140625000e+02 4.623274260561920000e+14
5.520833740234375000e+02 4.563882244833280000e+14
5.535715332031250000e+02 4.505107295109120000e+14
5.550595703125000000e+02 4.446954444554240000e+14
5.565477294921875000e+02 4.389406244864000000e+14
5.580357666015625000e+02 4.332474104545280000e+14
5.595239257812500000e+02 4.276144601825280000e+14
5.610119628906250000e+02 4.220425118679040000e+14
5.625000000000000000e+02 4.165304582144000000e+14
5.639881591796875000e+02 4.110782992220160000e+14
5.654761962890625000e+02 4.056861019996160000e+14
5.669643554687500000e+02 4.003539001016320000e+14
5.684523925781250000e+02 3.950794118266880000e+14
5.699405517578125000e+02 3.898644826685440000e+14
5.714285888671875000e+02 3.847083408752640000e+14
5.729167480468750000e+02 3.796109864468480000e+14
5.744047851562500000e+02 3.745720838389760000e+14
5.758929443359375000e+02 3.695902573199360000e+14
5.773809814453125000e+02 3.646655739985920000e+14
5.788691406250000000e+02 3.597987049635840000e+14
5.803571777343750000e+02 3.549888449085440000e+14
5.818453369140625000e+02 3.502350878638080000e+14
5.833333740234375000e+02 3.455376351559680000e+14
5.848215332031250000e+02 3.408961512407040000e+14
5.863095703125000000e+02 3.363104347914240000e+14
5.877977294921875000e+02 3.317796469473280000e+14
5.892857666015625000e+02 3.273045259059200000e+14
5.907739257812500000e+02 3.228833603911680000e+14
5.922619628906250000e+02 3.185169892638720000e+14
5.937500000000000000e+02 3.142047078809600000e+14
5.952381591796875000e+02 3.099460464803840000e+14
5.967261962890625000e+02 3.057406359633920000e+14
5.982143554687500000e+02 3.015871677071360000e+14
5.997023925781250000e+02 2.974878563041280000e+14
6.011905517578125000e+02 2.934401180631040000e+14
6.026785888671875000e+02 2.894439865384960000e+14
6.041667480468750000e+02 2.854994952847360000e+14
6.056547851562500000e+02 2.816053692334080000e+14
6.071429443359375000e+02 2.777629170073600000e+14
6.086309814453125000e+02 2.739706622115840000e+14
6.101191406250000000e+02 2.702281854156800000e+14
6.116071777343750000e+02 2.665349329715200000e+14
6.130953369140625000e+02 2.628906028892160000e+14
6.145833740234375000e+02 2.592946079662080000e+14
6.160715332031250000e+02 2.557463274455040000e+14
6.175595703125000000e+02 2.522453922283520000e+14
6.190477294921875000e+02 2.487914835476480000e+14
6.205357666015625000e+02 2.453840645324800000e+14
6.220239257812500000e+02 2.420225312030720000e+14
6.235119628906250000e+02 2.387064305745920000e+14
6.250000000000000000e+02 2.354350747811840000e+14
6.264881591796875000e+02 2.322084302684160000e+14
6.279761962890625000e+02 2.290253729628160000e+14
6.294643554687500000e+02 2.258856344289280000e+14
6.309523925781250000e+02 2.227885771325440000e+14
6.324405517578125000e+02 2.197341171875840000e+14
6.339285888671875000e+02 2.167212311838720000e+14
6.354167480468750000e+02 2.137495164682240000e+14
6.369047851562500000e+02 2.108182012887040000e+14
6.383929443359375000e+02 2.079272017592320000e+14
6.398809814453125000e+02 2.050755280240640000e+14
6.413691406250000000e+02 2.022628780933120000e+14
6.428571777343750000e+02 1.994887822049280000e+14
6.443453369140625000e+02 1.967530054778880000e+14
6.458333740234375000e+02 1.940547090513920000e+14
6.473215332031250000e+02 1.913928527380480000e+14
6.488095703125000000e+02 1.887669667758080000e+14
6.502977294921875000e+02 1.861769169469440000e+14
6.517857666015625000e+02 1.836222838210560000e+14
6.532739257812500000e+02 1.811020775424000000e+14
6.547619628906250000e+02 1.786160128983040000e+14
6.562500000000000000e+02 1.761638382305280000e+14
6.577381591796875000e+02 1.737444797972480000e+14
6.592261962890625000e+02 1.713575852769280000e+14
6.607143554687500000e+02 1.690031378923520000e+14
6.622023925781250000e+02 1.666802316738560000e+14
6.636905517578125000e+02 1.643885814087680000e+14
6.651785888671875000e+02 1.621274992312320000e+14
6.666667480468750000e+02 1.598969348096000000e+14
6.681547851562500000e+02 1.576957640704000000e+14
6.696429443359375000e+02 1.555243896668160000e+14
6.711309814453125000e+02 1.533823418368000000e+14
6.726191406250000000e+02 1.512690166005760000e+14
6.741071777343750000e+02 1.491838603100160000e+14
6.755953369140625000e+02 1.471265038663680000e+14
6.770833740234375000e+02 1.450965278392320000e+14
6.785715332031250000e+02 1.430944690995200000e+14
6.800595703125000000e+02 1.411194887864320000e+14
6.815477294921875000e+02 1.391710584176640000e+14
6.830357666015625000e+02 1.372491192729600000e+14
6.845239257812500000e+02 1.353530002636800000e+14
6.860119628906250000e+02 1.334825336176640000e+14
6.875000000000000000e+02 1.316376857804800000e+14
6.889881591796875000e+02 1.298179953786880000e+14
6.904761962890625000e+02 1.280235043553280000e+14
6.919643554687500000e+02 1.262537261711360000e+14
6.934523925781250000e+02 1.245084762767360000e+14
6.949405517578125000e+02 1.227872597442560000e+14
6.964285888671875000e+02 1.210899255787520000e+14
6.979167480468750000e+02 1.194163563397120000e+14
6.994047851562500000e+02 1.177665604157440000e+14
7.008929443359375000e+02 1.161403113144320000e+14
7.023809814453125000e+02 1.145371812167680000e+14
7.038691406250000000e+02 1.129573043404800000e+14
7.053571777343750000e+02 1.113999257108480000e+14
7.068453369140625000e+02 1.098649530531840000e+14
7.083333740234375000e+02 1.083526464143360000e+14
7.098215332031250000e+02 1.068625528094720000e+14
7.113095703125000000e+02 1.053945799639040000e+14
7.127977294921875000e+02 1.039484007219200000e+14
7.142857666015625000e+02 1.025241660784640000e+14
7.157739257812500000e+02 1.011212972195840000e+14
7.172619628906250000e+02 9.973939988070400000e+13
7.187500000000000000e+02 9.837895221248000000e+13
7.202381591796875000e+02 9.703917407436800000e+13
7.217261962890625000e+02 9.571976347648000000e+13
7.232143554687500000e+02 9.442087980236800000e+13
7.247023925781250000e+02 9.314187712921600000e+13
7.261905517578125000e+02 9.188272190259200000e+13
7.276785888671875000e+02 9.064326312755200000e+13
7.291667480468750000e+02 8.942321559142400000e+13
7.306547851562500000e+02 8.822215147520000000e+13
7.321429443359375000e+02 8.703991978393600000e+13
7.336309814453125000e+02 8.587626885939200000e+13
7.351191406250000000e+02 8.473084638003200000e+13
7.366071777343750000e+02 8.360340068761600000e+13
7.380953369140625000e+02 8.249382273024000000e+13
7.395833740234375000e+02 8.140160080281600000e+13
7.410715332031250000e+02 8.032647485849600000e+13
7.425595703125000000e+02 7.926818485043200000e+13
7.440477294921875000e+02 7.822641201152000000e+13
7.455357666015625000e+02 7.720089629491200000e+13
7.470239257812500000e+02 7.619134409932800000e+13
7.485119628906250000e+02 7.519724371968000000e+13
7.500000000000000000e+02 7.421891392307200000e+13
7.514881591796875000e+02 7.325541518540800000e+13
7.529761962890625000e+02 7.230671395225600000e+13
7.544643554687500000e+02 7.137227335270400000e+13
7.559523925781250000e+02 7.045212694118400000e+13
7.574405517578125000e+02 6.954555329740800000e+13
7.589285888671875000e+02 6.865256080998400000e+13
7.604167480468750000e+02 6.777268391116800000e+13
7.619047851562500000e+02 6.690569610854400000e+13
7.633929443359375000e+02 6.605147996160000000e+13
7.648809814453125000e+02 6.520964540006400000e+13
7.663691406250000000e+02 6.437986946252800000e+13
7.678571777343750000e+02 6.356176207872000000e+13
7.693453369140625000e+02 6.275523516825600000e+13
7.708333740234375000e+02 6.195996157542400000e+13
7.723215332031250000e+02 6.117593291161600000e+13
7.738095703125000000e+02 6.040280524390400000e+13
7.752977294921875000e+02 5.964047790899200000e+13
7.767857666015625000e+02 5.888856922521600000e+13
7.782739257812500000e+02 5.814664298496000000e+13
7.797619628906250000e+02 5.741481662873600000e+13
7.812501220703125000e+02 5.669293077299200000e+13
7.827381591796875000e+02 5.598080925696000000e+13
7.842261962890625000e+02 5.527836400025600000e+13
7.857143554687500000e+02 5.458558241996800000e+13
7.872023925781250000e+02 5.390213736038400000e+13
7.886905517578125000e+02 5.322765552844800000e+13
7.901785888671875000e+02 5.256226694758400000e+13
7.916667480468750000e+02 5.190579965132800000e+13
7.931547851562500000e+02 5.125837946880000000e+13
7.946429443359375000e+02 5.061979668480000000e+13
7.961309814453125000e+02 4.999000516198400000e+13
7.976191406250000000e+02 4.936896295731200000e+13
7.991071777343750000e+02 4.875637227520000000e+13
8.005952148437500000e+02 4.815219956121600000e+13
8.020834960937500000e+02 4.755660839321600000e+13
8.035715332031250000e+02 4.696941002752000000e+13
8.050595703125000000e+02 4.639069254451200000e+13
8.065476074218750000e+02 4.582033430937600000e+13
8.080358886718750000e+02 4.525842340249600000e+13
8.095239257812500000e+02 4.470484657766400000e+13
8.110119628906250000e+02 4.415939411968000000e+13
8.125000000000000000e+02 4.362215410892800000e+13
8.139880371093750000e+02 4.309318107136000000e+13
8.154763183593750000e+02 4.257234917785600000e+13
8.169643554687500000e+02 4.205970456576000000e+13
8.184523925781250000e+02 4.155538984140800000e+13
8.199404296875000000e+02 4.105916592947200000e+13
8.214287109375000000e+02 4.057100346982400000e+13
8.229167480468750000e+02 4.009083535360000000e+13
8.244047851562500000e+02 3.961857769472000000e+13
8.258928222656250000e+02 3.915413402419200000e+13
8.273811035156250000e+02 3.869753789644800000e+13
8.288691406250000000e+02 3.824889836339200000e+13
8.303571777343750000e+02 3.780774566297600000e+13
8.318452148437500000e+02 3.737416787558400000e+13
8.333334960937500000e+02 3.694805594931200000e+13
8.348215332031250000e+02 3.652925888921600000e+13
8.363095703125000000e+02 3.611755859148800000e+13
8.377976074218750000e+02 3.571326962892800000e+13
8.392858886718750000e+02 3.531603968000000000e+13
8.407739257812500000e+02 3.492576598425600000e+13
8.422619628906250000e+02 3.454226818662400000e+13
8.437500000000000000e+02 3.416530301747200000e+13
8.452382812500000000e+02 3.379478868787200000e+13
8.467263183593750000e+02 3.343054903705600000e+13
8.482143554687500000e+02 3.307271199129600000e+13
8.497023925781250000e+02 3.272088957747200000e+13
8.511904296875000000e+02 3.237489724620800000e+13
8.526787109375000000e+02 3.203448753356800000e+13
8.541667480468750000e+02 3.169954090188800000e+13
8.556547851562500000e+02 3.136987070464000000e+13
8.571428222656250000e+02 3.104540773580800000e+13
8.586311035156250000e+02 3.072595696025600000e+13
8.601191406250000000e+02 3.041127091404800000e+13
8.616071777343750000e+02 3.010114407628800000e+13
8.630952148437500000e+02 2.979532478873600000e+13
8.645834960937500000e+02 2.949372916531200000e+13
8.660715332031250000e+02 2.919608667340800000e+13
8.675595703125000000e+02 2.890236585574400000e+13
8.690476074218750000e+02 2.861225843097600000e+13
8.705358886718750000e+02 2.832565325004800000e+13
8.720239257812500000e+02 2.804241609523200000e+13
8.735119628906250000e+02 2.776218835353600000e+13
8.750000000000000000e+02 2.748492388761600000e+13
8.764882812500000000e+02 2.721062269747200000e+13
8.779763183593750000e+02 2.693897021030400000e+13
8.794643554687500000e+02 2.666993706598400000e+13
8.809523925781250000e+02 2.640343308697600000e+13
8.824404296875000000e+02 2.613939745587200000e+13
8.839287109375000000e+02 2.587740445081600000e+13
8.854167480468750000e+02 2.561767217561600000e+13
8.869047851562500000e+02 2.536006850969600000e+13
8.883928222656250000e+02 2.510439632076800000e+13
8.898811035156250000e+02 2.485063883161600000e+13
8.913691406250000000e+02 2.459883169382400000e+13
8.928571777343750000e+02 2.434894554726400000e+13
8.943452148437500000e+02 2.410070985932800000e+13
8.958334960937500000e+02 2.385418544742400000e+13
8.973215332031250000e+02 2.360947507200000000e+13
8.988095703125000000e+02 2.336638579507200000e+13
9.002976074218750000e+02 2.312502037708800000e+13
9.017858886718750000e+02 2.288544382976000000e+13
9.032739257812500000e+02 2.264757436416000000e+13
9.047619628906250000e+02 2.241140988313600000e+13
9.062500000000000000e+02 2.217693360947200000e+13
9.077382812500000000e+02 2.194424410931200000e+13
9.092263183593750000e+02 2.171333089689600000e+13
9.107143554687500000e+02 2.148427366400000000e+13
9.122023925781250000e+02 2.125714161664000000e+13
9.136904296875000000e+02 2.103203961241600000e+13
9.151787109375000000e+02 2.080895087411200000e+13
9.166667480468750000e+02 2.058789637324800000e+13
9.181547851562500000e+02 2.036905017344000000e+13
9.196428222656250000e+02 2.015235774873600000e+13
9.211311035156250000e+02 1.993792815104000000e+13
9.226191406250000000e+02 1.972583478067200000e+13
9.241071777343750000e+02 1.951610909491200000e+13
9.255952148437500000e+02 1.930893144883200000e+13
9.270834960937500000e+02 1.910429974528000000e+13
9.285715332031250000e+02 1.890221188710400000e+13
9.300595703125000000e+02 1.870266368000000000e+13
9.315476074218750000e+02 1.850572432998400000e+13
9.330358886718750000e+02 1.831140222566400000e+13
9.345239257812500000e+02 1.811980012748800000e+13
9.360119628906250000e+02 1.793112984780800000e+13
9.375000000000000000e+02 1.774524039168000000e+13
9.389882812500000000e+02 1.756217684787200000e+13
9.404763183593750000e+02 1.738185847603200000e+13
9.419643554687500000e+02 1.720432302489600000e+13
9.434523925781250000e+02 1.702956630016000000e+13
9.449404296875000000e+02 1.685760298188800000e+13
9.464287109375000000e+02 1.668866061107200000e+13
9.479167480468750000e+02 1.652255568691200000e+13
9.494047851562500000e+02 1.635922424627200000e+13
9.508928222656250000e+02 1.619860442316800000e+13
9.523811035156250000e+02 1.604066790604800000e+13
9.538691406250000000e+02 1.588537380044800000e+13
9.553571777343750000e+02 1.573268016332800000e+13
9.568452148437500000e+02 1.558271596953600000e+13
9.583334960937500000e+02 1.543534070988800000e+13
9.598215332031250000e+02 1.529043379814400000e+13
9.613095703125000000e+02 1.514797531136000000e+13
9.627976074218750000e+02 1.500783942041600000e+13
9.642858886718750000e+02 1.487000515379200000e+13
9.657739257812500000e+02 1.473438023680000000e+13
9.672619628906250000e+02 1.460096676659200000e+13
9.687500000000000000e+02 1.446966722560000000e+13
9.702382812500000000e+02 1.434036102758400000e+13
9.717263183593750000e+02 1.421296848076800000e+13
9.732143554687500000e+02 1.408745917644800000e+13
9.747023925781250000e+02 1.396371357696000000e+13
9.761904296875000000e+02 1.384167401062400000e+13
9.776787109375000000e+02 1.372116326809600000e+13
9.791667480468750000e+02 1.360216666931200000e+13
9.806547851562500000e+02 1.348466429132800000e+13
9.821428222656250000e+02 1.336857119948800000e+13
9.836311035156250000e+02 1.325381923635200000e+13
9.851191406250000000e+02 1.314030878720000000e+13
9.866071777343750000e+02 1.302800524902400000e+13
9.880952148437500000e+02 1.291669471232000000e+13
9.895834960937500000e+02 1.280637403136000000e+13
9.910715332031250000e+02 1.269706103193600000e+13
9.925595703125000000e+02 1.258870118809600000e+13
9.940476074218750000e+02 1.248133854003200000e+13
9.955358886718750000e+02 1.237481580134400000e+13
9.970239257812500000e+02 1.226915394355200000e+13
9.985119628906250000e+02 1.216412332851200000e+13
1.000000000000000000e+03 1.205977219072000000e+13
1.001488281250000000e+03 1.195616344473600000e+13
1.002976318359375000e+03 1.185332015923200000e+13
1.004464355468750000e+03 1.175120773120000000e+13
1.005952392578125000e+03 1.164983979212800000e+13
1.007440429687500000e+03 1.154918698188800000e+13
1.008928710937500000e+03 1.144910040268800000e+13
1.010416748046875000e+03 1.134967442636800000e+13
1.011904785156250000e+03 1.125094260736000000e+13
1.013392822265625000e+03 1.115300665753600000e+13
1.014881103515625000e+03 1.105582358528000000e+13
1.016369140625000000e+03 1.095940597350400000e+13
1.017857177734375000e+03 1.086382407680000000e+13
1.019345214843750000e+03 1.076906845798400000e+13
1.020833496093750000e+03 1.067515694284800000e+13
1.022321533203125000e+03 1.058213566873600000e+13
1.023809570312500000e+03 1.049001512140800000e+13
1.025297607421875000e+03 1.039879949516800000e+13
1.026785888671875000e+03 1.030859784192000000e+13
1.028273925781250000e+03 1.021937555865600000e+13
1.029761962890625000e+03 1.013120185139200000e+13
1.031250000000000000e+03 1.004415536332800000e+13
1.032738281250000000e+03 9.958156402688000000e+12
1.034226318359375000e+03 9.873257398272000000e+12
1.035714355468750000e+03 9.789484564480000000e+12
1.037202392578125000e+03 9.706828464128000000e+12
1.038690429687500000e+03 9.625364594688000000e+12
1.040178710937500000e+03 9.545205153792000000e+12
1.041666748046875000e+03 9.466324975616000000e+12
1.043154785156250000e+03 9.388610813952000000e+12
1.044642822265625000e+03 9.312072105984000000e+12
1.046131103515625000e+03 9.236694171648000000e+12
1.047619140625000000e+03 9.162451845120000000e+12
1.049107177734375000e+03 9.089399652352000000e+12
1.050595214843750000e+03 9.017521864704000000e+12
1.052083496093750000e+03 8.946864619520000000e+12
1.053571533203125000e+03 8.877287407616000000e+12
1.055059570312500000e+03 8.808786034688000000e+12
1.056547607421875000e+03 8.741345820672000000e+12
1.058035888671875000e+03 8.674944745472000000e+12
1.059523925781250000e+03 8.609558691840000000e+12
1.061011962890625000e+03 8.545180844032000000e+12
1.062500000000000000e+03 8.481787609088000000e+12
1.063988281250000000e+03 8.419322888192000000e+12
1.065476318359375000e+03 8.357729009664000000e+12
1.066964355468750000e+03 8.296985526272000000e+12
1.068452392578125000e+03 8.237123895296000000e+12
1.069940429687500000e+03 8.178111610880000000e+12
1.071428710937500000e+03 8.119760977920000000e+12
1.072916748046875000e+03 8.061958750208000000e+12
1.074404785156250000e+03 8.004833902592000000e+12
1.075892822265625000e+03 7.948347113472000000e+12
1.077381103515625000e+03 7.892488421376000000e+12
1.078869140625000000e+03 7.837267263488000000e+12
1.080357177734375000e+03 7.782671056896000000e+12
1.081845214843750000e+03 7.728474882048000000e+12
1.083333496093750000e+03 7.674605862912000000e+12
1.084821533203125000e+03 7.621230723072000000e+12
1.086309570312500000e+03 7.568357326848000000e+12
1.087797607421875000e+03 7.515996160000000000e+12
1.089285888671875000e+03 7.464192311296000000e+12
1.090773925781250000e+03 7.412893876224000000e+12
1.092261962890625000e+03 7.361964015616000000e+12
1.093750000000000000e+03 7.311317270528000000e+12
1.095238281250000000e+03 7.261125607424000000e+12
1.096726318359375000e+03 7.211375394816000000e+12
1.098214355468750000e+03 7.162107527168000000e+12
1.099702392578125000e+03 7.113346121728000000e+12
1.101190429687500000e+03 7.065070206976000000e+12
1.102678710937500000e+03 7.017262481408000000e+12
1.104166748046875000e+03 6.969935527936000000e+12
1.105654785156250000e+03 6.923052646400000000e+12
1.107142822265625000e+03 6.876601253888000000e+12
1.108631103515625000e+03 6.830531543040000000e+12
1.110119140625000000e+03 6.784820445184000000e+12
1.111607177734375000e+03 6.739550273536000000e+12
1.113095214843750000e+03 6.694778699776000000e+12
1.114583496093750000e+03 6.650570211328000000e+12
1.116071533203125000e+03 6.606758084608000000e+12
1.117559570312500000e+03 6.563307192320000000e+12
1.119047607421875000e+03 6.520128405504000000e+12
1.120535888671875000e+03 6.477206519808000000e+12
1.122023925781250000e+03 6.434632761344000000e+12
1.123511962890625000e+03 6.392483676160000000e+12
1.125000000000000000e+03 6.350892957696000000e+12
1.126488281250000000e+03 6.309578539008000000e+12
1.127976318359375000e+03 6.268449193984000000e+12
1.129464355468750000e+03 6.227371229184000000e+12
1.130952392578125000e+03 6.186419617792000000e+12
1.132440429687500000e+03 6.145643642880000000e+12
1.133928710937500000e+03 6.105115131904000000e+12
1.135416748046875000e+03 6.064882843648000000e+12
1.136904785156250000e+03 6.024796831744000000e+12
1.138392822265625000e+03 5.984766918656000000e+12
1.139881103515625000e+03 5.944657313792000000e+12
1.141369140625000000e+03 5.904606953472000000e+12
1.142857177734375000e+03 5.864626323456000000e+12
1.144345214843750000e+03 5.824735346688000000e+12
1.145833496093750000e+03 5.784926683136000000e+12
1.147321533203125000e+03 5.745201905664000000e+12
1.148809570312500000e+03 5.705543712768000000e+12
1.150297607421875000e+03 5.665921695744000000e+12
1.151785888671875000e+03 5.626403487744000000e+12
1.153273925781250000e+03 5.586965495808000000e+12
1.154761962890625000e+03 5.547605622784000000e+12
1.156250000000000000e+03 5.508220583936000000e+12
1.157738281250000000e+03 5.469007511552000000e+12
1.159226318359375000e+03 5.430039281664000000e+12
1.160714355468750000e+03 5.391326904320000000e+12
1.162202392578125000e+03 5.352823717888000000e+12
1.163690429687500000e+03 5.314555936768000000e+12
1.165178710937500000e+03 5.276495773696000000e+12
1.166666748046875000e+03 5.238567206912000000e+12
1.168154785156250000e+03 5.200983097344000000e+12
1.169642822265625000e+03 5.163910692864000000e+12
1.171131103515625000e+03 5.127248281600000000e+12
1.172619140625000000e+03 5.090957590528000000e+12
1.174107177734375000e+03 5.055053299712000000e+12
1.175595214843750000e+03 5.019526496256000000e+12
1.177083496093750000e+03 4.984328945664000000e+12
1.178571533203125000e+03 4.949621080064000000e+12
1.180059570312500000e+03 4.915565428736000000e+12
1.181547607421875000e+03 4.881943887872000000e+12
1.183035888671875000e+03 4.848749117440000000e+12
1.184523925781250000e+03 4.816002613248000000e+12
1.186011962890625000e+03 4.783671345152000000e+12
1.187500000000000000e+03 4.751746924544000000e+12
1.188988281250000000e+03 4.720302751744000000e+12
1.190476318359375000e+03 4.689341972480000000e+12
1.191964355468750000e+03 4.658770739200000000e+12
1.193452392578125000e+03 4.628584857600000000e+12
1.194940429687500000e+03 4.598758637568000000e+12
1.196428710937500000e+03 4.569264291840000000e+12
1.197916748046875000e+03 4.540116500480000000e+12
1.199404785156250000e+03 4.511262834688000000e+12
1.200892822265625000e+03 4.482654011392000000e+12
1.202381103515625000e+03 4.454330925056000000e+12
1.203869140625000000e+03 4.426242719744000000e+12
1.205357177734375000e+03 4.398372618240000000e+12
1.206845214843750000e+03 4.370723766272000000e+12
1.208333496093750000e+03 4.343302717440000000e+12
1.209821533203125000e+03 4.315947466752000000e+12
1.211309570312500000e+03 4.288741376000000000e+12
1.212797607421875000e+03 4.261679726592000000e+12
1.214285888671875000e+03 4.234749935616000000e+12
1.215773925781250000e+03 4.207944925184000000e+12
1.217261962890625000e+03 4.181262598144000000e+12
1.218750000000000000e+03 4.154689060864000000e+12
1.220238281250000000e+03 4.128073580544000000e+12
1.221726318359375000e+03 4.101566889984000000e+12
1.223214355468750000e+03 4.075194679296000000e+12
1.224702392578125000e+03 4.048945414144000000e+12
1.226190429687500000e+03 4.022837444608000000e+12
1.227678710937500000e+03 3.996885975040000000e+12
1.229166748046875000e+03 3.971138191360000000e+12
1.230654785156250000e+03 3.945502081024000000e+12
1.232142822265625000e+03 3.920046850048000000e+12
1.233631103515625000e+03 3.894773284864000000e+12
1.235119140625000000e+03 3.869710745600000000e+12
1.236607177734375000e+03 3.844861853696000000e+12
1.238095214843750000e+03 3.820237881344000000e+12
1.239583496093750000e+03 3.795945783296000000e+12
1.241071533203125000e+03 3.772272082944000000e+12
1.242559570312500000e+03 3.748890411008000000e+12
1.244047607421875000e+03 3.725540458496000000e+12
1.245535888671875000e+03 3.701983674368000000e+12
1.247023925781250000e+03 3.678272225280000000e+12
1.248511962890625000e+03 3.655242350592000000e+12
