-1.000000000000000000e+03 1.024724775731200000e+13
-9.985119018554687500e+02 1.031119411609600000e+13
-9.970238037109375000e+02 1.037695241420800000e+13
-9.955357055664062500e+02 1.044202284646400000e+13
-9.940476074218750000e+02 1.050619045478400000e+13
-9.925595092773437500e+02 1.056979602636800000e+13
-9.910714111328125000e+02 1.063329778892800000e+13
-9.895833129882812500e+02 1.069709944422400000e+13
-9.880952148437500000e+02 1.076202307584000000e+13
-9.866071166992187500e+02 1.082867056640000000e+13
-9.851190185546875000e+02 1.089604996300800000e+13
-9.836309814453125000e+02 1.096394945331200000e+13
-9.821428833007812500e+02 1.103233024000000000e+13
-9.806547851562500000e+02 1.110119232307200000e+13
-9.791666870117187500e+02 1.117048432230400000e+13
-9.776785888671875000e+02 1.124024922931200000e+13
-9.761904907226562500e+02 1.131044195532800000e+13
-9.747023925781250000e+02 1.138103838310400000e+13
-9.732142944335937500e+02 1.145203326976000000e+13
-9.717261962890625000e+02 1.152336474931200000e+13
-9.702380981445312500e+02 1.159509154201600000e+13
-9.687500000000000000e+02 1.166717065625600000e+13
-9.672619018554687500e+02 1.173959580057600000e+13
-9.657738037109375000e+02 1.181238584934400000e+13
-9.642857055664062500e+02 1.188553031680000000e+13
-9.627976074218750000e+02 1.195898725990400000e+13
-9.613095092773437500e+02 1.203278813593600000e+13
-9.598214111328125000e+02 1.210671064678400000e+13
-9.583333129882812500e+02 1.218086279577600000e+13
-9.568452148437500000e+02 1.225534524620800000e+13
-9.553571166992187500e+02 1.233015380377600000e+13
-9.538690185546875000e+02 1.240532202291200000e+13
-9.523809814453125000e+02 1.248083312640000000e+13
-9.508928833007812500e+02 1.255670389145600000e+13
-9.494047851562500000e+02 1.263296682393600000e+13
-9.479166870117187500e+02 1.270958836940800000e+13
-9.464285888671875000e+02 1.278637663846400000e+13
-9.449404907226562500e+02 1.286353400627200000e+13
-9.434523925781250000e+02 1.294114331033600000e+13
-9.419642944335937500e+02 1.301925383372800000e+13
-9.404761962890625000e+02 1.309788759654400000e+13
-9.389880981445312500e+02 1.317706242457600000e+13
-9.375000000000000000e+02 1.325683389235200000e+13
-9.360119018554687500e+02 1.333722087424000000e+13
-9.345238037109375000e+02 1.341825377894400000e+13
-9.330357055664062500e+02 1.349981097164800000e+13
-9.315476074218750000e+02 1.358213152768000000e+13
-9.300595092773437500e+02 1.366520076697600000e+13
-9.285714111328125000e+02 1.374909942988800000e+13
-9.270833129882812500e+02 1.383385058508800000e+13
-9.255952148437500000e+02 1.391951190425600000e+13
-9.241071166992187500e+02 1.400610540748800000e+13
-9.226190185546875000e+02 1.409370554368000000e+13
-9.211309814453125000e+02 1.418241926758400000e+13
-9.196428222656250000e+02 1.427235353395200000e+13
-9.181547851562500000e+02 1.436339509657600000e+13
-9.166666870117187500e+02 1.445555548979200000e+13
-9.151785888671875000e+02 1.454886302515200000e+13
-9.136904907226562500e+02 1.464335545139200000e+13
-9.122023925781250000e+02 1.473904954572800000e+13
-9.107142944335937500e+02 1.483596627968000000e+13
-9.092261962890625000e+02 1.493412347904000000e+13
-9.077380981445312500e+02 1.503378433638400000e+13
-9.062500000000000000e+02 1.513490586009600000e+13
-9.047619018554687500e+02 1.523731084083200000e+13
-9.032738037109375000e+02 1.534098250137600000e+13
-9.017857055664062500e+02 1.544592713318400000e+13
-9.002976074218750000e+02 1.555214788198400000e+13
-8.988095092773437500e+02 1.565964055347200000e+13
-8.973214111328125000e+02 1.576839046758400000e+13
-8.958333129882812500e+02 1.587841125580800000e+13
-8.943452148437500000e+02 1.598993779916800000e+13
-8.928571166992187500e+02 1.610280547123200000e+13
-8.913690185546875000e+02 1.621684545126400000e+13
-8.898809814453125000e+02 1.633206193356800000e+13
-8.883928222656250000e+02 1.644839934361600000e+13
-8.869047851562500000e+02 1.656586082713600000e+13
-8.854166870117187500e+02 1.668439814963200000e+13
-8.839285888671875000e+02 1.680393371648000000e+13
-8.824404907226562500e+02 1.692449793638400000e+13
-8.809523925781250000e+02 1.704605935206400000e+13
-8.794642944335937500e+02 1.716855190323200000e+13
-8.779761962890625000e+02 1.729194518118400000e+13
-8.764880981445312500e+02 1.741622240870400000e+13
-8.750000000000000000e+02 1.754135107993600000e+13
-8.735119018554687500e+02 1.766722424012800000e+13
-8.720238037109375000e+02 1.779394674688000000e+13
-8.705357055664062500e+02 1.792135292518400000e+13
-8.690476074218750000e+02 1.804943648358400000e+13
-8.675595092773437500e+02 1.817787446067200000e+13
-8.660714111328125000e+02 1.830699191500800000e+13
-8.645833129882812500e+02 1.843677836083200000e+13
-8.630952148437500000e+02 1.856724847820800000e+13
-8.616071166992187500e+02 1.869837919846400000e+13
-8.601190185546875000e+02 1.883016423014400000e+13
-8.586309814453125000e+02 1.896258469888000000e+13
-8.571428222656250000e+02 1.909570771353600000e+13
-8.556547851562500000e+02 1.922926693580800000e+13
-8.541666259765625000e+02 1.936331689164800000e+13
-8.526785888671875000e+02 1.949802115891200000e+13
-8.511904907226562500e+02 1.963342587494400000e+13
-8.497023925781250000e+02 1.976954571980800000e+13
-8.482142944335937500e+02 1.990644151091200000e+13
-8.467261962890625000e+02 2.004410695680000000e+13
-8.452380981445312500e+02 2.018258400051200000e+13
-8.437500000000000000e+02 2.032189571072000000e+13
-8.422619018554687500e+02 2.046177994342400000e+13
-8.407738037109375000e+02 2.060245480243200000e+13
-8.392857055664062500e+02 2.074408805990400000e+13
-8.377976074218750000e+02 2.088675101900800000e+13
-8.363095092773437500e+02 2.103043109683200000e+13
-8.348214111328125000e+02 2.117523944243200000e+13
-8.333333129882812500e+02 2.132121170739200000e+13
-8.318452148437500000e+02 2.146841709772800000e+13
-8.303571166992187500e+02 2.161689755648000000e+13
-8.288690185546875000e+02 2.176663420928000000e+13
-8.273809814453125000e+02 2.191773610803200000e+13
-8.258928222656250000e+02 2.207031440179200000e+13
-8.244047851562500000e+02 2.222437957632000000e+13
-8.229166259765625000e+02 2.238004487782400000e+13
-8.214285888671875000e+02 2.253735644364800000e+13
-8.199404907226562500e+02 2.269631637094400000e+13
-8.184523925781250000e+02 2.285706516889600000e+13
-8.169642944335937500e+02 2.301962590617600000e+13
-8.154761962890625000e+02 2.318418313216000000e+13
-8.139880981445312500e+02 2.335071587532800000e+13
-8.125000000000000000e+02 2.351915912396800000e+13
-8.110119018554687500e+02 2.368971420467200000e+13
-8.095238037109375000e+02 2.386223851110400000e+13
-8.080357055664062500e+02 2.403693336985600000e+13
-8.065476074218750000e+02 2.421380297523200000e+13
-8.050595092773437500e+02 2.439286410444800000e+13
-8.035714111328125000e+02 2.457434744422400000e+13
-8.020833129882812500e+02 2.475842705817600000e+13
-8.005952148437500000e+02 2.494479256780800000e+13
-7.991071166992187500e+02 2.513351108198400000e+13
-7.976190185546875000e+02 2.532460357222400000e+13
-7.961309814453125000e+02 2.551807632998400000e+13
-7.946428222656250000e+02 2.571395452108800000e+13
-7.931547851562500000e+02 2.591226960281600000e+13
-7.916666259765625000e+02 2.611299011788800000e+13
-7.901785888671875000e+02 2.631631949004800000e+13
-7.886904907226562500e+02 2.652214657024000000e+13
-7.872023925781250000e+02 2.673046716416000000e+13
-7.857142944335937500e+02 2.694128127180800000e+13
-7.842261962890625000e+02 2.715455743590400000e+13
-7.827380981445312500e+02 2.737028936499200000e+13
-7.812500000000000000e+02 2.758852739072000000e+13
-7.797619018554687500e+02 2.780922327859200000e+13
-7.782738037109375000e+02 2.803243784601600000e+13
-7.767857055664062500e+02 2.825813334425600000e+13
-7.752976074218750000e+02 2.848634332774400000e+13
-7.738095092773437500e+02 2.871702585344000000e+13
-7.723214111328125000e+02 2.895020399001600000e+13
-7.708333129882812500e+02 2.918588822323200000e+13
-7.693452148437500000e+02 2.942406597017600000e+13
-7.678571166992187500e+02 2.966468689920000000e+13
-7.663690185546875000e+02 2.990783909068800000e+13
-7.648809814453125000e+02 3.015344704716800000e+13
-7.633928222656250000e+02 3.040149608857600000e+13
-7.619047851562500000e+02 3.065200508928000000e+13
-7.604166259765625000e+02 3.090504325529600000e+13
-7.589285888671875000e+02 3.116058332364800000e+13
-7.574404907226562500e+02 3.141860012851200000e+13
-7.559523925781250000e+02 3.167920272179200000e+13
-7.544642944335937500e+02 3.194234286899200000e+13
-7.529761962890625000e+02 3.220798491852800000e+13
-7.514880981445312500e+02 3.247610999603200000e+13
-7.500000000000000000e+02 3.274660066099200000e+13
-7.485119018554687500e+02 3.301963307417600000e+13
-7.470238037109375000e+02 3.329536871628800000e+13
-7.455357055664062500e+02 3.357372579840000000e+13
-7.440476074218750000e+02 3.385478401228800000e+13
-7.425595092773437500e+02 3.413852867788800000e+13
-7.410714111328125000e+02 3.442505626419200000e+13
-7.395833129882812500e+02 3.471435418828800000e+13
-7.380952148437500000e+02 3.500638260428800000e+13
-7.366071777343750000e+02 3.530126314700800000e+13
-7.351190185546875000e+02 3.559892870758400000e+13
-7.336309814453125000e+02 3.589959738982400000e+13
-7.321428222656250000e+02 3.620327338803200000e+13
-7.306547851562500000e+02 3.650996509081600000e+13
-7.291666259765625000e+02 3.681969346969600000e+13
-7.276785888671875000e+02 3.713252982784000000e+13
-7.261904296875000000e+02 3.744848674816000000e+13
-7.247023925781250000e+02 3.776758939648000000e+13
-7.232142333984375000e+02 3.808988391014400000e+13
-7.217261962890625000e+02 3.841544998092800000e+13
-7.202380981445312500e+02 3.874438407782400000e+13
-7.187500000000000000e+02 3.907674492108800000e+13
-7.172619018554687500e+02 3.941253670502400000e+13
-7.157738037109375000e+02 3.975191042457600000e+13
-7.142857055664062500e+02 4.009476122214400000e+13
-7.127976074218750000e+02 4.044134914457600000e+13
-7.113095092773437500e+02 4.079154836275200000e+13
-7.098214111328125000e+02 4.114543856844800000e+13
-7.083333129882812500e+02 4.150318333952000000e+13
-7.068452148437500000e+02 4.186474912153600000e+13
-7.053571777343750000e+02 4.223032465817600000e+13
-7.038690185546875000e+02 4.259984284057600000e+13
-7.023809814453125000e+02 4.297346724659200000e+13
-7.008928222656250000e+02 4.335125240217600000e+13
-6.994047851562500000e+02 4.373316894720000000e+13
-6.979166259765625000e+02 4.411926301900800000e+13
-6.964285888671875000e+02 4.450966044672000000e+13
-6.949404296875000000e+02 4.490442414489600000e+13
-6.934523925781250000e+02 4.530377641164800000e+13
-6.919642333984375000e+02 4.570759980646400000e+13
-6.904761962890625000e+02 4.611607887872000000e+13
-6.889880981445312500e+02 4.652925137715200000e+13
-6.875000000000000000e+02 4.694723893657600000e+13
-6.860119018554687500e+02 4.736993669939200000e+13
-6.845238037109375000e+02 4.779754179788800000e+13
-6.830357055664062500e+02 4.823015908966400000e+13
-6.815476074218750000e+02 4.866787665510400000e+13
-6.800595092773437500e+02 4.911072804864000000e+13
-6.785714111328125000e+02 4.955884748800000000e+13
-6.770833129882812500e+02 5.001232305356800000e+13
-6.755952148437500000e+02 5.047122604851200000e+13
-6.741071777343750000e+02 5.093559841587200000e+13
-6.726190185546875000e+02 5.140530593792000000e+13
-6.711309814453125000e+02 5.188053735833600000e+13
-6.696428222656250000e+02 5.236157369548800000e+13
-6.681547851562500000e+02 5.284846947532800000e+13
-6.666666259765625000e+02 5.334148893900800000e+13
-6.651785888671875000e+02 5.384059014348800000e+13
-6.636904296875000000e+02 5.434604152422400000e+13
-6.622023925781250000e+02 5.485780533248000000e+13
-6.607142333984375000e+02 5.537612903219200000e+13
-6.592261962890625000e+02 5.590068127334400000e+13
-6.577380981445312500e+02 5.643191084646400000e+13
-6.562500000000000000e+02 5.697011974144000000e+13
-6.547619018554687500e+02 5.751530795827200000e+13
-6.532738037109375000e+02 5.806773554380800000e+13
-6.517857055664062500e+02 5.862753671577600000e+13
-6.502976074218750000e+02 5.919490441216000000e+13
-6.488095092773437500e+02 5.976985121587200000e+13
-6.473214111328125000e+02 6.035263717376000000e+13
-6.458333129882812500e+02 6.094297707315200000e+13
-6.443452148437500000e+02 6.154144133939200000e+13
-6.428571166992187500e+02 6.214828163072000000e+13
-6.413690185546875000e+02 6.276367830220800000e+13
-6.398809814453125000e+02 6.338772782284800000e+13
-6.383928222656250000e+02 6.402065249075200000e+13
-6.369047851562500000e+02 6.466272912998400000e+13
-6.354166259765625000e+02 6.531411292979200000e+13
-6.339285888671875000e+02 6.597477872435200000e+13
-6.324404296875000000e+02 6.664478103961600000e+13
-6.309523925781250000e+02 6.732475321548800000e+13
-6.294642333984375000e+02 6.801474977792000000e+13
-6.279761962890625000e+02 6.871509788262400000e+13
-6.264880981445312500e+02 6.942596530176000000e+13
-6.250000000000000000e+02 7.014752819609600000e+13
-6.235119018554687500e+02 7.088010533273600000e+13
-6.220238037109375000e+02 7.162382254080000000e+13
-6.205357055664062500e+02 7.237887275827200000e+13
-6.190476074218750000e+02 7.314525598515200000e+13
-6.175595092773437500e+02 7.392362653286400000e+13
-6.160714111328125000e+02 7.471410184192000000e+13
-6.145833129882812500e+02 7.551693357056000000e+13
-6.130952148437500000e+02 7.633242370867200000e+13
-6.116071166992187500e+02 7.716088263475200000e+13
-6.101190185546875000e+02 7.800233551462400000e+13
-6.086309814453125000e+02 7.885741149388800000e+13
-6.071428222656250000e+02 7.972566597632000000e+13
-6.056547851562500000e+02 8.060773649612800000e+13
-6.041666259765625000e+02 8.150412636979200000e+13
-6.026785888671875000e+02 8.241503692390400000e+13
-6.011904296875000000e+02 8.334060237619200000e+13
-5.997023925781250000e+02 8.428139315200000000e+13
-5.982142333984375000e+02 8.523737569689600000e+13
-5.967261962890625000e+02 8.620927981977600000e+13
-5.952380981445312500e+02 8.719682869657600000e+13
-5.937500000000000000e+02 8.820004749312000000e+13
-5.922619018554687500e+02 8.921990928793600000e+13
-5.907738037109375000e+02 9.025644763545600000e+13
-5.892857055664062500e+02 9.131036717875200000e+13
-5.877976074218750000e+02 9.238190279884800000e+13
-5.863095092773437500e+02 9.347127259955200000e+13
-5.848214111328125000e+02 9.457895473152000000e+13
-5.833333129882812500e+02 9.570520924160000000e+13
-5.818452148437500000e+02 9.685042200576000000e+13
-5.803571166992187500e+02 9.801377932902400000e+13
-5.788690185546875000e+02 9.919699248742400000e+13
-5.773809814453125000e+02 1.004003718594560000e+14
-5.758928222656250000e+02 1.016243704299520000e+14
-5.744047851562500000e+02 1.028692314685440000e+14
-5.729166259765625000e+02 1.041356763955200000e+14
-5.714285888671875000e+02 1.054240323665920000e+14
-5.699404296875000000e+02 1.067347775324160000e+14
-5.684523925781250000e+02 1.080677189550080000e+14
-5.669642333984375000e+02 1.094228314685440000e+14
-5.654761962890625000e+02 1.108015663022080000e+14
-5.639880371093750000e+02 1.122048378142720000e+14
-5.625000000000000000e+02 1.136330654351360000e+14
-5.610119018554687500e+02 1.150867189268480000e+14
-5.595238037109375000e+02 1.165662680514560000e+14
-5.580357055664062500e+02 1.180726774988800000e+14
-5.565476074218750000e+02 1.196062912020480000e+14
-5.550595092773437500e+02 1.211660773621760000e+14
-5.535714111328125000e+02 1.227532774932480000e+14
-5.520833129882812500e+02 1.243694518763520000e+14
-5.505952148437500000e+02 1.260156323102720000e+14
-5.491071166992187500e+02 1.276926157127680000e+14
-5.476190185546875000e+02 1.294009808977920000e+14
-5.461309814453125000e+02 1.311417009438720000e+14
-5.446428222656250000e+02 1.329150526750720000e+14
-5.431547851562500000e+02 1.347225795952640000e+14
-5.416666259765625000e+02 1.365619664486400000e+14
-5.401785888671875000e+02 1.384361828024320000e+14
-5.386904296875000000e+02 1.403469231554560000e+14
-5.372023925781250000e+02 1.422950347571200000e+14
-5.357142333984375000e+02 1.442817591214080000e+14
-5.342261962890625000e+02 1.463076415078400000e+14
-5.327380371093750000e+02 1.483741415342080000e+14
-5.312500000000000000e+02 1.504820477296640000e+14
-5.297619018554687500e+02 1.526324002816000000e+14
-5.282738037109375000e+02 1.548225148354560000e+14
-5.267857055664062500e+02 1.570574916648960000e+14
-5.252976074218750000e+02 1.593384045117440000e+14
-5.238095092773437500e+02 1.616666123304960000e+14
-5.223214111328125000e+02 1.640433063034880000e+14
-5.208333129882812500e+02 1.664701809295360000e+14
-5.193452148437500000e+02 1.689477059706880000e+14
-5.178571166992187500e+02 1.714777772523520000e+14
-5.163690185546875000e+02 1.740605961011200000e+14
-5.148809814453125000e+02 1.766959444131840000e+14
-5.133928222656250000e+02 1.793876306165760000e+14
-5.119047546386718750e+02 1.821375840911360000e+14
-5.104166564941406250e+02 1.849471134597120000e+14
-5.089285583496093750e+02 1.878179467755520000e+14
-5.074404602050781250e+02 1.907516275425280000e+14
-5.059523620605468750e+02 1.937495818240000000e+14
-5.044642639160156250e+02 1.968139906580480000e+14
-5.029761657714843750e+02 1.999440319610880000e+14
-5.014880676269531250e+02 2.031415008952320000e+14
-5.000000000000000000e+02 2.064101891112960000e+14
-4.985119018554687500e+02 2.097516401131520000e+14
-4.970238037109375000e+02 2.131678000578560000e+14
-4.955357055664062500e+02 2.166605479936000000e+14
-4.940476074218750000e+02 2.202314274242560000e+14
-4.925595092773437500e+02 2.238830052638720000e+14
-4.910714111328125000e+02 2.276164894720000000e+14
-4.895833129882812500e+02 2.314320478208000000e+14
-4.880952148437500000e+02 2.353329183129600000e+14
-4.866071166992187500e+02 2.393216175308800000e+14
-4.851190185546875000e+02 2.434001251860480000e+14
-4.836309204101562500e+02 2.475705384304640000e+14
-4.821428222656250000e+02 2.518350550794240000e+14
-4.806547241210937500e+02 2.561958226165760000e+14
-4.791666259765625000e+02 2.606540993331200000e+14
-4.776785278320312500e+02 2.652130393456640000e+14
-4.761904296875000000e+02 2.698725252136960000e+14
-4.747023925781250000e+02 2.746362311475200000e+14
-4.732142944335937500e+02 2.795063046307840000e+14
-4.717261962890625000e+02 2.844849099243520000e+14
-4.702380981445312500e+02 2.895743455068160000e+14
-4.687500000000000000e+02 2.947763226542080000e+14
-4.672619018554687500e+02 3.000936599388160000e+14
-4.657738037109375000e+02 3.055280015278080000e+14
-4.642857055664062500e+02 3.110811929149440000e+14
-4.627976074218750000e+02 3.167561533358080000e+14
-4.613095092773437500e+02 3.225550302740480000e+14
-4.598214111328125000e+02 3.284787632537600000e+14
-4.583333129882812500e+02 3.345311774801920000e+14
-4.568452148437500000e+02 3.407127427153920000e+14
-4.553571166992187500e+02 3.470257742151680000e+14
-4.538690185546875000e+02 3.534733589872640000e+14
-4.523809204101562500e+02 3.600570069811200000e+14
-4.508928222656250000e+02 3.667794361057280000e+14
-4.494047241210937500e+02 3.736446728929280000e+14
-4.479166259765625000e+02 3.806504020869120000e+14
-4.464285278320312500e+02 3.878017910702080000e+14
-4.449404296875000000e+02 3.950983029719040000e+14
-4.434523925781250000e+02 4.025430247997440000e+14
-4.419642944335937500e+02 4.101382047006720000e+14
-4.404761962890625000e+02 4.178848493076480000e+14
-4.389880981445312500e+02 4.257857100840960000e+14
-4.375000000000000000e+02 4.338443773542400000e+14
-4.360119018554687500e+02 4.420622268497920000e+14
-4.345238037109375000e+02 4.504395941150720000e+14
-4.330357055664062500e+02 4.589783581982720000e+14
-4.315476074218750000e+02 4.676786197626880000e+14
-4.300595092773437500e+02 4.765423249653760000e+14
-4.285714111328125000e+02 4.855729634672640000e+14
-4.270833129882812500e+02 4.947698306252800000e+14
-4.255952148437500000e+02 5.041360805560320000e+14
-4.241071166992187500e+02 5.136770819686400000e+14
-4.226190185546875000e+02 5.233908887060480000e+14
-4.211309204101562500e+02 5.332778363125760000e+14
-4.196428222656250000e+02 5.433391327477760000e+14
-4.181547241210937500e+02 5.535749457838080000e+14
-4.166666259765625000e+02 5.639870538055680000e+14
-4.151785278320312500e+02 5.745764970004480000e+14
-4.136904296875000000e+02 5.853440471203840000e+14
-4.122023925781250000e+02 5.962924556288000000e+14
-4.107142944335937500e+02 6.074277623234560000e+14
-4.092261962890625000e+02 6.187452024750080000e+14
-4.077380981445312500e+02 6.302428299264000000e+14
-4.062500000000000000e+02 6.419252751892480000e+14
-4.047619018554687500e+02 6.537892499292160000e+14
-4.032738037109375000e+02 6.658376398274560000e+14
-4.017857055664062500e+02 6.780694382510080000e+14
-4.002976074218750000e+02 6.904858531594240000e+14
-3.988095092773437500e+02 7.030888307097600000e+14
-3.973214111328125000e+02 7.158847462440960000e+14
-3.958333129882812500e+02 7.288660164608000000e+14
-3.943452148437500000e+02 7.420321715978240000e+14
-3.928571166992187500e+02 7.553842853969920000e+14
-3.913690185546875000e+02 7.689200090480640000e+14
-3.898809204101562500e+02 7.826410202726400000e+14
-3.883928222656250000e+02 7.965473190707200000e+14
-3.869047241210937500e+02 8.106383685713920000e+14
-3.854166259765625000e+02 8.249162491494400000e+14
-3.839285278320312500e+02 8.393853899898880000e+14
-3.824404296875000000e+02 8.540359260897280000e+14
-3.809523925781250000e+02 8.688694680616960000e+14
-3.794642944335937500e+02 8.838856132526080000e+14
-3.779761962890625000e+02 8.990804693483520000e+14
-3.764880981445312500e+02 9.144559825059840000e+14
-3.750000000000000000e+02 9.300104750039040000e+14
-3.735119018554687500e+02 9.457426717736960000e+14
-3.720238037109375000e+02 9.616569348915200000e+14
-3.705357055664062500e+02 9.777526603776000000e+14
-3.690476074218750000e+02 9.940207885352960000e+14
-3.675595092773437500e+02 1.010461990453248000e+15
-3.660714111328125000e+02 1.027073984430080000e+15
-3.645833129882812500e+02 1.043855495397376000e+15
-3.630952148437500000e+02 1.060806053593088000e+15
-3.616071166992187500e+02 1.077920692961280000e+15
-3.601190185546875000e+02 1.095202903162880000e+15
-3.586309204101562500e+02 1.112654697463808000e+15
-3.571428222656250000e+02 1.130269633413120000e+15
-3.556547241210937500e+02 1.148041805430784000e+15
-3.541666259765625000e+02 1.165971414843392000e+15
-3.526785278320312500e+02 1.184058193215488000e+15
-3.511904296875000000e+02 1.202291403128832000e+15
-3.497023315429687500e+02 1.220677621252096000e+15
-3.482142944335937500e+02 1.239210136698880000e+15
-3.467261962890625000e+02 1.257893512871936000e+15
-3.452380981445312500e+02 1.276721978408960000e+15
-3.437500000000000000e+02 1.295689896165376000e+15
-3.422619018554687500e+02 1.314800084713472000e+15
-3.407738037109375000e+02 1.334042075070464000e+15
-3.392857055664062500e+02 1.353416940978176000e+15
-3.377976074218750000e+02 1.372919179509760000e+15
-3.363095092773437500e+02 1.392551609237504000e+15
-3.348214111328125000e+02 1.412302150565888000e+15
-3.333333129882812500e+02 1.432180064518144000e+15
-3.318452148437500000e+02 1.452176090071040000e+15
-3.303571166992187500e+02 1.472290093006848000e+15
-3.288690185546875000e+02 1.492512006995968000e+15
-3.273809204101562500e+02 1.512842368909312000e+15
-3.258928222656250000e+02 1.533280373440512000e+15
-3.244047241210937500e+02 1.553819041267712000e+15
-3.229166259765625000e+02 1.574453540552704000e+15
-3.214285278320312500e+02 1.595185347690496000e+15
-3.199404296875000000e+02 1.616010167713792000e+15
-3.184523315429687500e+02 1.636924510961664000e+15
-3.169642944335937500e+02 1.657923008724992000e+15
-3.154761962890625000e+02 1.679003110866944000e+15
-3.139880981445312500e+02 1.700162938339328000e+15
-3.125000000000000000e+02 1.721396182908928000e+15
-3.110119018554687500e+02 1.742699757568000000e+15
-3.095238037109375000e+02 1.764068830478336000e+15
-3.080357055664062500e+02 1.785502596333568000e+15
-3.065476074218750000e+02 1.806997431255040000e+15
-3.050595092773437500e+02 1.828547698098176000e+15
-3.035714111328125000e+02 1.850153799516160000e+15
-3.020833129882812500e+02 1.871806071832576000e+15
-3.005952148437500000e+02 1.893502635999232000e+15
-2.991071166992187500e+02 1.915241076097024000e+15
-2.976190185546875000e+02 1.937016828723200000e+15
-2.961309204101562500e+02 1.958829088571392000e+15
-2.946428222656250000e+02 1.980669802577920000e+15
-2.931547241210937500e+02 2.002537360130048000e+15
-2.916666259765625000e+02 2.024427734695936000e+15
-2.901785278320312500e+02 2.046337302396928000e+15
-2.886904296875000000e+02 2.068262573572096000e+15
-2.872023315429687500e+02 2.090199253254144000e+15
-2.857142333984375000e+02 2.112142509604864000e+15
-2.842261962890625000e+02 2.134092611059712000e+15
-2.827380981445312500e+02 2.156040565030912000e+15
-2.812500000000000000e+02 2.177989324308480000e+15
-2.797619018554687500e+02 2.199927614603264000e+15
-2.782738037109375000e+02 2.221853959520256000e+15
-2.767857055664062500e+02 2.243766211575808000e+15
-2.752976074218750000e+02 2.265663431245824000e+15
-2.738095092773437500e+02 2.287540384038912000e+15
-2.723214111328125000e+02 2.309395056689152000e+15
-2.708333129882812500e+02 2.331216174907392000e+15
-2.693452148437500000e+02 2.353009375838208000e+15
-2.678571166992187500e+02 2.374763922063360000e+15
-2.663690185546875000e+02 2.396477129228288000e+15
-2.648809204101562500e+02 2.418151681687552000e+15
-2.633928222656250000e+02 2.439777647329280000e+15
-2.619047241210937500e+02 2.461359052685312000e+15
-2.604166259765625000e+02 2.482888918433792000e+15
-2.589285278320312500e+02 2.504361607430144000e+15
-2.574404296875000000e+02 2.525775240626176000e+15
-2.559523315429687500e+02 2.547129012715520000e+15
-2.544642333984375000e+02 2.568415139069952000e+15
-2.529761962890625000e+02 2.589632009076736000e+15
-2.514880981445312500e+02 2.610778012123136000e+15
-2.500000000000000000e+02 2.631851537596416000e+15
-2.485119018554687500e+02 2.652843458691072000e+15
-2.470238037109375000e+02 2.673762096906240000e+15
-2.455357055664062500e+02 2.694599130742784000e+15
-2.440476074218750000e+02 2.715348117749760000e+15
-2.425595092773437500e+02 2.736008789491712000e+15
-2.410714111328125000e+02 2.756573361340416000e+15
-2.395833129882812500e+02 2.777047738875904000e+15
-2.380952148437500000e+02 2.797422526857216000e+15
-2.366071166992187500e+02 2.817698799026176000e+15
-2.351190185546875000e+02 2.837876555382784000e+15
-2.336309204101562500e+02 2.857951232524288000e+15
-2.321428222656250000e+02 2.877913435209728000e+15
-2.306547241210937500e+02 2.897773900857344000e+15
-2.291666259765625000e+02 2.917524576403456000e+15
-2.276785278320312500e+02 2.937153650688000000e+15
-2.261904296875000000e+02 2.956669176774656000e+15
-2.247023315429687500e+02 2.976065517518848000e+15
-2.232142333984375000e+02 2.995343478226944000e+15
-2.217261962890625000e+02 3.014499032367104000e+15
-2.202380981445312500e+02 3.033534327422976000e+15
-2.187500000000000000e+02 3.052443189379072000e+15
-2.172619018554687500e+02 3.071228034154496000e+15
-2.157738037109375000e+02 3.089877050589184000e+15
-2.142857055664062500e+02 3.108394265214976000e+15
-2.127976074218750000e+02 3.126781020209152000e+15
-2.113095092773437500e+02 3.145029799378944000e+15
-2.098214111328125000e+02 3.163146508304384000e+15
-2.083333129882812500e+02 3.181127120453632000e+15
-2.068452148437500000e+02 3.198964119633920000e+15
-2.053571166992187500e+02 3.216669048569856000e+15
-2.038690185546875000e+02 3.234229022359552000e+15
-2.023809204101562500e+02 3.251641893519360000e+15
-2.008928222656250000e+02 3.268907662049280000e+15
-1.994047241210937500e+02 3.286033307271168000e+15
-1.979166259765625000e+02 3.303008628637696000e+15
-1.964285278320312500e+02 3.319842216083456000e+15
-1.949404296875000000e+02 3.336524674367488000e+15
-1.934523315429687500e+02 3.353056271925248000e+15
-1.919642333984375000e+02 3.369437008756736000e+15
-1.904761962890625000e+02 3.385669032345600000e+15
-1.889880981445312500e+02 3.401749389901824000e+15
-1.875000000000000000e+02 3.417669759926272000e+15
-1.860119018554687500e+02 3.433441953579008000e+15
-1.845238037109375000e+02 3.449058991538176000e+15
-1.830357055664062500e+02 3.464521947545600000e+15
-1.815476074218750000e+02 3.479830016294912000e+15
-1.800595092773437500e+02 3.494982124044288000e+15
-1.785714111328125000e+02 3.509976928616448000e+15
-1.770833129882812500e+02 3.524819261849600000e+15
-1.755952148437500000e+02 3.539495970406400000e+15
-1.741071166992187500e+02 3.554022086672384000e+15
-1.726190185546875000e+02 3.568384457310208000e+15
-1.711309204101562500e+02 3.582594893479936000e+15
-1.696428222656250000e+02 3.596644536811520000e+15
-1.681547241210937500e+02 3.610536876965888000e+15
-1.666666259765625000e+02 3.624270840201216000e+15
-1.651785278320312500e+02 3.637851795226624000e+15
-1.636904296875000000e+02 3.651269273059328000e+15
-1.622023315429687500e+02 3.664527031795712000e+15
-1.607142333984375000e+02 3.677625876742144000e+15
-1.592261352539062500e+02 3.690568492253184000e+15
-1.577380981445312500e+02 3.703351657103360000e+15
-1.562500000000000000e+02 3.715981545308160000e+15
-1.547619018554687500e+02 3.728451714416640000e+15
-1.532738037109375000e+02 3.740766727831552000e+15
-1.517857055664062500e+02 3.752923632762880000e+15
-1.502976074218750000e+02 3.764923771387904000e+15
-1.488095092773437500e+02 3.776769022754816000e+15
-1.473214111328125000e+02 3.788456165638144000e+15
-1.458333129882812500e+02 3.799983052554240000e+15
-1.443452148437500000e+02 3.811364179017728000e+15
-1.428571166992187500e+02 3.822588270739456000e+15
-1.413690185546875000e+02 3.833658012073984000e+15
-1.398809204101562500e+02 3.844575013634048000e+15
-1.383928222656250000e+02 3.855340617596928000e+15
-1.369047241210937500e+02 3.865952676478976000e+15
-1.354166259765625000e+02 3.876410384973824000e+15
-1.339285278320312500e+02 3.886718306484224000e+15
-1.324404296875000000e+02 3.896875635703808000e+15
-1.309523315429687500e+02 3.906887472906240000e+15
-1.294642333984375000e+02 3.916746570334208000e+15
-1.279761352539062500e+02 3.926461517922304000e+15
-1.264880981445312500e+02 3.936026141655040000e+15
-1.250000000000000000e+02 3.945443662757888000e+15
-1.235119018554687500e+02 3.954717570891776000e+15
-1.220238037109375000e+02 3.963846255443968000e+15
-1.205357055664062500e+02 3.972827300495360000e+15
-1.190476074218750000e+02 3.981669295980544000e+15
-1.175595092773437500e+02 3.990366336319488000e+15
-1.160714111328125000e+02 3.998924595527680000e+15
-1.145833129882812500e+02 4.007337362718720000e+15
-1.130952148437500000e+02 4.015616985923584000e+15
-1.116071166992187500e+02 4.023753801465856000e+15
-1.101190185546875000e+02 4.031750493700096000e+15
-1.086309204101562500e+02 4.039608941674496000e+15
-1.071428222656250000e+02 4.047338272194560000e+15
-1.056547241210937500e+02 4.054928016277504000e+15
-1.041666259765625000e+02 4.062381932019712000e+15
-1.026785278320312500e+02 4.069706730307584000e+15
-1.011904296875000000e+02 4.076897579302912000e+15
-9.970233154296875000e+01 4.083954479005696000e+15
-9.821423339843750000e+01 4.090884140302336000e+15
-9.672613525390625000e+01 4.097680389177344000e+15
-9.523803710937500000e+01 4.104350741823488000e+15
-9.375000000000000000e+01 4.110892782321664000e+15
-9.226190185546875000e+01 4.117306510671872000e+15
-9.077380371093750000e+01 4.123595416535040000e+15
-8.928570556640625000e+01 4.129759768346624000e+15
-8.779760742187500000e+01 4.135802787332096000e+15
-8.630950927734375000e+01 4.141719373217792000e+15
-8.482141113281250000e+01 4.147512478793728000e+15
-8.333331298828125000e+01 4.153190693994496000e+15
-8.184521484375000000e+01 4.158745697320960000e+15
-8.035711669921875000e+01 4.164179904692224000e+15
-7.886901855468750000e+01 4.169499490123776000e+15
-7.738092041015625000e+01 4.174698279600128000e+15
-7.589282226562500000e+01 4.179780836524032000e+15
-7.440472412109375000e+01 4.184749308379136000e+15
-7.291662597656250000e+01 4.189607721697280000e+15
-7.142852783203125000e+01 4.194345339060224000e+15
-6.994042968750000000e+01 4.198971287273472000e+15
-6.845233154296875000e+01 4.203488519127040000e+15
-6.696423339843750000e+01 4.207896766185472000e+15
-6.547613525390625000e+01 4.212187975385088000e+15
-6.398803710937500000e+01 4.216372078837760000e+15
-6.250000000000000000e+01 4.220445855318016000e+15
-6.101190185546875000e+01 4.224414405099520000e+15
-5.952380371093750000e+01 4.228276386004992000e+15
-5.803570556640625000e+01 4.232032871776256000e+15
-5.654760742187500000e+01 4.235685473026048000e+15
-5.505950927734375000e+01 4.239232042270720000e+15
-5.357141113281250000e+01 4.242671505768448000e+15
-5.208331298828125000e+01 4.246008695357440000e+15
-5.059521484375000000e+01 4.249246026956800000e+15
-4.910711669921875000e+01 4.252381084647424000e+15
-4.761901855468750000e+01 4.255411989381120000e+15
-4.613092041015625000e+01 4.258349747011584000e+15
-4.464282226562500000e+01 4.261185230733312000e+15
-4.315472412109375000e+01 4.263917903675392000e+15
-4.166662597656250000e+01 4.266555013595136000e+15
-4.017852783203125000e+01 4.269092802396160000e+15
-3.869042968750000000e+01 4.271535565045760000e+15
-3.720233154296875000e+01 4.273879006576640000e+15
-3.571423339843750000e+01 4.276124737601536000e+15
-3.422613525390625000e+01 4.278274637168640000e+15
-3.273803710937500000e+01 4.280335953035264000e+15
-3.125000000000000000e+01 4.282293652815872000e+15
-2.976190185546875000e+01 4.284166795427840000e+15
-2.827380371093750000e+01 4.285936321953792000e+15
-2.678570556640625000e+01 4.287618070085632000e+15
-2.529760742187500000e+01 4.289208818597888000e+15
-2.380950927734375000e+01 4.290704004087808000e+15
-2.232141113281250000e+01 4.292104700297216000e+15
-2.083331298828125000e+01 4.293415470628864000e+15
-1.934521484375000000e+01 4.294637388824576000e+15
-1.785711669921875000e+01 4.295764817739776000e+15
-1.636901855468750000e+01 4.296801247035392000e+15
-1.488092041015625000e+01 4.297746676711424000e+15
-1.339282226562500000e+01 4.298602985816064000e+15
-1.190472412109375000e+01 4.299364268769280000e+15
-1.041662597656250000e+01 4.300043947343872000e+15
-8.928527832031250000e+00 4.300623231057920000e+15
-7.440429687500000000e+00 4.301118762909696000e+15
-5.952331542968750000e+00 4.301525442625536000e+15
-4.464233398437500000e+00 4.301842464899072000e+15
-2.976135253906250000e+00 4.302062850408448000e+15
-1.488037109375000000e+00 4.302201363103744000e+15
0.000000000000000000e+00 4.302247534002176000e+15
1.488098144531250000e+00 4.302200826232832000e+15
2.976196289062500000e+00 4.302066608504832000e+15
4.464294433593750000e+00 4.301841122721792000e+15
5.952392578125000000e+00 4.301525711060992000e+15
7.440490722656250000e+00 4.301122252570624000e+15
8.928588867187500000e+00 4.300629941944320000e+15
1.041668701171875000e+01 4.300049047617536000e+15
1.190478515625000000e+01 4.299376079929344000e+15
1.339288330078125000e+01 4.298612381057024000e+15
1.488098144531250000e+01 4.297753119162368000e+15
1.636907958984375000e+01 4.296804736696320000e+15
1.785717773437500000e+01 4.295766428352512000e+15
1.934527587890625000e+01 4.294633630728192000e+15
2.083337402343750000e+01 4.293413054709760000e+15
2.232147216796875000e+01 4.292100405329920000e+15
2.380957031250000000e+01 4.290696219459584000e+15
2.529760742187500000e+01 4.289195933696000000e+15
2.678576660156250000e+01 4.287604648312832000e+15
2.827380371093750000e+01 4.285911357456384000e+15
2.976196289062500000e+01 4.284134314737664000e+15
3.125000000000000000e+01 4.282254461239296000e+15
3.273815917968750000e+01 4.280285487169536000e+15
3.422619628906250000e+01 4.278219607900160000e+15
3.571435546875000000e+01 4.276057360302080000e+15
3.720239257812500000e+01 4.273796328456192000e+15
3.869055175781250000e+01 4.271442954813440000e+15
4.017858886718750000e+01 4.268987307261952000e+15
4.166674804687500000e+01 4.266430996414464000e+15
4.315478515625000000e+01 4.263779122544640000e+15
4.464294433593750000e+01 4.261025511636992000e+15
4.613098144531250000e+01 4.258176337707008000e+15
4.761914062500000000e+01 4.255218447417344000e+15
4.910717773437500000e+01 4.252166067847168000e+15
5.059521484375000000e+01 4.249009803755520000e+15
5.208337402343750000e+01 4.245751534190592000e+15
5.357141113281250000e+01 4.242387232620544000e+15
5.505957031250000000e+01 4.238916630609920000e+15
5.654760742187500000e+01 4.235343754690560000e+15
5.803576660156250000e+01 4.231662967717888000e+15
5.952380371093750000e+01 4.227873464385536000e+15
6.101196289062500000e+01 4.223981687144448000e+15
6.250000000000000000e+01 4.219978240753664000e+15
6.398815917968750000e+01 4.215869030793216000e+15
6.547619628906250000e+01 4.211644930457600000e+15
6.696435546875000000e+01 4.207307818795008000e+15
6.845239257812500000e+01 4.202861990772736000e+15
6.994055175781250000e+01 4.198303688294400000e+15
7.142858886718750000e+01 4.193628884828160000e+15
7.291674804687500000e+01 4.188843485954048000e+15
7.440478515625000000e+01 4.183940512350208000e+15
7.589294433593750000e+01 4.178920500887552000e+15
7.738098144531250000e+01 4.173785330614272000e+15
7.886914062500000000e+01 4.168533390917632000e+15
8.035717773437500000e+01 4.163158239346688000e+15
8.184521484375000000e+01 4.157665244610560000e+15
8.333337402343750000e+01 4.152045816774656000e+15
8.482141113281250000e+01 4.146308545773568000e+15
8.630957031250000000e+01 4.140448599769088000e+15
8.779760742187500000e+01 4.134464636583936000e+15
8.928576660156250000e+01 4.128354240299008000e+15
9.077380371093750000e+01 4.122121437446144000e+15
9.226196289062500000e+01 4.115751732510720000e+15
9.375000000000000000e+01 4.109265258151936000e+15
9.523815917968750000e+01 4.102649129467904000e+15
9.672619628906250000e+01 4.095897709314048000e+15
9.821435546875000000e+01 4.089015024222208000e+15
9.970239257812500000e+01 4.081999732015104000e+15
1.011905517578125000e+02 4.074860422627328000e+15
1.026785888671875000e+02 4.067580184625152000e+15
1.041667480468750000e+02 4.060167876378624000e+15
1.056547851562500000e+02 4.052620008226816000e+15
1.071429443359375000e+02 4.044933895815168000e+15
1.086309814453125000e+02 4.037108733837312000e+15
1.101191406250000000e+02 4.029151501615104000e+15
1.116071777343750000e+02 4.021046361456640000e+15
1.130952148437500000e+02 4.012805929828352000e+15
1.145833740234375000e+02 4.004426180198400000e+15
1.160714111328125000e+02 3.995896375148544000e+15
1.175595703125000000e+02 3.987231278628864000e+15
1.190476074218750000e+02 3.978420421656576000e+15
1.205357666015625000e+02 3.969463535796224000e+15
1.220238037109375000e+02 3.960361694789632000e+15
1.235119628906250000e+02 3.951114898636800000e+15
1.250000000000000000e+02 3.941714020532224000e+15
1.264881591796875000e+02 3.932173824425984000e+15
1.279761962890625000e+02 3.922482767593472000e+15
1.294643554687500000e+02 3.912640850034688000e+15
1.309523925781250000e+02 3.902645924265984000e+15
1.324405517578125000e+02 3.892504164302848000e+15
1.339285888671875000e+02 3.882209127694336000e+15
1.354167480468750000e+02 3.871761082875904000e+15
1.369047851562500000e+02 3.861161372024832000e+15
1.383929443359375000e+02 3.850409458270208000e+15
1.398809814453125000e+02 3.839499436032000000e+15
1.413691406250000000e+02 3.828434258100224000e+15
1.428571777343750000e+02 3.817213656039424000e+15
1.443452148437500000e+02 3.805841656381440000e+15
1.458333740234375000e+02 3.794311548239872000e+15
1.473214111328125000e+02 3.782625747533824000e+15
1.488095703125000000e+02 3.770778885554176000e+15
1.502976074218750000e+02 3.758781162848256000e+15
1.517857666015625000e+02 3.746616741724160000e+15
1.532738037109375000e+02 3.734295017422848000e+15
1.547619628906250000e+02 3.721817868992512000e+15
1.562500000000000000e+02 3.709179659288576000e+15
1.577381591796875000e+02 3.696383341101056000e+15
1.592261962890625000e+02 3.683433477832704000e+15
1.607143554687500000e+02 3.670319600500736000e+15
1.622023925781250000e+02 3.657047614685184000e+15
1.636905517578125000e+02 3.643613762289664000e+15
1.651785888671875000e+02 3.630012674605056000e+15
1.666667480468750000e+02 3.616260726194176000e+15
1.681547851562500000e+02 3.602347179638784000e+15
1.696429443359375000e+02 3.588272034938880000e+15
1.711309814453125000e+02 3.574041734545408000e+15
1.726191406250000000e+02 3.559653057232896000e+15
1.741071777343750000e+02 3.545104123953152000e+15
1.755952148437500000e+02 3.530396545318912000e+15
1.770833740234375000e+02 3.515524952621056000e+15
1.785714111328125000e+02 3.500499814842368000e+15
1.800595703125000000e+02 3.485313347354624000e+15
1.815476074218750000e+02 3.469971992608768000e+15
1.830357666015625000e+02 3.454477629652992000e+15
1.845238037109375000e+02 3.438823010729984000e+15
1.860119628906250000e+02 3.423016725774336000e+15
1.875000000000000000e+02 3.407051258593280000e+15
1.889881591796875000e+02 3.390938688782336000e+15
1.904761962890625000e+02 3.374660225859584000e+15
1.919643554687500000e+02 3.358235465613312000e+15
1.934523925781250000e+02 3.341657428721664000e+15
1.949405517578125000e+02 3.324926920491008000e+15
1.964285888671875000e+02 3.308053873033216000e+15
1.979167480468750000e+02 3.291029159542784000e+15
1.994047851562500000e+02 3.273857880293376000e+15
2.008929443359375000e+02 3.256538424672256000e+15
2.023809814453125000e+02 3.239074550775808000e+15
2.038691406250000000e+02 3.221463574249472000e+15
2.053571777343750000e+02 3.203707911012352000e+15
2.068452148437500000e+02 3.185807829499904000e+15
2.083333740234375000e+02 3.167779167404032000e+15
2.098214111328125000e+02 3.149608771387392000e+15
2.113095703125000000e+02 3.131298252062720000e+15
2.127976074218750000e+02 3.112856199364608000e+15
2.142857666015625000e+02 3.094279928938496000e+15
2.157738037109375000e+02 3.075564072075264000e+15
2.172619628906250000e+02 3.056721245241344000e+15
2.187500000000000000e+02 3.037750106259456000e+15
2.202381591796875000e+02 3.018649849823232000e+15
2.217261962890625000e+02 2.999431213350912000e+15
2.232143554687500000e+02 2.980089901875200000e+15
2.247023925781250000e+02 2.960624036347904000e+15
2.261905517578125000e+02 2.941044085751808000e+15
2.276785888671875000e+02 2.921346828861440000e+15
2.291667480468750000e+02 2.901530655064064000e+15
2.306547851562500000e+02 2.881604422729728000e+15
2.321429443359375000e+02 2.861565715939328000e+15
2.336309814453125000e+02 2.841420708708352000e+15
2.351191406250000000e+02 2.821175575052288000e+15
2.366071777343750000e+02 2.800826020003840000e+15
2.380952148437500000e+02 2.780379828191232000e+15
2.395833740234375000e+02 2.759831630905344000e+15
2.410714111328125000e+02 2.739196460531712000e+15
2.425595703125000000e+02 2.718461163732992000e+15
2.440476074218750000e+02 2.697637551669248000e+15
2.455357666015625000e+02 2.676726429646848000e+15
2.470238037109375000e+02 2.655736387600384000e+15
2.485119628906250000e+02 2.634664741175296000e+15
2.500000000000000000e+02 2.613514711597056000e+15
2.514881591796875000e+02 2.592298915332096000e+15
2.529761962890625000e+02 2.571003125301248000e+15
2.544643554687500000e+02 2.549639152664576000e+15
2.559523925781250000e+02 2.528208071163904000e+15
2.574405517578125000e+02 2.506718202298368000e+15
2.589285888671875000e+02 2.485168203890688000e+15
2.604167480468750000e+02 2.463562102472704000e+15
2.619047851562500000e+02 2.441904729882624000e+15
2.633929443359375000e+02 2.420197159862272000e+15
2.648809814453125000e+02 2.398446640168960000e+15
2.663691406250000000e+02 2.376658807947264000e+15
2.678571777343750000e+02 2.354821852037120000e+15
2.693453369140625000e+02 2.332950267953152000e+15
2.708333740234375000e+02 2.311048350662656000e+15
2.723214111328125000e+02 2.289120126697472000e+15
2.738095703125000000e+02 2.267164522315776000e+15
2.752976074218750000e+02 2.245190664323072000e+15
2.767857666015625000e+02 2.223199358025728000e+15
2.782738037109375000e+02 2.201192079818752000e+15
2.797619628906250000e+02 2.179177553854464000e+15
2.812500000000000000e+02 2.157153095778304000e+15
2.827381591796875000e+02 2.135125953347584000e+15
2.842261962890625000e+02 2.113100018876416000e+15
2.857143554687500000e+02 2.091077976719360000e+15
2.872023925781250000e+02 2.069064390279168000e+15
2.886905517578125000e+02 2.047063688740864000e+15
2.901785888671875000e+02 2.025080032854016000e+15
2.916667480468750000e+02 2.003112348876800000e+15
2.931547851562500000e+02 1.981168287219712000e+15
2.946429443359375000e+02 1.959252008632320000e+15
2.961309814453125000e+02 1.937367136993280000e+15
2.976191406250000000e+02 1.915516490874880000e+15
2.991071777343750000e+02 1.893701949325312000e+15
3.005953369140625000e+02 1.871930625884160000e+15
3.020833740234375000e+02 1.850204399599616000e+15
3.035714111328125000e+02 1.828527699656704000e+15
3.050595703125000000e+02 1.806905357893632000e+15
3.065476074218750000e+02 1.785336837439488000e+15
3.080357666015625000e+02 1.763833009930240000e+15
3.095238037109375000e+02 1.742393070059520000e+15
3.110119628906250000e+02 1.721018762657792000e+15
3.125000000000000000e+02 1.699717872353280000e+15
3.139881591796875000e+02 1.678487714791424000e+15
3.154761962890625000e+02 1.657341443309568000e+15
3.169643554687500000e+02 1.636272481239040000e+15
3.184523925781250000e+02 1.615288478990336000e+15
3.199405517578125000e+02 1.594397355409408000e+15
3.214285888671875000e+02 1.573600452673536000e+15
3.229167480468750000e+02 1.552897502347264000e+15
3.244047851562500000e+02 1.532295886405632000e+15
3.258929443359375000e+02 1.511795470630912000e+15
3.273809814453125000e+02 1.491400415772672000e+15
3.288691406250000000e+02 1.471113271967744000e+15
3.303571777343750000e+02 1.450938468401152000e+15
3.318453369140625000e+02 1.430879897387008000e+15
3.333333740234375000e+02 1.410941585457152000e+15
3.348214111328125000e+02 1.391129035538432000e+15
3.363095703125000000e+02 1.371438489534464000e+15
3.377976074218750000e+02 1.351875181936640000e+15
3.392857666015625000e+02 1.332442870841344000e+15
3.407738037109375000e+02 1.313141824684032000e+15
3.422619628906250000e+02 1.293979559657472000e+15
3.437500000000000000e+02 1.274951378141184000e+15
3.452381591796875000e+02 1.256067480682496000e+15
3.467261962890625000e+02 1.237331759595520000e+15
3.482143554687500000e+02 1.218743946444800000e+15
3.497023925781250000e+02 1.200305920278528000e+15
3.511905517578125000e+02 1.182014325653504000e+15
3.526785888671875000e+02 1.163880973729792000e+15
3.541667480468750000e+02 1.145898750967808000e+15
3.556547851562500000e+02 1.128074234036224000e+15
3.571429443359375000e+02 1.110411919228928000e+15
3.586309814453125000e+02 1.092909860388864000e+15
3.601191406250000000e+02 1.075581277962240000e+15
3.616071777343750000e+02 1.058416910925824000e+15
3.630953369140625000e+02 1.041419644960768000e+15
3.645833740234375000e+02 1.024591359115264000e+15
3.660714111328125000e+02 1.007933127131136000e+15
3.675595703125000000e+02 9.914468280565760000e+14
3.690476074218750000e+02 9.751340725043200000e+14
3.705357666015625000e+02 9.589964039782400000e+14
3.720238037109375000e+02 9.430375805747200000e+14
3.735119628906250000e+02 9.272621656965120000e+14
3.750000000000000000e+02 9.116666025738240000e+14
3.764881591796875000e+02 8.962504885534720000e+14
3.779761962890625000e+02 8.810128170024960000e+14
3.794643554687500000e+02 8.659596277186560000e+14
3.809523925781250000e+02 8.510851493396480000e+14
3.824405517578125000e+02 8.363953545543680000e+14
3.839285888671875000e+02 8.218884314234880000e+14
3.854167480468750000e+02 8.075719632486400000e+14
3.869047851562500000e+02 7.934430643486720000e+14
3.883929443359375000e+02 7.795013991792640000e+14
3.898809814453125000e+02 7.657428740997120000e+14
3.913691406250000000e+02 7.521703076823040000e+14
3.928571777343750000e+02 7.387836328181760000e+14
3.943453369140625000e+02 7.255821784186880000e+14
3.958333740234375000e+02 7.125667497902080000e+14
3.973214111328125000e+02 6.997376153681920000e+14
3.988095703125000000e+02 6.870995398819840000e+14
4.002976074218750000e+02 6.746501074124800000e+14
4.017857666015625000e+02 6.623840834682880000e+14
4.032738037109375000e+02 6.503043537305600000e+14
4.047619628906250000e+02 6.384076969738240000e+14
4.062500000000000000e+02 6.266939118714880000e+14
4.077381591796875000e+02 6.151638708387840000e+14
4.092261962890625000e+02 6.038146881945600000e+14
4.107143554687500000e+02 5.926482429870080000e+14
4.122023925781250000e+02 5.816704407961600000e+14
4.136905517578125000e+02 5.708720877076480000e+14
4.151785888671875000e+02 5.602533179392000000e+14
4.166667480468750000e+02 5.498112458096640000e+14
4.181547851562500000e+02 5.395460390912000000e+14
4.196429443359375000e+02 5.294562884976640000e+14
4.211309814453125000e+02 5.195404505251840000e+14
4.226191406250000000e+02 5.097978876395520000e+14
4.241071777343750000e+02 5.002288682762240000e+14
4.255953369140625000e+02 4.908344326225920000e+14
4.270833740234375000e+02 4.816096481771520000e+14
4.285715332031250000e+02 4.725523339018240000e+14
4.300595703125000000e+02 4.636611811737600000e+14
4.315476074218750000e+02 4.549338076282880000e+14
4.330357666015625000e+02 4.463697435033600000e+14
4.345238037109375000e+02 4.379664051077120000e+14
4.360119628906250000e+02 4.297234233425920000e+14
4.375000000000000000e+02 4.216393218129920000e+14
4.389881591796875000e+02 4.137139663011840000e+14
4.404761962890625000e+02 4.059428605132800000e+14
4.419643554687500000e+02 3.983237898567680000e+14
4.434523925781250000e+02 3.908561503518720000e+14
4.449405517578125000e+02 3.835366872186880000e+14
4.464285888671875000e+02 3.763633871912960000e+14
4.479167480468750000e+02 3.693352100823040000e+14
4.494047851562500000e+02 3.624499077447680000e+14
4.508929443359375000e+02 3.557072117432320000e+14
4.523809814453125000e+02 3.491035988623360000e+14
4.538691406250000000e+02 3.426374249349120000e+14
4.553571777343750000e+02 3.363057371709440000e+14
4.568453369140625000e+02 3.301065558589440000e+14
4.583333740234375000e+02 3.240384046039040000e+14
4.598215332031250000e+02 3.180986326056960000e+14
4.613095703125000000e+02 3.122854614794240000e+14
4.627976074218750000e+02 3.065972470579200000e+14
4.642857666015625000e+02 3.010316405309440000e+14
4.657738037109375000e+02 2.955857897717760000e+14
4.672619628906250000e+02 2.902586881474560000e+14
4.687500000000000000e+02 2.850476177489920000e+14
4.702381591796875000e+02 2.799506156421120000e+14
4.717261962890625000e+02 2.749652323532800000e+14
4.732143554687500000e+02 2.700905115811840000e+14
4.747023925781250000e+02 2.653235676446720000e+14
4.761905517578125000e+02 2.606618000752640000e+14
4.776785888671875000e+02 2.561030613893120000e+14
4.791667480468750000e+02 2.516458080829440000e+14
4.806547851562500000e+02 2.472884966522880000e+14
4.821429443359375000e+02 2.430290970542080000e+14
4.836309814453125000e+02 2.388650423746560000e+14
4.851191406250000000e+02 2.347951917629440000e+14
4.866071777343750000e+02 2.308174816215040000e+14
4.880953369140625000e+02 2.269291101552640000e+14
4.895833740234375000e+02 2.231282822021120000e+14
4.910715332031250000e+02 2.194117765365760000e+14
4.925595703125000000e+02 2.157794924953600000e+14
4.940476074218750000e+02 2.122295678074880000e+14
4.955357666015625000e+02 2.087604589690880000e+14
4.970238037109375000e+02 2.053696493977600000e+14
4.985119628906250000e+02 2.020563673415680000e+14
5.000000000000000000e+02 1.988183646535680000e+14
5.014881591796875000e+02 1.956535945134080000e+14
5.029761962890625000e+02 1.925590034677760000e+14
5.044643554687500000e+02 1.895331151216640000e+14
5.059523925781250000e+02 1.865756610396160000e+14
5.074405517578125000e+02 1.836848292823040000e+14
5.089285888671875000e+02 1.808601165332480000e+14
5.104167480468750000e+02 1.780983686758400000e+14
5.119047851562500000e+02 1.753994011607040000e+14
5.133929443359375000e+02 1.727605128560640000e+14
5.148809814453125000e+02 1.701814185492480000e+14
5.163691406250000000e+02 1.676569173032960000e+14
5.178571777343750000e+02 1.651882338549760000e+14
5.193453369140625000e+02 1.627741602447360000e+14
5.208333740234375000e+02 1.604138408345600000e+14
5.223215332031250000e+02 1.581056314572800000e+14
5.238095703125000000e+02 1.558483241533440000e+14
5.252976074218750000e+02 1.536408451809280000e+14
5.267857666015625000e+02 1.514814664867840000e+14
5.282738037109375000e+02 1.493687116759040000e+14
5.297619628906250000e+02 1.472989736468480000e+14
5.312500000000000000e+02 1.452738294579200000e+14
5.327381591796875000e+02 1.432919872634880000e+14
5.342261962890625000e+02 1.413526082027520000e+14
5.357143554687500000e+02 1.394545765908480000e+14
5.372023925781250000e+02 1.375965586391040000e+14
5.386905517578125000e+02 1.357777742069760000e+14
5.401785888671875000e+02 1.339969062830080000e+14
5.416667480468750000e+02 1.322522687569920000e+14
5.431547851562500000e+02 1.305416638136320000e+14
5.446429443359375000e+02 1.288661148631040000e+14
5.461309814453125000e+02 1.272244642775040000e+14
5.476191406250000000e+02 1.256161332428800000e+14
5.491071777343750000e+02 1.240401319034880000e+14
5.505953369140625000e+02 1.224954787921920000e+14
5.520833740234375000e+02 1.209812763279360000e+14
5.535715332031250000e+02 1.194967024271360000e+14
5.550595703125000000e+02 1.180399451504640000e+14
5.565476074218750000e+02 1.166098133155840000e+14
5.580357666015625000e+02 1.152069276794880000e+14
5.595238037109375000e+02 1.138305668218880000e+14
5.610119628906250000e+02 1.124799170478080000e+14
5.625000000000000000e+02 1.111541059420160000e+14
5.639881591796875000e+02 1.098529321779200000e+14
5.654761962890625000e+02 1.085752968478720000e+14
5.669643554687500000e+02 1.073203778682880000e+14
5.684523925781250000e+02 1.060863465226240000e+14
5.699405517578125000e+02 1.048733034741760000e+14
5.714285888671875000e+02 1.036811900026880000e+14
5.729167480468750000e+02 1.025093685739520000e+14
5.744047851562500000e+02 1.013574449233920000e+14
5.758929443359375000e+02 1.002246053560320000e+14
5.773809814453125000e+02 9.911048077312000000e+13
5.788691406250000000e+02 9.801435814297600000e+13
5.803571777343750000e+02 9.693596064153600000e+13
5.818453369140625000e+02 9.587272974336000000e+13
5.833333740234375000e+02 9.482584824217600000e+13
5.848215332031250000e+02 9.379493865062400000e+13
5.863095703125000000e+02 9.277964025856000000e+13
5.877976074218750000e+02 9.177947491532800000e+13
5.892857666015625000e+02 9.079404835635200000e+13
5.907738037109375000e+02 8.982279854489600000e+13
5.922619628906250000e+02 8.886535638220800000e+13
5.937500000000000000e+02 8.792100044800000000e+13
5.952381591796875000e+02 8.698838017638400000e+13
5.967261962890625000e+02 8.606830926233600000e+13
5.982143554687500000e+02 8.516033472102400000e+13
5.997023925781250000e+02 8.426454882713600000e+13
6.011905517578125000e+02 8.338028888064000000e+13
6.026785888671875000e+02 8.250744582963200000e+13
6.041667480468750000e+02 8.164549119180800000e+13
6.056547851562500000e+02 8.079419847475200000e+13
6.071429443359375000e+02 7.995308952780800000e+13
6.086309814453125000e+02 7.912069634457600000e+13
6.101191406250000000e+02 7.829845337702400000e+13
6.116071777343750000e+02 7.748583214284800000e+13
6.130953369140625000e+02 7.668262292684800000e+13
6.145833740234375000e+02 7.588864956825600000e+13
6.160715332031250000e+02 7.510378623795200000e+13
6.175595703125000000e+02 7.432783999795200000e+13
6.190476074218750000e+02 7.356048369254400000e+13
6.205357666015625000e+02 7.280091201536000000e+13
6.220238037109375000e+02 7.204909141196800000e+13
6.235119628906250000e+02 7.130537420390400000e+13
6.250000000000000000e+02 7.056983588864000000e+13
6.264881591796875000e+02 6.984222900224000000e+13
6.279761962890625000e+02 6.912249063014400000e+13
6.294643554687500000e+02 6.841053269196800000e+13
6.309523925781250000e+02 6.770622516428800000e+13
6.324405517578125000e+02 6.700945060659200000e+13
6.339285888671875000e+02 6.631939112960000000e+13
6.354167480468750000e+02 6.563652488396800000e+13
6.369047851562500000e+02 6.496102383616000000e+13
6.383929443359375000e+02 6.429282087731200000e+13
6.398809814453125000e+02 6.363187406438400000e+13
6.413691406250000000e+02 6.297819178598400000e+13
6.428571777343750000e+02 6.233169015603200000e+13
6.443453369140625000e+02 6.169227689984000000e+13
6.458333740234375000e+02 6.105996040601600000e+13
6.473215332031250000e+02 6.043439674163200000e+13
6.488095703125000000e+02 5.981581659340800000e+13
6.502977294921875000e+02 5.920440031641600000e+13
6.517857666015625000e+02 5.860000530432000000e+13
6.532738037109375000e+02 5.800264414003200000e+13
6.547619628906250000e+02 5.741229585203200000e+13
6.562500000000000000e+02 5.682900238336000000e+13
6.577381591796875000e+02 5.625278889984000000e+13
6.592261962890625000e+02 5.568362604134400000e+13
6.607143554687500000e+02 5.512145508761600000e+13
6.622023925781250000e+02 5.456630120448000000e+13
6.636905517578125000e+02 5.401821052928000000e+13
6.651785888671875000e+02 5.347706142720000000e+13
6.666667480468750000e+02 5.294290003558400000e+13
6.681547851562500000e+02 5.241570118860800000e+13
6.696429443359375000e+02 5.189556974387200000e+13
6.711309814453125000e+02 5.138223726592000000e+13
6.726191406250000000e+02 5.087614415667200000e+13
6.741071777343750000e+02 5.037713522688000000e+13
6.755953369140625000e+02 4.988509303603200000e+13
6.770833740234375000e+02 4.939974495436800000e+13
6.785715332031250000e+02 4.892131328000000000e+13
6.800595703125000000e+02 4.844955054899200000e+13
6.815477294921875000e+02 4.798460356198400000e+13
6.830357666015625000e+02 4.752622485504000000e+13
6.845238037109375000e+02 4.707457800601600000e+13
6.860119628906250000e+02 4.662981820416000000e+13
6.875000000000000000e+02 4.619180284313600000e+13
6.889881591796875000e+02 4.576018379571200000e+13
6.904761962890625000e+02 4.533488975872000000e+13
6.919643554687500000e+02 4.491599622963200000e+13
6.934523925781250000e+02 4.450324735590400000e+13
6.949405517578125000e+02 4.409667249766400000e+13
6.964285888671875000e+02 4.369599063654400000e+13
6.979167480468750000e+02 4.330141148774400000e+13
6.994047851562500000e+02 4.291305249177600000e+13
7.008929443359375000e+02 4.253042710937600000e+13
7.023809814453125000e+02 4.215347242598400000e+13
7.038691406250000000e+02 4.178210036121600000e+13
7.053571777343750000e+02 4.141614314291200000e+13
7.068453369140625000e+02 4.105549171916800000e+13
7.083333740234375000e+02 4.070009995264000000e+13
7.098215332031250000e+02 4.034978748825600000e+13
7.113095703125000000e+02 4.000445785702400000e+13
7.127977294921875000e+02 3.966413622476800000e+13
7.142857666015625000e+02 3.932853737881600000e+13
7.157738037109375000e+02 3.899752290713600000e+13
7.172619628906250000e+02 3.867119347302400000e+13
7.187500000000000000e+02 3.834910867456000000e+13
7.202381591796875000e+02 3.803133981491200000e+13
7.217261962890625000e+02 3.771780300800000000e+13
7.232143554687500000e+02 3.740821304115200000e+13
7.247023925781250000e+02 3.710245666816000000e+13
7.261905517578125000e+02 3.680057163776000000e+13
7.276785888671875000e+02 3.650215529676800000e+13
7.291667480468750000e+02 3.620745930342400000e+13
7.306547851562500000e+02 3.591626974822400000e+13
7.321429443359375000e+02 3.562840627609600000e+13
7.336309814453125000e+02 3.534390663577600000e+13
7.351191406250000000e+02 3.506261773516800000e+13
7.366071777343750000e+02 3.478440955084800000e+13
7.380953369140625000e+02 3.450895073280000000e+13
7.395833740234375000e+02 3.423621401804800000e+13
7.410715332031250000e+02 3.396633572147200000e+13
7.425595703125000000e+02 3.369922985984000000e+13
7.440477294921875000e+02 3.343480206131200000e+13
7.455357666015625000e+02 3.317299779993600000e+13
7.470238037109375000e+02 3.291376254976000000e+13
7.485119628906250000e+02 3.265700193894400000e+13
7.500000000000000000e+02 3.240268031590400000e+13
7.514881591796875000e+02 3.215037615308800000e+13
7.529761962890625000e+02 3.190028867993600000e+13
7.544643554687500000e+02 3.165240111923200000e+13
7.559523925781250000e+02 3.140678687129600000e+13
7.574405517578125000e+02 3.116334946713600000e+13
7.589285888671875000e+02 3.092208261529600000e+13
7.604167480468750000e+02 3.068290242969600000e+13
7.619047851562500000e+02 3.044579632742400000e+13
7.633929443359375000e+02 3.021072026828800000e+13
7.648809814453125000e+02 2.997740371968000000e+13
7.663691406250000000e+02 2.974599977369600000e+13
7.678571777343750000e+02 2.951660070502400000e+13
7.693453369140625000e+02 2.928916457062400000e+13
7.708333740234375000e+02 2.906361167872000000e+13
7.723215332031250000e+02 2.883997977804800000e+13
7.738095703125000000e+02 2.861822902272000000e+13
7.752977294921875000e+02 2.839834263552000000e+13
7.767857666015625000e+02 2.818030383923200000e+13
7.782738037109375000e+02 2.796403713638400000e+13
7.797619628906250000e+02 2.774958866432000000e+13
7.812500000000000000e+02 2.753700036608000000e+13
7.827381591796875000e+02 2.732619254988800000e+13
7.842261962890625000e+02 2.711713166131200000e+13
7.857143554687500000e+02 2.690984076902400000e+13
7.872023925781250000e+02 2.670436391321600000e+13
7.886905517578125000e+02 2.650064866508800000e+13
7.901785888671875000e+02 2.629865098444800000e+13
7.916667480468750000e+02 2.609841910579200000e+13
7.931547851562500000e+02 2.589992366899200000e+13
7.946429443359375000e+02 2.570306820505600000e+13
7.961309814453125000e+02 2.550795128012800000e+13
7.976191406250000000e+02 2.531448691097600000e+13
7.991071777343750000e+02 2.512267509760000000e+13
8.005953369140625000e+02 2.493250745139200000e+13
8.020833740234375000e+02 2.474400074956800000e+13
8.035715332031250000e+02 2.455708998041600000e+13
8.050595703125000000e+02 2.437180660121600000e+13
8.065477294921875000e+02 2.418807930880000000e+13
8.080357666015625000e+02 2.400594585190400000e+13
8.095239257812500000e+02 2.382536428748800000e+13
8.110119628906250000e+02 2.364630525542400000e+13
8.125000000000000000e+02 2.346879182438400000e+13
8.139881591796875000e+02 2.329278624563200000e+13
8.154761962890625000e+02 2.311830949068800000e+13
8.169643554687500000e+02 2.294521266176000000e+13
8.184523925781250000e+02 2.277354609049600000e+13
8.199405517578125000e+02 2.260343141171200000e+13
8.214285888671875000e+02 2.243469665894400000e+13
8.229167480468750000e+02 2.226743830118400000e+13
8.244047851562500000e+02 2.210162697830400000e+13
8.258929443359375000e+02 2.193722703872000000e+13
8.273809814453125000e+02 2.177427832832000000e+13
8.288691406250000000e+02 2.161274729267200000e+13
8.303571777343750000e+02 2.145245567385600000e+13
8.318453369140625000e+02 2.129361528422400000e+13
8.333333740234375000e+02 2.113615482060800000e+13
8.348215332031250000e+02 2.098013090611200000e+13
8.363095703125000000e+02 2.082551208345600000e+13
8.377977294921875000e+02 2.067231512985600000e+13
8.392857666015625000e+02 2.052052955955200000e+13
8.407739257812500000e+02 2.037018263552000000e+13
8.422619628906250000e+02 2.022121144320000000e+13
8.437500000000000000e+02 2.007364534272000000e+13
8.452381591796875000e+02 1.992749901414400000e+13
8.467261962890625000e+02 1.978279552614400000e+13
8.482143554687500000e+02 1.963955165593600000e+13
8.497023925781250000e+02 1.949771497472000000e+13
8.511905517578125000e+02 1.935733581414400000e+13
8.526785888671875000e+02 1.921842885427200000e+13
8.541667480468750000e+02 1.908098780364800000e+13
8.556547851562500000e+02 1.894507138252800000e+13
8.571429443359375000e+02 1.881069427097600000e+13
8.586309814453125000e+02 1.867776838860800000e+13
8.601191406250000000e+02 1.854628744396800000e+13
8.616071777343750000e+02 1.841629338009600000e+13
8.630953369140625000e+02 1.828776522547200000e+13
8.645833740234375000e+02 1.816067361996800000e+13
8.660715332031250000e+02 1.803504163225600000e+13
8.675595703125000000e+02 1.791079586201600000e+13
8.690477294921875000e+02 1.778824249344000000e+13
8.705357666015625000e+02 1.766715503411200000e+13
8.720239257812500000e+02 1.754744645222400000e+13
8.735119628906250000e+02 1.742913037926400000e+13
8.750000000000000000e+02 1.731216801792000000e+13
8.764881591796875000e+02 1.719652581376000000e+13
8.779761962890625000e+02 1.708218069811200000e+13
8.794643554687500000e+02 1.696910226227200000e+13
8.809523925781250000e+02 1.685728631193600000e+13
8.824405517578125000e+02 1.674691844505600000e+13
8.839285888671875000e+02 1.663773546905600000e+13
8.854167480468750000e+02 1.652970068377600000e+13
8.869047851562500000e+02 1.642277634048000000e+13
8.883929443359375000e+02 1.631691525324800000e+13
8.898809814453125000e+02 1.621209225625600000e+13
8.913691406250000000e+02 1.610822765772800000e+13
8.928571777343750000e+02 1.600531936051200000e+13
8.943453369140625000e+02 1.590331179008000000e+13
8.958333740234375000e+02 1.580216195481600000e+13
8.973215332031250000e+02 1.570184154316800000e+13
8.988095703125000000e+02 1.560226562048000000e+13
9.002977294921875000e+02 1.550346354688000000e+13
9.017857666015625000e+02 1.540534619340800000e+13
9.032739257812500000e+02 1.530788629708800000e+13
9.047619628906250000e+02 1.521104715776000000e+13
9.062500000000000000e+02 1.511481199820800000e+13
9.077381591796875000e+02 1.501897320038400000e+13
9.092261962890625000e+02 1.492347204403200000e+13
9.107143554687500000e+02 1.482846791270400000e+13
9.122023925781250000e+02 1.473394193203200000e+13
9.136905517578125000e+02 1.463986579046400000e+13
9.151785888671875000e+02 1.454624368230400000e+13
9.166667480468750000e+02 1.445304519884800000e+13
9.181547851562500000e+02 1.436023049420800000e+13
9.196429443359375000e+02 1.426781215129600000e+13
9.211309814453125000e+02 1.417551858892800000e+13
9.226191406250000000e+02 1.408345781043200000e+13
9.241071777343750000e+02 1.399177347072000000e+13
9.255953369140625000e+02 1.390050017280000000e+13
9.270833740234375000e+02 1.380965259673600000e+13
9.285715332031250000e+02 1.371921081958400000e+13
9.300595703125000000e+02 1.362923565875200000e+13
9.315477294921875000e+02 1.353973550284800000e+13
9.330357666015625000e+02 1.345067994316800000e+13
9.345239257812500000e+02 1.336193895628800000e+13
9.360119628906250000e+02 1.327369394585600000e+13
9.375000000000000000e+02 1.318597636915200000e+13
9.389881591796875000e+02 1.309886696652800000e+13
9.404761962890625000e+02 1.301236993228800000e+13
9.419643554687500000e+02 1.292652196659200000e+13
9.434523925781250000e+02 1.284134089523200000e+13
9.449405517578125000e+02 1.275687809843200000e+13
9.464285888671875000e+02 1.267317866496000000e+13
9.479167480468750000e+02 1.259038520115200000e+13
9.494047851562500000e+02 1.250837082931200000e+13
9.508929443359375000e+02 1.242717539532800000e+13
9.523809814453125000e+02 1.234680309350400000e+13
9.538691406250000000e+02 1.226731998412800000e+13
9.553571777343750000e+02 1.218869041561600000e+13
9.568453369140625000e+02 1.211095213670400000e+13
9.583333740234375000e+02 1.203414813900800000e+13
9.598215332031250000e+02 1.195840110592000000e+13
9.613095703125000000e+02 1.188388300390400000e+13
9.627977294921875000e+02 1.181032225177600000e+13
9.642857666015625000e+02 1.173764649779200000e+13
9.657739257812500000e+02 1.166590083072000000e+13
9.672619628906250000e+02 1.159504330752000000e+13
9.687500000000000000e+02 1.152505295667200000e+13
9.702381591796875000e+02 1.145594865254400000e+13
9.717261962890625000e+02 1.138768425779200000e+13
9.732143554687500000e+02 1.132045585612800000e+13
9.747023925781250000e+02 1.125421416448000000e+13
9.761905517578125000e+02 1.118872639897600000e+13
9.776785888671875000e+02 1.112399255961600000e+13
9.791667480468750000e+02 1.105991093452800000e+13
9.806547851562500000e+02 1.099648257228800000e+13
9.821429443359375000e+02 1.093365294694400000e+13
9.836309814453125000e+02 1.087140213555200000e+13
9.851191406250000000e+02 1.080965044633600000e+13
9.866071777343750000e+02 1.074861388595200000e+13
9.880953369140625000e+02 1.068938297344000000e+13
9.895833740234375000e+02 1.063091961856000000e+13
9.910715332031250000e+02 1.057253910118400000e+13
9.925595703125000000e+02 1.051370979328000000e+13
9.940477294921875000e+02 1.045386546380800000e+13
9.955357666015625000e+02 1.039259716812800000e+13
9.970239257812500000e+02 1.033069762969600000e+13
9.985119628906250000e+02 0.000000000000000000e+00
