-9.998510742187500000e+02 8.895453996956348419e-03
-9.983632202148437500e+02 8.908669464290142059e-03
-9.968753051757812500e+02 8.855335414409637451e-03
-9.953874511718750000e+02 8.848083205521106720e-03
-9.938995971679687500e+02 8.870553225278854370e-03
-9.924116821289062500e+02 8.874984458088874817e-03
-9.909238281250000000e+02 8.910485543310642242e-03
-9.894359741210937500e+02 8.970276452600955963e-03
-9.879480590820312500e+02 9.030685760080814362e-03
-9.864602050781250000e+02 9.014748036861419678e-03
-9.849723510742187500e+02 8.945932611823081970e-03
-9.834844360351562500e+02 8.902217261493206024e-03
-9.819965820312500000e+02 8.787989616394042969e-03
-9.805087280273437500e+02 8.585596457123756409e-03
-9.790208740234375000e+02 8.407019078731536865e-03
-9.775329589843750000e+02 8.218174800276756287e-03
-9.760451049804687500e+02 7.956066168844699860e-03
-9.745572509765625000e+02 7.567678112536668777e-03
-9.730693359375000000e+02 7.098063360899686813e-03
-9.715814819335937500e+02 6.614738609641790390e-03
-9.700936279296875000e+02 6.106088869273662567e-03
-9.686057128906250000e+02 5.604803096503019333e-03
-9.671178588867187500e+02 5.204453133046627045e-03
-9.656300048828125000e+02 5.010270513594150543e-03
-9.641420898437500000e+02 4.954149015247821808e-03
-9.626542358398437500e+02 4.931983072310686111e-03
-9.611663818359375000e+02 4.899345804005861282e-03
-9.596784667968750000e+02 4.815513268113136292e-03
-9.581906127929687500e+02 4.637154284864664078e-03
-9.567027587890625000e+02 4.417903255671262741e-03
-9.552148437500000000e+02 4.266286268830299377e-03
-9.537269897460937500e+02 4.146707244217395782e-03
-9.522391357421875000e+02 3.996064420789480209e-03
-9.507512207031250000e+02 3.844737075269222260e-03
-9.492633666992187500e+02 3.705701092258095741e-03
-9.477755126953125000e+02 3.573065623641014099e-03
-9.462875976562500000e+02 3.437503008171916008e-03
-9.447997436523437500e+02 3.228055546060204506e-03
-9.433118896484375000e+02 2.955651143565773964e-03
-9.418239746093750000e+02 2.655983669683337212e-03
-9.403361206054687500e+02 2.244116738438606262e-03
-9.388482666015625000e+02 1.687001320533454418e-03
-9.373603515625000000e+02 1.085019437596201897e-03
-9.358724975585937500e+02 8.118115947581827641e-04
-9.343846435546875000e+02 1.302177668549120426e-03
-9.328967285156250000e+02 2.190027153119444847e-03
-9.314088745117187500e+02 3.208889625966548920e-03
-9.299210205078125000e+02 4.155645612627267838e-03
-9.284331054687500000e+02 4.903588909655809402e-03
-9.269452514648437500e+02 5.567701999098062515e-03
-9.254573974609375000e+02 5.967594683170318604e-03
-9.239695434570312500e+02 6.082884036004543304e-03
-9.224816284179687500e+02 6.109307520091533661e-03
-9.209937744140625000e+02 6.082931533455848694e-03
-9.195059204101562500e+02 6.008310243487358093e-03
-9.180180053710937500e+02 5.920329596847295761e-03
-9.165301513671875000e+02 5.846469197422266006e-03
-9.150422973632812500e+02 5.773921031504869461e-03
-9.135543823242187500e+02 5.719382781535387039e-03
-9.120665283203125000e+02 5.641960538923740387e-03
-9.105786743164062500e+02 5.517219658941030502e-03
-9.090907592773437500e+02 5.387533456087112427e-03
-9.076029052734375000e+02 5.282326135784387589e-03
-9.061150512695312500e+02 5.178908351808786392e-03
-9.046271362304687500e+02 5.065932869911193848e-03
-9.031392822265625000e+02 4.975471645593643188e-03
-9.016514282226562500e+02 4.856355488300323486e-03
-9.001635131835937500e+02 4.675498232245445251e-03
-8.986756591796875000e+02 4.444790072739124298e-03
-8.971878051757812500e+02 4.176383838057518005e-03
-8.956999511718750000e+02 3.872468834742903709e-03
-8.942120361328125000e+02 3.517680102959275246e-03
-8.927241821289062500e+02 3.161646891385316849e-03
-8.912363281250000000e+02 2.851773286238312721e-03
-8.897484130859375000e+02 2.626702189445495605e-03
-8.882605590820312500e+02 2.538434229791164398e-03
-8.867727050781250000e+02 2.614286728203296661e-03
-8.852847900390625000e+02 2.819395391270518303e-03
-8.837969360351562500e+02 3.115175291895866394e-03
-8.823090820312500000e+02 3.519269870594143867e-03
-8.808211669921875000e+02 4.006736911833286285e-03
-8.793333129882812500e+02 4.574221093207597733e-03
-8.778454589843750000e+02 5.160637199878692627e-03
-8.763575439453125000e+02 5.715241655707359314e-03
-8.748696899414062500e+02 6.274117156863212585e-03
-8.733818359375000000e+02 6.829062011092901230e-03
-8.718939208984375000e+02 7.312509696930646896e-03
-8.704060668945312500e+02 7.683414965867996216e-03
-8.689182128906250000e+02 7.918915711343288422e-03
-8.674302978515625000e+02 8.021630346775054932e-03
-8.659424438476562500e+02 8.046390488743782043e-03
-8.644545898437500000e+02 7.956990972161293030e-03
-8.629666748046875000e+02 7.765229325741529465e-03
-8.614788208007812500e+02 7.539660669863224030e-03
-8.599909667968750000e+02 7.297516800463199615e-03
-8.585030517578125000e+02 7.097022142261266708e-03
-8.570151977539062500e+02 6.941891275346279144e-03
-8.555273437500000000e+02 6.817588582634925842e-03
-8.540394287109375000e+02 6.683904677629470825e-03
-8.525515747070312500e+02 6.512398831546306610e-03
-8.510637207031250000e+02 6.329911295324563980e-03
-8.495758056640625000e+02 6.092316936701536179e-03
-8.480879516601562500e+02 5.772384349256753922e-03
-8.466000976562500000e+02 5.412935279309749603e-03
-8.451121826171875000e+02 5.019115284085273743e-03
-8.436243286132812500e+02 4.579765722155570984e-03
-8.421364746093750000e+02 4.110777750611305237e-03
-8.406485595703125000e+02 3.635628847405314445e-03
-8.391607055664062500e+02 3.185804467648267746e-03
-8.376728515625000000e+02 2.780740614980459213e-03
-8.361849365234375000e+02 2.427706494927406311e-03
-8.346970825195312500e+02 2.201841911301016808e-03
-8.332092285156250000e+02 2.222954528406262398e-03
-8.317213134765625000e+02 2.564006252214312553e-03
-8.302334594726562500e+02 3.196551697328686714e-03
-8.287456054687500000e+02 4.003131296485662460e-03
-8.272576904296875000e+02 4.895535297691822052e-03
-8.257698364257812500e+02 5.827371031045913696e-03
-8.242819824218750000e+02 6.762260571122169495e-03
-8.227941284179687500e+02 7.777443155646324158e-03
-8.213062133789062500e+02 8.826605044305324554e-03
-8.198183593750000000e+02 9.773995727300643921e-03
-8.183305053710937500e+02 1.068070530891418457e-02
-8.168425903320312500e+02 1.150495465844869614e-02
-8.153547363281250000e+02 1.210946775972843170e-02
-8.138668823242187500e+02 1.247203536331653595e-02
-8.123790283203125000e+02 1.256942283362150192e-02
-8.108911132812500000e+02 1.243072189390659332e-02
-8.094032592773437500e+02 1.207990385591983795e-02
-8.079154052734375000e+02 1.149213779717683792e-02
-8.064274902343750000e+02 1.070085726678371429e-02
-8.049396362304687500e+02 9.765372611582279205e-03
-8.034517822265625000e+02 8.713569492101669312e-03
-8.019638671875000000e+02 7.592835929244756699e-03
-8.004760131835937500e+02 6.441039033234119415e-03
-7.989881591796875000e+02 5.226042121648788452e-03
-7.975002441406250000e+02 3.987234085798263550e-03
-7.960123901367187500e+02 2.778385765850543976e-03
-7.945245361328125000e+02 1.622964162379503250e-03
-7.930366210937500000e+02 7.034589652903378010e-04
-7.915487670898437500e+02 8.664032211527228355e-04
-7.900609130859375000e+02 1.744833542034029961e-03
-7.885729980468750000e+02 2.640640595927834511e-03
-7.870851440429687500e+02 3.425918286666274071e-03
-7.855972900390625000e+02 4.073692020028829575e-03
-7.841093750000000000e+02 4.646128043532371521e-03
-7.826215209960937500e+02 5.156101193279027939e-03
-7.811336669921875000e+02 5.611094180494546890e-03
-7.796457519531250000e+02 6.032041274011135101e-03
-7.781578979492187500e+02 6.429092027246952057e-03
-7.766700439453125000e+02 6.796116009354591370e-03
-7.751821289062500000e+02 7.102301344275474548e-03
-7.736942749023437500e+02 7.343225181102752686e-03
-7.722064208984375000e+02 7.533669471740722656e-03
-7.707185058593750000e+02 7.632380351424217224e-03
-7.692306518554687500e+02 7.633903529495000839e-03
-7.677427978515625000e+02 7.581300567835569382e-03
-7.662548828125000000e+02 7.505794055759906769e-03
-7.647670288085937500e+02 7.390897721052169800e-03
-7.632791748046875000e+02 7.233927492052316666e-03
-7.617912597656250000e+02 7.090213242918252945e-03
-7.603034057617187500e+02 6.965906824916601181e-03
-7.588155517578125000e+02 6.843565497547388077e-03
-7.573276367187500000e+02 6.726851686835289001e-03
-7.558397827148437500e+02 6.612136494368314743e-03
-7.543519287109375000e+02 6.494168192148208618e-03
-7.528640136718750000e+02 6.358286831527948380e-03
-7.513761596679687500e+02 6.192513275891542435e-03
-7.498883056640625000e+02 5.992779042571783066e-03
-7.484003906250000000e+02 5.754604935646057129e-03
-7.469125366210937500e+02 5.505422130227088928e-03
-7.454246826171875000e+02 5.224718246608972549e-03
-7.439367675781250000e+02 4.874465055763721466e-03
-7.424489135742187500e+02 4.482009913772344589e-03
-7.409610595703125000e+02 4.080303944647312164e-03
-7.394731445312500000e+02 3.672566963359713554e-03
-7.379853515625000000e+02 3.285515820607542992e-03
-7.364974365234375000e+02 2.956475364044308662e-03
-7.350095214843750000e+02 2.671855734661221504e-03
-7.335217285156250000e+02 2.415373455733060837e-03
-7.320338134765625000e+02 2.185748424381017685e-03
-7.305458984375000000e+02 1.987349241971969604e-03
-7.290581054687500000e+02 1.829296932555735111e-03
-7.275701904296875000e+02 1.733574550598859787e-03
-7.260822753906250000e+02 1.709398929961025715e-03
-7.245944824218750000e+02 1.764150336384773254e-03
-7.231065673828125000e+02 1.912143547087907791e-03
-7.216186523437500000e+02 2.176028909161686897e-03
-7.201308593750000000e+02 2.537553664296865463e-03
-7.186429443359375000e+02 2.940668724477291107e-03
-7.171550903320312500e+02 3.364406526088714600e-03
-7.156672363281250000e+02 3.794921562075614929e-03
-7.141793212890625000e+02 4.206692799925804138e-03
-7.126914672851562500e+02 4.579398315399885178e-03
-7.112036132812500000e+02 4.894440062344074249e-03
-7.097156982421875000e+02 5.152462981641292572e-03
-7.082278442382812500e+02 5.363526288419961929e-03
-7.067399902343750000e+02 5.527571309357881546e-03
-7.052520751953125000e+02 5.641701631247997284e-03
-7.037642211914062500e+02 5.702768452465534210e-03
-7.022763671875000000e+02 5.711526144295930862e-03
-7.007884521484375000e+02 5.673869978636503220e-03
-6.993005981445312500e+02 5.603690631687641144e-03
-6.978127441406250000e+02 5.516731645911931992e-03
-6.963248291015625000e+02 5.415204446762800217e-03
-6.948369750976562500e+02 5.294805392622947693e-03
-6.933491210937500000e+02 5.174438003450632095e-03
-6.918612060546875000e+02 5.066990852355957031e-03
-6.903733520507812500e+02 4.970785230398178101e-03
-6.888854980468750000e+02 4.874741192907094955e-03
-6.873975830078125000e+02 4.787535872310400009e-03
-6.859097290039062500e+02 4.718568176031112671e-03
-6.844218750000000000e+02 4.661309067159891129e-03
-6.829339599609375000e+02 4.611919634044170380e-03
-6.814461059570312500e+02 4.555311985313892365e-03
-6.799582519531250000e+02 4.507356323301792145e-03
-6.784703369140625000e+02 4.453606437891721725e-03
-6.769824829101562500e+02 4.351793322712182999e-03
-6.754946289062500000e+02 4.200908355414867401e-03
-6.740067138671875000e+02 3.987988457083702087e-03
-6.725188598632812500e+02 3.707707859575748444e-03
-6.710310058593750000e+02 3.362756920978426933e-03
-6.695430908203125000e+02 2.963140606880187988e-03
-6.680552368164062500e+02 2.525916788727045059e-03
-6.665673828125000000e+02 2.080040751025080681e-03
-6.650794677734375000e+02 1.678911852650344372e-03
-6.635916137695312500e+02 1.385730691254138947e-03
-6.621037597656250000e+02 1.276003895327448845e-03
-6.606158447265625000e+02 1.366026466712355614e-03
-6.591279907226562500e+02 1.585541525855660439e-03
-6.576401367187500000e+02 1.859373762272298336e-03
-6.561522216796875000e+02 2.122190315276384354e-03
-6.546643676757812500e+02 2.338662976399064064e-03
-6.531765136718750000e+02 2.504392992705106735e-03
-6.516885986328125000e+02 2.613054821267724037e-03
-6.502008056640625000e+02 2.657787641510367393e-03
-6.487128906250000000e+02 2.640011021867394447e-03
-6.472249755859375000e+02 2.581210341304540634e-03
-6.457371826171875000e+02 2.502156654372811317e-03
-6.442492675781250000e+02 2.420860808342695236e-03
-6.427613525390625000e+02 2.350458642467856407e-03
-6.412735595703125000e+02 2.302375156432390213e-03
-6.397856445312500000e+02 2.316255820915102959e-03
-6.382977294921875000e+02 2.390377921983599663e-03
-6.368099365234375000e+02 2.498468616977334023e-03
-6.353220214843750000e+02 2.647389890626072884e-03
-6.338341064453125000e+02 2.821909496560692787e-03
-6.323463134765625000e+02 2.996347844600677490e-03
-6.308583984375000000e+02 3.154520178213715553e-03
-6.293705444335937500e+02 3.283035010099411011e-03
-6.278826904296875000e+02 3.381796879693865776e-03
-6.263947753906250000e+02 3.444375004619359970e-03
-6.249069213867187500e+02 3.467189846560359001e-03
-6.234190673828125000e+02 3.451993921771645546e-03
-6.219311523437500000e+02 3.399463137611746788e-03
-6.204432983398437500e+02 3.317291615530848503e-03
-6.189554443359375000e+02 3.214883850887417793e-03
-6.174675292968750000e+02 3.103643190115690231e-03
-6.159796752929687500e+02 2.980157732963562012e-03
-6.144918212890625000e+02 2.843030262738466263e-03
-6.130039062500000000e+02 2.705036895349621773e-03
-6.115160522460937500e+02 2.562726614996790886e-03
-6.100281982421875000e+02 2.420239383354783058e-03
-6.085402832031250000e+02 2.305471803992986679e-03
-6.070524291992187500e+02 2.213817089796066284e-03
-6.055645751953125000e+02 2.136901952326297760e-03
-6.040766601562500000e+02 2.092476235702633858e-03
-6.025888061523437500e+02 2.058974932879209518e-03
-6.011009521484375000e+02 2.013143850490450859e-03
-5.996130371093750000e+02 1.957808854058384895e-03
-5.981251831054687500e+02 1.889837090857326984e-03
-5.966373291015625000e+02 1.814755494706332684e-03
-5.951494140625000000e+02 1.734962454065680504e-03
-5.936615600585937500e+02 1.656353473663330078e-03
-5.921737060546875000e+02 1.601817319169640541e-03
-5.906857910156250000e+02 1.597626018337905407e-03
-5.891979370117187500e+02 1.660973182879388332e-03
-5.877100830078125000e+02 1.787524437531828880e-03
-5.862221679687500000e+02 1.956155756488442421e-03
-5.847343139648437500e+02 2.153647365048527718e-03
-5.832464599609375000e+02 2.355217467993497849e-03
-5.817585449218750000e+02 2.523242961615324020e-03
-5.802706909179687500e+02 2.637514146044850349e-03
-5.787828369140625000e+02 2.687190892174839973e-03
-5.772949218750000000e+02 2.657982520759105682e-03
-5.758070678710937500e+02 2.547608222812414169e-03
-5.743192138671875000e+02 2.366408705711364746e-03
-5.728312988281250000e+02 2.127757528796792030e-03
-5.713434448242187500e+02 1.839522155933082104e-03
-5.698555908203125000e+02 1.510281581431627274e-03
-5.683676757812500000e+02 1.180292456410825253e-03
-5.668798217773437500e+02 8.969593909569084644e-04
-5.653919677734375000e+02 7.750966469757258892e-04
-5.639040527343750000e+02 9.599641780368983746e-04
-5.624162597656250000e+02 1.375717809423804283e-03
-5.609283447265625000e+02 1.898806192912161350e-03
-5.594404296875000000e+02 2.465212717652320862e-03
-5.579526367187500000e+02 3.043147968128323555e-03
-5.564647216796875000e+02 3.621892305091023445e-03
-5.549768066406250000e+02 4.183985292911529541e-03
-5.534890136718750000e+02 4.705913364887237549e-03
-5.520010986328125000e+02 5.177209619432687759e-03
-5.505131835937500000e+02 5.592570640146732330e-03
-5.490253906250000000e+02 5.946384277194738388e-03
-5.475374755859375000e+02 6.232300773262977600e-03
-5.460495605468750000e+02 6.448311265558004379e-03
-5.445617675781250000e+02 6.593740079551935196e-03
-5.430738525390625000e+02 6.670957431197166443e-03
-5.415859375000000000e+02 6.684633437544107437e-03
-5.400981445312500000e+02 6.638145539909601212e-03
-5.386102294921875000e+02 6.533553823828697205e-03
-5.371223754882812500e+02 6.370385643094778061e-03
-5.356345214843750000e+02 6.151847075670957565e-03
-5.341466064453125000e+02 5.880900658667087555e-03
-5.326587524414062500e+02 5.565945990383625031e-03
-5.311708984375000000e+02 5.211962386965751648e-03
-5.296829833984375000e+02 4.815276246517896652e-03
-5.281951293945312500e+02 4.378909710794687271e-03
-5.267072753906250000e+02 3.907045349478721619e-03
-5.252193603515625000e+02 3.397955326363444328e-03
-5.237315063476562500e+02 2.860506298020482063e-03
-5.222436523437500000e+02 2.307848539203405380e-03
-5.207557373046875000e+02 1.752001349814236164e-03
-5.192678833007812500e+02 1.200814847834408283e-03
-5.177800292968750000e+02 6.752168992534279823e-04
-5.162921142578125000e+02 3.487079229671508074e-04
-5.148042602539062500e+02 5.792686715722084045e-04
-5.133164062500000000e+02 1.049575163051486015e-03
-5.118285217285156250e+02 1.523124170489609241e-03
-5.103406372070312500e+02 1.967792166396975517e-03
-5.088527526855468750e+02 2.374462317675352097e-03
-5.073648986816406250e+02 2.738848794251680374e-03
-5.058770141601562500e+02 3.059730399399995804e-03
-5.043891296386718750e+02 3.336890833452343941e-03
-5.029012756347656250e+02 3.571814624592661858e-03
-5.014133911132812500e+02 3.768283408135175705e-03
-4.999255065917968750e+02 3.930932376533746719e-03
-4.984376525878906250e+02 4.062994848936796188e-03
-4.969497680664062500e+02 4.173019435256719589e-03
-4.954619140625000000e+02 4.260424524545669556e-03
-4.939740295410156250e+02 4.324834793806076050e-03
-4.924861450195312500e+02 4.374306183308362961e-03
-4.909982910156250000e+02 4.409952554851770401e-03
-4.895104064941406250e+02 4.432355053722858429e-03
-4.880225219726562500e+02 4.444770514965057373e-03
-4.865346679687500000e+02 4.448919091373682022e-03
-4.850467529296875000e+02 4.445311147719621658e-03
-4.835588989257812500e+02 4.434265196323394775e-03
-4.820710449218750000e+02 4.420496989041566849e-03
-4.805831909179687500e+02 4.410922061651945114e-03
-4.790952758789062500e+02 4.413802176713943481e-03
-4.776074218750000000e+02 4.433777183294296265e-03
-4.761195678710937500e+02 4.466640762984752655e-03
-4.746316528320312500e+02 4.511795006692409515e-03
-4.731437988281250000e+02 4.569114185869693756e-03
-4.716559448242187500e+02 4.629466682672500610e-03
-4.701680297851562500e+02 4.686149302870035172e-03
-4.686801757812500000e+02 4.735187161713838577e-03
-4.671923217773437500e+02 4.771118983626365662e-03
-4.657044067382812500e+02 4.793263971805572510e-03
-4.642165527343750000e+02 4.796000663191080093e-03
-4.627286987304687500e+02 4.770087543874979019e-03
-4.612407836914062500e+02 4.715962801128625870e-03
-4.597529296875000000e+02 4.632828757166862488e-03
-4.582650756835937500e+02 4.516453482210636139e-03
-4.567771606445312500e+02 4.365596920251846313e-03
-4.552893066406250000e+02 4.182059783488512039e-03
-4.538014526367187500e+02 3.968072123825550079e-03
-4.523135375976562500e+02 3.723258152604103088e-03
-4.508256835937500000e+02 3.450731746852397919e-03
-4.493378295898437500e+02 3.155373735353350639e-03
-4.478499145507812500e+02 2.843005349859595299e-03
-4.463620605468750000e+02 2.525487216189503670e-03
-4.448742065429687500e+02 2.219850197434425354e-03
-4.433862915039062500e+02 1.944362535141408443e-03
-4.418984375000000000e+02 1.715148682706058025e-03
-4.404105834960937500e+02 1.546932850033044815e-03
-4.389227294921875000e+02 1.451377524062991142e-03
-4.374348144531250000e+02 1.427507260814309120e-03
-4.359469604492187500e+02 1.462567015551030636e-03
-4.344591064453125000e+02 1.541415811516344547e-03
-4.329711914062500000e+02 1.655022962950170040e-03
-4.314833374023437500e+02 1.804362284019589424e-03
-4.299954833984375000e+02 1.993081299588084221e-03
-4.285075683593750000e+02 2.216533292084932327e-03
-4.270197143554687500e+02 2.470751758664846420e-03
-4.255318603515625000e+02 2.755057532340288162e-03
-4.240439453125000000e+02 3.055179724469780922e-03
-4.225560913085937500e+02 3.352636471390724182e-03
-4.210682373046875000e+02 3.632989479228854179e-03
-4.195803222656250000e+02 3.880940610542893410e-03
-4.180924682617187500e+02 4.083923064172267914e-03
-4.166046142578125000e+02 4.234530497342348099e-03
-4.151166992187500000e+02 4.325145855545997620e-03
-4.136288452148437500e+02 4.349003080278635025e-03
-4.121409912109375000e+02 4.308487754315137863e-03
-4.106530761718750000e+02 4.209767095744609833e-03
-4.091652221679687500e+02 4.059182479977607727e-03
-4.076773681640625000e+02 3.862929763272404671e-03
-4.061894531250000000e+02 3.629996906965970993e-03
-4.047015991210937500e+02 3.374806838110089302e-03
-4.032137451171875000e+02 3.112222068011760712e-03
-4.017258300781250000e+02 2.855872036889195442e-03
-4.002379760742187500e+02 2.620507963001728058e-03
-3.987501220703125000e+02 2.420106669887900352e-03
-3.972622070312500000e+02 2.268139971420168877e-03
-3.957743530273437500e+02 2.181274350732564926e-03
-3.942864990234375000e+02 2.172205364331603050e-03
-3.927986450195312500e+02 2.228601137176156044e-03
-3.913107299804687500e+02 2.332667354494333267e-03
-3.898228759765625000e+02 2.479807240888476372e-03
-3.883350219726562500e+02 2.657790435478091240e-03
-3.868471069335937500e+02 2.853088546544313431e-03
-3.853592529296875000e+02 3.062844742089509964e-03
-3.838713989257812500e+02 3.289192682132124901e-03
-3.823834838867187500e+02 3.532236674800515175e-03
-3.808956298828125000e+02 3.791590919718146324e-03
-3.794077758789062500e+02 4.067951813340187073e-03
-3.779198608398437500e+02 4.361159168183803558e-03
-3.764320068359375000e+02 4.671302624046802521e-03
-3.749441528320312500e+02 4.996206611394882202e-03
-3.734562377929687500e+02 5.330486223101615906e-03
-3.719683837890625000e+02 5.669747013598680496e-03
-3.704805297851562500e+02 6.009341683238744736e-03
-3.689926147460937500e+02 6.342123262584209442e-03
-3.675047607421875000e+02 6.661448162049055099e-03
-3.660169067382812500e+02 6.961139850318431854e-03
-3.645289916992187500e+02 7.234641350805759430e-03
-3.630411376953125000e+02 7.476932369172573090e-03
-3.615532836914062500e+02 7.684957701712846756e-03
-3.600653686523437500e+02 7.861724123358726501e-03
-3.585775146484375000e+02 8.019251748919487000e-03
-3.570896606445312500e+02 8.156267926096916199e-03
-3.556017456054687500e+02 8.265900425612926483e-03
-3.541138916015625000e+02 8.354505524039268494e-03
-3.526260375976562500e+02 8.421017788350582123e-03
-3.511381225585937500e+02 8.459259755909442902e-03
-3.496502685546875000e+02 8.466692641377449036e-03
-3.481624145507812500e+02 8.442009799182415009e-03
-3.466745605468750000e+02 8.383501321077346802e-03
-3.451866455078125000e+02 8.288630284368991852e-03
-3.436987915039062500e+02 8.155750110745429993e-03
-3.422109375000000000e+02 7.983658462762832642e-03
-3.407230224609375000e+02 7.773931603878736496e-03
-3.392351684570312500e+02 7.531959563493728638e-03
-3.377473144531250000e+02 7.266034837812185287e-03
-3.362593994140625000e+02 6.985654588788747787e-03
-3.347715454101562500e+02 6.702820770442485809e-03
-3.332836914062500000e+02 6.432219408452510834e-03
-3.317957763671875000e+02 6.187709514051675797e-03
-3.303079223632812500e+02 5.981087684631347656e-03
-3.288200683593750000e+02 5.821808706969022751e-03
-3.273321533203125000e+02 5.716843996196985245e-03
-3.258442993164062500e+02 5.666458513587713242e-03
-3.243564453125000000e+02 5.669535137712955475e-03
-3.228685302734375000e+02 5.720856133848428726e-03
-3.213806762695312500e+02 5.796373356133699417e-03
-3.198928222656250000e+02 5.876731593161821365e-03
-3.184049072265625000e+02 5.947602447122335434e-03
-3.169170532226562500e+02 5.986784584820270538e-03
-3.154291992187500000e+02 5.983486771583557129e-03
-3.139412841796875000e+02 5.933789536356925964e-03
-3.124534301757812500e+02 5.831819493323564529e-03
-3.109655761718750000e+02 5.671900231391191483e-03
-3.094776611328125000e+02 5.447862204164266586e-03
-3.079898071289062500e+02 5.151254590600728989e-03
-3.065019531250000000e+02 4.773334134370088577e-03
-3.050140991210937500e+02 4.307890776544809341e-03
-3.035261840820312500e+02 3.751583164557814598e-03
-3.020383300781250000e+02 3.103924216702580452e-03
-3.005504760742187500e+02 2.371290931478142738e-03
-2.990625610351562500e+02 1.579932053573429585e-03
-2.975747070312500000e+02 8.834851905703544617e-04
-2.960868530273437500e+02 9.106585639528930187e-04
-2.945989379882812500e+02 1.733064535073935986e-03
-2.931110839843750000e+02 2.768852049484848976e-03
-2.916232299804687500e+02 3.849560627713799477e-03
-2.901353149414062500e+02 4.926277790218591690e-03
-2.886474609375000000e+02 5.980620160698890686e-03
-2.871596069335937500e+02 7.008240092545747757e-03
-2.856716918945312500e+02 7.971241138875484467e-03
-2.841838378906250000e+02 8.840035647153854370e-03
-2.826959838867187500e+02 9.620669297873973846e-03
-2.812080688476562500e+02 1.028812583535909653e-02
-2.797202148437500000e+02 1.081190630793571472e-02
-2.782323608398437500e+02 1.118800044059753418e-02
-2.767444458007812500e+02 1.141740381717681885e-02
-2.752565917968750000e+02 1.150489132851362228e-02
-2.737687377929687500e+02 1.145851798355579376e-02
-2.722808227539062500e+02 1.129023544490337372e-02
-2.707929687500000000e+02 1.101468596607446671e-02
-2.693051147460937500e+02 1.064846199005842209e-02
-2.678171997070312500e+02 1.021078042685985565e-02
-2.663293457031250000e+02 9.721076115965843201e-03
-2.648414916992187500e+02 9.198432788252830505e-03
-2.633535766601562500e+02 8.662901818752288818e-03
-2.618657226562500000e+02 8.133437484502792358e-03
-2.603778686523437500e+02 7.626311387866735458e-03
-2.588900146484375000e+02 7.156081963330507278e-03
-2.574020996093750000e+02 6.736305076628923416e-03
-2.559142456054687500e+02 6.378834135830402374e-03
-2.544263916015625000e+02 6.093404255807399750e-03
-2.529384765625000000e+02 5.888744257390499115e-03
-2.514506225585937500e+02 5.767053924500942230e-03
-2.499627685546875000e+02 5.724110174924135208e-03
-2.484748535156250000e+02 5.757791455835103989e-03
-2.469869995117187500e+02 5.861822515726089478e-03
-2.454991455078125000e+02 6.028327625244855881e-03
-2.440112304687500000e+02 6.251241546124219894e-03
-2.425233764648437500e+02 6.521134637296199799e-03
-2.410355224609375000e+02 6.826875731348991394e-03
-2.395476074218750000e+02 7.153701037168502808e-03
-2.380597534179687500e+02 7.485349196940660477e-03
-2.365718994140625000e+02 7.805671542882919312e-03
-2.350839843750000000e+02 8.096076548099517822e-03
-2.335961303710937500e+02 8.338169194757938385e-03
-2.321082763671875000e+02 8.516106754541397095e-03
-2.306203613281250000e+02 8.616098202764987946e-03
-2.291325073242187500e+02 8.627354167401790619e-03
-2.276446533203125000e+02 8.542831987142562866e-03
-2.261567382812500000e+02 8.358627557754516602e-03
-2.246688842773437500e+02 8.074235171079635620e-03
-2.231810302734375000e+02 7.694816216826438904e-03
-2.216931152343750000e+02 7.231294177472591400e-03
-2.202052612304687500e+02 6.698079872876405716e-03
-2.187174072265625000e+02 6.112008355557918549e-03
-2.172294921875000000e+02 5.478994920849800110e-03
-2.157416381835937500e+02 4.804184660315513611e-03
-2.142537841796875000e+02 4.136785864830017090e-03
-2.127659301757812500e+02 3.524244064465165138e-03
-2.112780151367187500e+02 2.996851457282900810e-03
-2.097901611328125000e+02 2.636661985889077187e-03
-2.083023071289062500e+02 2.522335387766361237e-03
-2.068143920898437500e+02 2.661613980308175087e-03
-2.053265380859375000e+02 3.002893179655075073e-03
-2.038386840820312500e+02 3.473239718005061150e-03
-2.023507690429687500e+02 4.017185885459184647e-03
-2.008629150390625000e+02 4.597005899995565414e-03
-1.993750610351562500e+02 5.184916313737630844e-03
-1.978871459960937500e+02 5.757775157690048218e-03
-1.963992919921875000e+02 6.291583180427551270e-03
-1.949114379882812500e+02 6.762527395039796829e-03
-1.934235229492187500e+02 7.148975506424903870e-03
-1.919356689453125000e+02 7.432041689753532410e-03
-1.904478149414062500e+02 7.596741430461406708e-03
-1.889598999023437500e+02 7.634047418832778931e-03
-1.874720458984375000e+02 7.541618775576353073e-03
-1.859841918945312500e+02 7.323298603296279907e-03
-1.844962768554687500e+02 6.989704445004463196e-03
-1.830084228515625000e+02 6.558198947459459305e-03
-1.815205688476562500e+02 6.064684595912694931e-03
-1.800326538085937500e+02 5.560004152357578278e-03
-1.785447998046875000e+02 5.065671633929014206e-03
-1.770569458007812500e+02 4.598023369908332825e-03
-1.755690307617187500e+02 4.185952246189117432e-03
-1.740811767578125000e+02 3.821802092716097832e-03
-1.725933227539062500e+02 3.485723398625850677e-03
-1.711054077148437500e+02 3.167919581755995750e-03
-1.696175537109375000e+02 2.858319086953997612e-03
-1.681296997070312500e+02 2.551885088905692101e-03
-1.666418457031250000e+02 2.253053942695260048e-03
-1.651539306640625000e+02 1.979691907763481140e-03
-1.636660766601562500e+02 1.764744869433343410e-03
-1.621782226562500000e+02 1.647929428145289421e-03
-1.606903076171875000e+02 1.653170562349259853e-03
-1.592024536132812500e+02 1.766199478879570961e-03
-1.577145996093750000e+02 1.941470778547227383e-03
-1.562266845703125000e+02 2.129460452124476433e-03
-1.547388305664062500e+02 2.293511526659131050e-03
-1.532509765625000000e+02 2.411051653325557709e-03
-1.517630615234375000e+02 2.470985054969787598e-03
-1.502752075195312500e+02 2.478373236954212189e-03
-1.487873535156250000e+02 2.460189396515488625e-03
-1.472994384765625000e+02 2.459031995385885239e-03
-1.458115844726562500e+02 2.538162050768733025e-03
-1.443237304687500000e+02 2.746260492131114006e-03
-1.428358154296875000e+02 3.075189655646681786e-03
-1.413479614257812500e+02 3.514610696583986282e-03
-1.398601074218750000e+02 4.054923541843891144e-03
-1.383721923828125000e+02 4.651780705899000168e-03
-1.368843383789062500e+02 5.263986997306346893e-03
-1.353964843750000000e+02 5.870409775525331497e-03
-1.339085693359375000e+02 6.454599089920520782e-03
-1.324207153320312500e+02 7.003813982009887695e-03
-1.309328613281250000e+02 7.509659510105848312e-03
-1.294449462890625000e+02 7.970804348587989807e-03
-1.279570922851562500e+02 8.391113951802253723e-03
-1.264692382812500000e+02 8.777643553912639618e-03
-1.249813842773437500e+02 9.140489622950553894e-03
-1.234934692382812500e+02 9.491631761193275452e-03
-1.220056152343750000e+02 9.842022322118282318e-03
-1.205177612304687500e+02 1.020093355327844620e-02
-1.190298461914062500e+02 1.057740766555070877e-02
-1.175419921875000000e+02 1.097579300403594971e-02
-1.160541381835937500e+02 1.139160990715026855e-02
-1.145662231445312500e+02 1.181656494736671448e-02
-1.130783691406250000e+02 1.224128715693950653e-02
-1.115905151367187500e+02 1.265350077301263809e-02
-1.101026000976562500e+02 1.302659977227449417e-02
-1.086147460937500000e+02 1.332873385399580002e-02
-1.071268920898437500e+02 1.355925388634204865e-02
-1.056389770507812500e+02 1.371807232499122620e-02
-1.041511230468750000e+02 1.378611940890550613e-02
-1.026632690429687500e+02 1.376760937273502350e-02
-1.011753540039062500e+02 1.367922872304916382e-02
-9.968750000000000000e+01 1.353281736373901367e-02
-9.819964599609375000e+01 1.334488485008478165e-02
-9.671173095703125000e+01 1.313496660441160202e-02
-9.522387695312500000e+01 1.292416919022798538e-02
-9.373602294921875000e+01 1.273248810321092606e-02
-9.224810791015625000e+01 1.257675420492887497e-02
-9.076025390625000000e+01 1.246750447899103165e-02
-8.927239990234375000e+01 1.240578386932611465e-02
-8.778448486328125000e+01 1.238562446087598801e-02
-8.629663085937500000e+01 1.239329949021339417e-02
-8.480877685546875000e+01 1.240736246109008789e-02
-8.332086181640625000e+01 1.240668352693319321e-02
-8.183300781250000000e+01 1.237332075834274292e-02
-8.034515380859375000e+01 1.229269802570343018e-02
-7.885729980468750000e+01 1.215532049536705017e-02
-7.736938476562500000e+01 1.195768732577562332e-02
-7.588153076171875000e+01 1.170254498720169067e-02
-7.439367675781250000e+01 1.139232143759727478e-02
-7.290576171875000000e+01 1.103689800947904587e-02
-7.141790771484375000e+01 1.066576875746250153e-02
-6.993005371093750000e+01 1.031466480344533920e-02
-6.844213867187500000e+01 1.001778896898031235e-02
-6.695428466796875000e+01 9.801386855542659760e-03
-6.546643066406250000e+01 9.684655815362930298e-03
-6.397851562500000000e+01 9.687687270343303680e-03
-6.249066162109375000e+01 9.827916510403156281e-03
-6.100280761718750000e+01 1.012304890900850296e-02
-5.951489257812500000e+01 1.059604622423648834e-02
-5.802703857421875000e+01 1.128304470330476761e-02
-5.653918457031250000e+01 1.223942823708057404e-02
-5.505126953125000000e+01 1.354139670729637146e-02
-5.356341552734375000e+01 1.528847031295299530e-02
-5.207556152343750000e+01 1.760010421276092529e-02
-5.058764648437500000e+01 2.060965634882450104e-02
-4.909979248046875000e+01 2.446125447750091553e-02
-4.761193847656250000e+01 2.931029722094535828e-02
-4.612402343750000000e+01 3.532489761710166931e-02
-4.463616943359375000e+01 4.268766194581985474e-02
-4.314831542968750000e+01 5.159875750541687012e-02
-4.166040039062500000e+01 6.227591261267662048e-02
-4.017254638671875000e+01 7.495208084583282471e-02
-3.868469238281250000e+01 8.988668024539947510e-02
-3.719677734375000000e+01 1.073451042175292969e-01
-3.570892333984375000e+01 1.275525391101837158e-01
-3.422106933593750000e+01 1.507307440042495728e-01
-3.273321533203125000e+01 1.770885735750198364e-01
-3.124530029296875000e+01 2.067521661520004272e-01
-2.975744628906250000e+01 2.397877424955368042e-01
-2.826959228515625000e+01 2.762089669704437256e-01
-2.678167724609375000e+01 3.159461617469787598e-01
-2.529382324218750000e+01 3.588338196277618408e-01
-2.380596923828125000e+01 4.046040177345275879e-01
-2.231805419921875000e+01 4.528809785842895508e-01
-2.083020019531250000e+01 5.031821131706237793e-01
-1.934234619140625000e+01 5.549218654632568359e-01
-1.785443115234375000e+01 6.074171066284179688e-01
-1.636657714843750000e+01 6.598991751670837402e-01
-1.487872314453125000e+01 7.115370631217956543e-01
-1.339080810546875000e+01 7.614510059356689453e-01
-1.190295410156250000e+01 8.087421655654907227e-01
-1.041510009765625000e+01 8.525147438049316406e-01
-8.927185058593750000e+00 8.919053673744201660e-01
-7.439331054687500000e+00 9.261108040809631348e-01
-5.951477050781250000e+00 9.544121026992797852e-01
-4.463562011718750000e+00 9.762020707130432129e-01
-2.975708007812500000e+00 9.910039901733398438e-01
-1.487854003906250000e+00 9.984900355339050293e-01
6.103515625000000000e-05 9.984900355339050293e-01
1.487915039062500000e+00 9.910040497779846191e-01
2.975769042968750000e+00 9.762020707130432129e-01
4.463684082031250000e+00 9.544121026992797852e-01
5.951538085937500000e+00 9.261108040809631348e-01
7.439392089843750000e+00 8.919053673744201660e-01
8.927246093750000000e+00 8.525147438049316406e-01
1.041516113281250000e+01 8.087421655654907227e-01
1.190301513671875000e+01 7.614510059356689453e-01
1.339086914062500000e+01 7.115370631217956543e-01
1.487878417968750000e+01 6.598991751670837402e-01
1.636663818359375000e+01 6.074171662330627441e-01
1.785449218750000000e+01 5.549219250679016113e-01
1.934240722656250000e+01 5.031821131706237793e-01
2.083026123046875000e+01 4.528809785842895508e-01
2.231811523437500000e+01 4.046040475368499756e-01
2.380603027343750000e+01 3.588338196277618408e-01
2.529394531250000000e+01 3.159461617469787598e-01
2.678173828125000000e+01 2.762089669704437256e-01
2.826965332031250000e+01 2.397877573966979980e-01
2.975756835937500000e+01 2.067521810531616211e-01
3.124536132812500000e+01 1.770885735750198364e-01
3.273327636718750000e+01 1.507307440042495728e-01
3.422106933593750000e+01 1.275525391101837158e-01
3.570898437500000000e+01 1.073451042175292969e-01
3.719689941406250000e+01 8.988668769598007202e-02
3.868469238281250000e+01 7.495208084583282471e-02
4.017260742187500000e+01 6.227591261267662048e-02
4.166052246093750000e+01 5.159876123070716858e-02
4.314831542968750000e+01 4.268766194581985474e-02
4.463623046875000000e+01 3.532489761710166931e-02
4.612414550781250000e+01 2.931029722094535828e-02
4.761193847656250000e+01 2.446125447750091553e-02
4.909985351562500000e+01 2.060965634882450104e-02
5.058776855468750000e+01 1.760010421276092529e-02
5.207556152343750000e+01 1.528847031295299530e-02
5.356347656250000000e+01 1.354139670729637146e-02
5.505139160156250000e+01 1.223942823708057404e-02
5.653918457031250000e+01 1.128304470330476761e-02
5.802709960937500000e+01 1.059604622423648834e-02
5.951501464843750000e+01 1.012304890900850296e-02
6.100280761718750000e+01 9.827916510403156281e-03
6.249072265625000000e+01 9.687687270343303680e-03
6.397863769531250000e+01 9.684654884040355682e-03
6.546643066406250000e+01 9.801386855542659760e-03
6.695434570312500000e+01 1.001778896898031235e-02
6.844226074218750000e+01 1.031466480344533920e-02
6.993005371093750000e+01 1.066576875746250153e-02
7.141796875000000000e+01 1.103689800947904587e-02
7.290588378906250000e+01 1.139232143759727478e-02
7.439367675781250000e+01 1.170254498720169067e-02
7.588159179687500000e+01 1.195768732577562332e-02
7.736950683593750000e+01 1.215532049536705017e-02
7.885729980468750000e+01 1.229269709438085556e-02
8.034521484375000000e+01 1.237332075834274292e-02
8.183312988281250000e+01 1.240668352693319321e-02
8.332092285156250000e+01 1.240736246109008789e-02
8.480883789062500000e+01 1.239329949021339417e-02
8.629675292968750000e+01 1.238562446087598801e-02
8.778454589843750000e+01 1.240578386932611465e-02
8.927246093750000000e+01 1.246750447899103165e-02
9.076037597656250000e+01 1.257675420492887497e-02
9.224816894531250000e+01 1.273248810321092606e-02
9.373608398437500000e+01 1.292416919022798538e-02
9.522399902343750000e+01 1.313496567308902740e-02
9.671179199218750000e+01 1.334488391876220703e-02
9.819970703125000000e+01 1.353281736373901367e-02
9.968762207031250000e+01 1.367922872304916382e-02
1.011754150390625000e+02 1.376760844141244888e-02
1.026633300781250000e+02 1.378611940890550613e-02
1.041512451171875000e+02 1.371807232499122620e-02
1.056390380859375000e+02 1.355925388634204865e-02
1.071269531250000000e+02 1.332873385399580002e-02
1.086148681640625000e+02 1.302659977227449417e-02
1.101026611328125000e+02 1.265350170433521271e-02
1.115905761718750000e+02 1.224128715693950653e-02
1.130784912109375000e+02 1.181656494736671448e-02
1.145662841796875000e+02 1.139160990715026855e-02
1.160541992187500000e+02 1.097579300403594971e-02
1.175421142578125000e+02 1.057740766555070877e-02
1.190299072265625000e+02 1.020093355327844620e-02
1.205178222656250000e+02 9.842022322118282318e-03
1.220056152343750000e+02 9.491631761193275452e-03
1.234935302734375000e+02 9.140489622950553894e-03
1.249814453125000000e+02 8.777643553912639618e-03
1.264692382812500000e+02 8.391114883124828339e-03
1.279571533203125000e+02 7.970804348587989807e-03
1.294450683593750000e+02 7.509659510105848312e-03
1.309328613281250000e+02 7.003813982009887695e-03
1.324207763671875000e+02 6.454599555581808090e-03
1.339086914062500000e+02 5.870409775525331497e-03
1.353964843750000000e+02 5.263987462967634201e-03
1.368843994140625000e+02 4.651780705899000168e-03
1.383723144531250000e+02 4.054923541843891144e-03
1.398601074218750000e+02 3.514610929414629936e-03
1.413480224609375000e+02 3.075189655646681786e-03
1.428359375000000000e+02 2.746260492131114006e-03
1.443237304687500000e+02 2.538162050768733025e-03
1.458116455078125000e+02 2.459031995385885239e-03
1.472995605468750000e+02 2.460189396515488625e-03
1.487873535156250000e+02 2.478373236954212189e-03
1.502752685546875000e+02 2.470985054969787598e-03
1.517631835937500000e+02 2.411051653325557709e-03
1.532509765625000000e+02 2.293511526659131050e-03
1.547388916015625000e+02 2.129460452124476433e-03
1.562268066406250000e+02 1.941470778547227383e-03
1.577145996093750000e+02 1.766199478879570961e-03
1.592025146484375000e+02 1.653170678764581680e-03
1.606904296875000000e+02 1.647929428145289421e-03
1.621782226562500000e+02 1.764744869433343410e-03
1.636661376953125000e+02 1.979691907763481140e-03
1.651540527343750000e+02 2.253053942695260048e-03
1.666418457031250000e+02 2.551885088905692101e-03
1.681297607421875000e+02 2.858318854123353958e-03
1.696176757812500000e+02 3.167919348925352097e-03
1.711054687500000000e+02 3.485723165795207024e-03
1.725933837890625000e+02 3.821802092716097832e-03
1.740812988281250000e+02 4.185952246189117432e-03
1.755690917968750000e+02 4.598022904247045517e-03
1.770570068359375000e+02 5.065671633929014206e-03
1.785449218750000000e+02 5.560004152357578278e-03
1.800327148437500000e+02 6.064684595912694931e-03
1.815206298828125000e+02 6.558198481798171997e-03
1.830085449218750000e+02 6.989704445004463196e-03
1.844963378906250000e+02 7.323298137634992599e-03
1.859842529296875000e+02 7.541618775576353073e-03
1.874721679687500000e+02 7.634047418832778931e-03
1.889599609375000000e+02 7.596741430461406708e-03
1.904478759765625000e+02 7.432042155414819717e-03
1.919357910156250000e+02 7.148975506424903870e-03
1.934235839843750000e+02 6.762527395039796829e-03
1.949114990234375000e+02 6.291583646088838577e-03
1.963994140625000000e+02 5.757775157690048218e-03
1.978872070312500000e+02 5.184916313737630844e-03
1.993751220703125000e+02 4.597005899995565414e-03
2.008630371093750000e+02 4.017185885459184647e-03
2.023508300781250000e+02 3.473239718005061150e-03
2.038387451171875000e+02 3.002893179655075073e-03
2.053266601562500000e+02 2.661613980308175087e-03
2.068144531250000000e+02 2.522335387766361237e-03
2.083023681640625000e+02 2.636661985889077187e-03
2.097902832031250000e+02 2.996851457282900810e-03
2.112780761718750000e+02 3.524243831634521484e-03
2.127659912109375000e+02 4.136785864830017090e-03
2.142537841796875000e+02 4.804184660315513611e-03
2.157416992187500000e+02 5.478994920849800110e-03
2.172296142578125000e+02 6.112008355557918549e-03
2.187174072265625000e+02 6.698079872876405716e-03
2.202053222656250000e+02 7.231293711811304092e-03
2.216932373046875000e+02 7.694815751165151596e-03
2.231810302734375000e+02 8.074235171079635620e-03
2.246689453125000000e+02 8.358627557754516602e-03
2.261568603515625000e+02 8.542831987142562866e-03
2.276446533203125000e+02 8.627354167401790619e-03
2.291325683593750000e+02 8.616098202764987946e-03
2.306204833984375000e+02 8.516106754541397095e-03
2.321082763671875000e+02 8.338169194757938385e-03
2.335961914062500000e+02 8.096076548099517822e-03
2.350841064453125000e+02 7.805672008544206619e-03
2.365718994140625000e+02 7.485349196940660477e-03
2.380598144531250000e+02 7.153701037168502808e-03
2.395477294921875000e+02 6.826875731348991394e-03
2.410355224609375000e+02 6.521134637296199799e-03
2.425234375000000000e+02 6.251241546124219894e-03
2.440113525390625000e+02 6.028327625244855881e-03
2.454991455078125000e+02 5.861822515726089478e-03
2.469870605468750000e+02 5.757791455835103989e-03
2.484749755859375000e+02 5.724110174924135208e-03
2.499627685546875000e+02 5.767053924500942230e-03
2.514506835937500000e+02 5.888744257390499115e-03
2.529385986328125000e+02 6.093404255807399750e-03
2.544263916015625000e+02 6.378834135830402374e-03
2.559143066406250000e+02 6.736305076628923416e-03
2.574022216796875000e+02 7.156081497669219971e-03
2.588900146484375000e+02 7.626310922205448151e-03
2.603779296875000000e+02 8.133436553180217743e-03
2.618658447265625000e+02 8.662901818752288818e-03
2.633536376953125000e+02 9.198432788252830505e-03
2.648415527343750000e+02 9.721075184643268585e-03
2.663294677734375000e+02 1.021078042685985565e-02
2.678172607421875000e+02 1.064846199005842209e-02
2.693051757812500000e+02 1.101468596607446671e-02
2.707930908203125000e+02 1.129023544490337372e-02
2.722808837890625000e+02 1.145851705223321915e-02
2.737687988281250000e+02 1.150489132851362228e-02
2.752567138671875000e+02 1.141740381717681885e-02
2.767445068359375000e+02 1.118800137192010880e-02
2.782324218750000000e+02 1.081190630793571472e-02
2.797203369140625000e+02 1.028812676668167114e-02
2.812081298828125000e+02 9.620670229196548462e-03
2.826960449218750000e+02 8.840035647153854370e-03
2.841839599609375000e+02 7.971241138875484467e-03
2.856717529296875000e+02 7.008240092545747757e-03
2.871596679687500000e+02 5.980620160698890686e-03
2.886475830078125000e+02 4.926278255879878998e-03
2.901353759765625000e+02 3.849560860544443130e-03
2.916232910156250000e+02 2.768852049484848976e-03
2.931112060546875000e+02 1.733064535073935986e-03
2.945989990234375000e+02 9.106585639528930187e-04
2.960869140625000000e+02 8.834851905703544617e-04
2.975748291015625000e+02 1.579932053573429585e-03
2.990626220703125000e+02 2.371290931478142738e-03
3.005505371093750000e+02 3.103923983871936798e-03
3.020383300781250000e+02 3.751582931727170944e-03
3.035262451171875000e+02 4.307890776544809341e-03
3.050141601562500000e+02 4.773334134370088577e-03
3.065019531250000000e+02 5.151254590600728989e-03
3.079898681640625000e+02 5.447862204164266586e-03
3.094777832031250000e+02 5.671899765729904175e-03
3.109655761718750000e+02 5.831819027662277222e-03
3.124534912109375000e+02 5.933789070695638657e-03
3.139414062500000000e+02 5.983486771583557129e-03
3.154291992187500000e+02 5.986784584820270538e-03
3.169171142578125000e+02 5.947602447122335434e-03
3.184050292968750000e+02 5.876732058823108673e-03
3.198928222656250000e+02 5.796373356133699417e-03
3.213807373046875000e+02 5.720856133848428726e-03
3.228686523437500000e+02 5.669535137712955475e-03
3.243564453125000000e+02 5.666458513587713242e-03
3.258443603515625000e+02 5.716843996196985245e-03
3.273322753906250000e+02 5.821808706969022751e-03
3.288200683593750000e+02 5.981087218970060349e-03
3.303079833984375000e+02 6.187709514051675797e-03
3.317958984375000000e+02 6.432219408452510834e-03
3.332836914062500000e+02 6.702820304781198502e-03
3.347716064453125000e+02 6.985654588788747787e-03
3.362595214843750000e+02 7.266034837812185287e-03
3.377473144531250000e+02 7.531959097832441330e-03
3.392352294921875000e+02 7.773931603878736496e-03
3.407231445312500000e+02 7.983658462762832642e-03
3.422109375000000000e+02 8.155750110745429993e-03
3.436988525390625000e+02 8.288630284368991852e-03
3.451867675781250000e+02 8.383501321077346802e-03
3.466745605468750000e+02 8.442009799182415009e-03
3.481624755859375000e+02 8.466692641377449036e-03
3.496503906250000000e+02 8.459260687232017517e-03
3.511381835937500000e+02 8.421017788350582123e-03
3.526260986328125000e+02 8.354505524039268494e-03
3.541140136718750000e+02 8.265900425612926483e-03
3.556018066406250000e+02 8.156267926096916199e-03
3.570897216796875000e+02 8.019251748919487000e-03
3.585776367187500000e+02 7.861724123358726501e-03
3.600654296875000000e+02 7.684957701712846756e-03
3.615533447265625000e+02 7.476932834833860397e-03
3.630412597656250000e+02 7.234641350805759430e-03
3.645290527343750000e+02 6.961139850318431854e-03
3.660169677734375000e+02 6.661448627710342407e-03
3.675048828125000000e+02 6.342123262584209442e-03
3.689926757812500000e+02 6.009341683238744736e-03
3.704805908203125000e+02 5.669747013598680496e-03
3.719685058593750000e+02 5.330486688762903214e-03
3.734562988281250000e+02 4.996206611394882202e-03
3.749442138671875000e+02 4.671302624046802521e-03
3.764321289062500000e+02 4.361159168183803558e-03
3.779199218750000000e+02 4.067951813340187073e-03
3.794078369140625000e+02 3.791590919718146324e-03
3.808957519531250000e+02 3.532236674800515175e-03
3.823835449218750000e+02 3.289192682132124901e-03
3.838714599609375000e+02 3.062844742089509964e-03
3.853593750000000000e+02 2.853088779374957085e-03
3.868471679687500000e+02 2.657790435478091240e-03
3.883350830078125000e+02 2.479807240888476372e-03
3.898228759765625000e+02 2.332667354494333267e-03
3.913107910156250000e+02 2.228601137176156044e-03
3.927987060546875000e+02 2.172205364331603050e-03
3.942864990234375000e+02 2.181274117901921272e-03
3.957744140625000000e+02 2.268139971420168877e-03
3.972623291015625000e+02 2.420106437057256699e-03
3.987501220703125000e+02 2.620507963001728058e-03
4.002380371093750000e+02 2.855871804058551788e-03
4.017259521484375000e+02 3.112222068011760712e-03
4.032137451171875000e+02 3.374806838110089302e-03
4.047016601562500000e+02 3.629996674135327339e-03
4.061895751953125000e+02 3.862929530441761017e-03
4.076773681640625000e+02 4.059182479977607727e-03
4.091652832031250000e+02 4.209766630083322525e-03
4.106531982421875000e+02 4.308487754315137863e-03
4.121409912109375000e+02 4.349003080278635025e-03
4.136289062500000000e+02 4.325145855545997620e-03
4.151168212890625000e+02 4.234530497342348099e-03
4.166046142578125000e+02 4.083923529833555222e-03
4.180925292968750000e+02 3.880940610542893410e-03
4.195804443359375000e+02 3.632989712059497833e-03
4.210682373046875000e+02 3.352636471390724182e-03
4.225561523437500000e+02 3.055179724469780922e-03
4.240440673828125000e+02 2.755057765170931816e-03
4.255318603515625000e+02 2.470751758664846420e-03
4.270197753906250000e+02 2.216533524915575981e-03
4.285076904296875000e+02 1.993081299588084221e-03
4.299954833984375000e+02 1.804362284019589424e-03
4.314833984375000000e+02 1.655023079365491867e-03
4.329713134765625000e+02 1.541415927931666374e-03
4.344591064453125000e+02 1.462567015551030636e-03
4.359470214843750000e+02 1.427507260814309120e-03
4.374349365234375000e+02 1.451377524062991142e-03
4.389227294921875000e+02 1.546932850033044815e-03
4.404106445312500000e+02 1.715148682706058025e-03
4.418985595703125000e+02 1.944362535141408443e-03
4.433863525390625000e+02 2.219850197434425354e-03
4.448742675781250000e+02 2.525487216189503670e-03
4.463621826171875000e+02 2.843005349859595299e-03
4.478499755859375000e+02 3.155373735353350639e-03
4.493378906250000000e+02 3.450731746852397919e-03
4.508258056640625000e+02 3.723258152604103088e-03
4.523135986328125000e+02 3.968072123825550079e-03
4.538015136718750000e+02 4.182059783488512039e-03
4.552894287109375000e+02 4.365596920251846313e-03
4.567772216796875000e+02 4.516453482210636139e-03
4.582651367187500000e+02 4.632828757166862488e-03
4.597530517578125000e+02 4.715962801128625870e-03
4.612408447265625000e+02 4.770087543874979019e-03
4.627287597656250000e+02 4.796000663191080093e-03
4.642166748046875000e+02 4.793263971805572510e-03
4.657044677734375000e+02 4.771119449287652969e-03
4.671923828125000000e+02 4.735187161713838577e-03
4.686802978515625000e+02 4.686149302870035172e-03
4.701680908203125000e+02 4.629466682672500610e-03
4.716560058593750000e+02 4.569114185869693756e-03
4.731439208984375000e+02 4.511795006692409515e-03
4.746317138671875000e+02 4.466640762984752655e-03
4.761196289062500000e+02 4.433777183294296265e-03
4.776075439453125000e+02 4.413802176713943481e-03
4.790953369140625000e+02 4.410922061651945114e-03
4.805832519531250000e+02 4.420496989041566849e-03
4.820710449218750000e+02 4.434265196323394775e-03
4.835589599609375000e+02 4.445311147719621658e-03
4.850468750000000000e+02 4.448919091373682022e-03
4.865346679687500000e+02 4.444770514965057373e-03
4.880225830078125000e+02 4.432355053722858429e-03
4.895104980468750000e+02 4.409952554851770401e-03
4.909982910156250000e+02 4.374306183308362961e-03
4.924862060546875000e+02 4.324834793806076050e-03
4.939741210937500000e+02 4.260424524545669556e-03
4.954619140625000000e+02 4.173019435256719589e-03
4.969498291015625000e+02 4.062995314598083496e-03
4.984377441406250000e+02 3.930932376533746719e-03
4.999255371093750000e+02 3.768283408135175705e-03
5.014134521484375000e+02 3.571814624592661858e-03
5.029013671875000000e+02 3.336890833452343941e-03
5.043891601562500000e+02 3.059730399399995804e-03
5.058770751953125000e+02 2.738848794251680374e-03
5.073649902343750000e+02 2.374462550505995750e-03
5.088527832031250000e+02 1.967792166396975517e-03
5.103406982421875000e+02 1.523124170489609241e-03
5.118286132812500000e+02 1.049575279466807842e-03
5.133164062500000000e+02 5.792687297798693180e-04
5.148043212890625000e+02 3.487079229671508074e-04
5.162922363281250000e+02 6.752168410457670689e-04
5.177800292968750000e+02 1.200814847834408283e-03
5.192679443359375000e+02 1.752001233398914337e-03
5.207558593750000000e+02 2.307848306372761726e-03
5.222436523437500000e+02 2.860506298020482063e-03
5.237315673828125000e+02 3.397955093532800674e-03
5.252194824218750000e+02 3.907045349478721619e-03
5.267072753906250000e+02 4.378909710794687271e-03
5.281951904296875000e+02 4.815276246517896652e-03
5.296831054687500000e+02 5.211962386965751648e-03
5.311708984375000000e+02 5.565945524722337723e-03
5.326588134765625000e+02 5.880900658667087555e-03
5.341467285156250000e+02 6.151847075670957565e-03
5.356345214843750000e+02 6.370385643094778061e-03
5.371224365234375000e+02 6.533553823828697205e-03
5.386103515625000000e+02 6.638145539909601212e-03
5.400981445312500000e+02 6.684633437544107437e-03
5.415860595703125000e+02 6.670957431197166443e-03
5.430739746093750000e+02 6.593740079551935196e-03
5.445617675781250000e+02 6.448311265558004379e-03
5.460496826171875000e+02 6.232300773262977600e-03
5.475375976562500000e+02 5.946384277194738388e-03
5.490253906250000000e+02 5.592570640146732330e-03
5.505133056640625000e+02 5.177210085093975067e-03
5.520012207031250000e+02 4.705913364887237549e-03
5.534890136718750000e+02 4.183985758572816849e-03
5.549769287109375000e+02 3.621892305091023445e-03
5.564648437500000000e+02 3.043148200958967209e-03
5.579526367187500000e+02 2.465212950482964516e-03
5.594405517578125000e+02 1.898806192912161350e-03
5.609284667968750000e+02 1.375717809423804283e-03
5.624162597656250000e+02 9.599641780368983746e-04
5.639041748046875000e+02 7.750966469757258892e-04
5.653920898437500000e+02 8.969593909569084644e-04
5.668798828125000000e+02 1.180292456410825253e-03
5.683677978515625000e+02 1.510281465016305447e-03
5.698555908203125000e+02 1.839522039517760277e-03
5.713435058593750000e+02 2.127757528796792030e-03
5.728314208984375000e+02 2.366408705711364746e-03
5.743192138671875000e+02 2.547608222812414169e-03
5.758071289062500000e+02 2.657982520759105682e-03
5.772950439453125000e+02 2.687190892174839973e-03
5.787828369140625000e+02 2.637514146044850349e-03
5.802707519531250000e+02 2.523242961615324020e-03
5.817586669921875000e+02 2.355217467993497849e-03
5.832464599609375000e+02 2.153647365048527718e-03
5.847343750000000000e+02 1.956155756488442421e-03
5.862222900390625000e+02 1.787524553947150707e-03
5.877100830078125000e+02 1.660973182879388332e-03
5.891979980468750000e+02 1.597626018337905407e-03
5.906859130859375000e+02 1.601817319169640541e-03
5.921737060546875000e+02 1.656353473663330078e-03
5.936616210937500000e+02 1.734962454065680504e-03
5.951495361328125000e+02 1.814755494706332684e-03
5.966373291015625000e+02 1.889837090857326984e-03
5.981252441406250000e+02 1.957808854058384895e-03
5.996131591796875000e+02 2.013143850490450859e-03
6.011009521484375000e+02 2.058974932879209518e-03
6.025888671875000000e+02 2.092476235702633858e-03
6.040767822265625000e+02 2.136901952326297760e-03
6.055645751953125000e+02 2.213817089796066284e-03
6.070524902343750000e+02 2.305471803992986679e-03
6.085404052734375000e+02 2.420239383354783058e-03
6.100281982421875000e+02 2.562726614996790886e-03
6.115161132812500000e+02 2.705036895349621773e-03
6.130040283203125000e+02 2.843030262738466263e-03
6.144918212890625000e+02 2.980157732963562012e-03
6.159797363281250000e+02 3.103642957285046577e-03
6.174676513671875000e+02 3.214883850887417793e-03
6.189554443359375000e+02 3.317291615530848503e-03
6.204433593750000000e+02 3.399463137611746788e-03
6.219312744140625000e+02 3.451993921771645546e-03
6.234190673828125000e+02 3.467189846560359001e-03
6.249069824218750000e+02 3.444375004619359970e-03
6.263948974609375000e+02 3.381796879693865776e-03
6.278826904296875000e+02 3.283035010099411011e-03
6.293706054687500000e+02 3.154520411044359207e-03
6.308585205078125000e+02 2.996348077431321144e-03
6.323463134765625000e+02 2.821909496560692787e-03
6.338342285156250000e+02 2.647389890626072884e-03
6.353221435546875000e+02 2.498468616977334023e-03
6.368099365234375000e+02 2.390378154814243317e-03
6.382978515625000000e+02 2.316255820915102959e-03
6.397857666015625000e+02 2.302375156432390213e-03
6.412735595703125000e+02 2.350458642467856407e-03
6.427614746093750000e+02 2.420860808342695236e-03
6.442493896484375000e+02 2.502156654372811317e-03
6.457371826171875000e+02 2.581210341304540634e-03
6.472250976562500000e+02 2.640011021867394447e-03
6.487130126953125000e+02 2.657787641510367393e-03
6.502008056640625000e+02 2.613054821267724037e-03
6.516887207031250000e+02 2.504393225535750389e-03
6.531766357421875000e+02 2.338663209229707718e-03
6.546644287109375000e+02 2.122190315276384354e-03
6.561523437500000000e+02 1.859373878687620163e-03
6.576402587890625000e+02 1.585541525855660439e-03
6.591280517578125000e+02 1.366026466712355614e-03
6.606159667968750000e+02 1.276003895327448845e-03
6.621037597656250000e+02 1.385730574838817120e-03
6.635916748046875000e+02 1.678911852650344372e-03
6.650795898437500000e+02 2.080040751025080681e-03
6.665673828125000000e+02 2.525916555896401405e-03
6.680552978515625000e+02 2.963140374049544334e-03
6.695432128906250000e+02 3.362756920978426933e-03
6.710310058593750000e+02 3.707707859575748444e-03
6.725189208984375000e+02 3.987988457083702087e-03
6.740068359375000000e+02 4.200907889753580093e-03
6.754946289062500000e+02 4.351793322712182999e-03
6.769825439453125000e+02 4.453606437891721725e-03
6.784704589843750000e+02 4.507356323301792145e-03
6.799582519531250000e+02 4.555311985313892365e-03
6.814461669921875000e+02 4.611919634044170380e-03
6.829340820312500000e+02 4.661308601498603821e-03
6.844218750000000000e+02 4.718568176031112671e-03
6.859097900390625000e+02 4.787535406649112701e-03
6.873977050781250000e+02 4.874740727245807648e-03
6.888854980468750000e+02 4.970785230398178101e-03
6.903734130859375000e+02 5.066990852355957031e-03
6.918613281250000000e+02 5.174438003450632095e-03
6.933491210937500000e+02 5.294805392622947693e-03
6.948370361328125000e+02 5.415203981101512909e-03
6.963249511718750000e+02 5.516731645911931992e-03
6.978127441406250000e+02 5.603690631687641144e-03
6.993006591796875000e+02 5.673869978636503220e-03
7.007885742187500000e+02 5.711526144295930862e-03
7.022763671875000000e+02 5.702768452465534210e-03
7.037642822265625000e+02 5.641701631247997284e-03
7.052521972656250000e+02 5.527571309357881546e-03
7.067399902343750000e+02 5.363526288419961929e-03
7.082279052734375000e+02 5.152463447302579880e-03
7.097158203125000000e+02 4.894440062344074249e-03
7.112036132812500000e+02 4.579398315399885178e-03
7.126915283203125000e+02 4.206692799925804138e-03
7.141794433593750000e+02 3.794921562075614929e-03
7.156672363281250000e+02 3.364406526088714600e-03
7.171551513671875000e+02 2.940668957307934761e-03
7.186430664062500000e+02 2.537553664296865463e-03
7.201308593750000000e+02 2.176028909161686897e-03
7.216187744140625000e+02 1.912143547087907791e-03
7.231066894531250000e+02 1.764150336384773254e-03
7.245944824218750000e+02 1.709398929961025715e-03
7.260823974609375000e+02 1.733574550598859787e-03
7.275703125000000000e+02 1.829296932555735111e-03
7.290581054687500000e+02 1.987349241971969604e-03
7.305460205078125000e+02 2.185748424381017685e-03
7.320339355468750000e+02 2.415373455733060837e-03
7.335217285156250000e+02 2.671855734661221504e-03
7.350096435546875000e+02 2.956475364044308662e-03
7.364975585937500000e+02 3.285515820607542992e-03
7.379853515625000000e+02 3.672566730529069901e-03
7.394732666015625000e+02 4.080303944647312164e-03
7.409611816406250000e+02 4.482009448111057281e-03
7.424489746093750000e+02 4.874465055763721466e-03
7.439368896484375000e+02 5.224717780947685242e-03
7.454248046875000000e+02 5.505422130227088928e-03
7.469125976562500000e+02 5.754604935646057129e-03
7.484005126953125000e+02 5.992779042571783066e-03
7.498883056640625000e+02 6.192513275891542435e-03
7.513762207031250000e+02 6.358286831527948380e-03
7.528641357421875000e+02 6.494168192148208618e-03
7.543519287109375000e+02 6.612136494368314743e-03
7.558398437500000000e+02 6.726851686835289001e-03
7.573277587890625000e+02 6.843565497547388077e-03
7.588155517578125000e+02 6.965906824916601181e-03
7.603034667968750000e+02 7.090213242918252945e-03
7.617913818359375000e+02 7.233927492052316666e-03
7.632791748046875000e+02 7.390897721052169800e-03
7.647670898437500000e+02 7.505794055759906769e-03
7.662550048828125000e+02 7.581300567835569382e-03
7.677427978515625000e+02 7.633903529495000839e-03
7.692307128906250000e+02 7.632380351424217224e-03
7.707186279296875000e+02 7.533669471740722656e-03
7.722064208984375000e+02 7.343225181102752686e-03
7.736943359375000000e+02 7.102301809936761856e-03
7.751822509765625000e+02 6.796116009354591370e-03
7.766700439453125000e+02 6.429092027246952057e-03
7.781579589843750000e+02 6.032041274011135101e-03
7.796458740234375000e+02 5.611094646155834198e-03
7.811336669921875000e+02 5.156101658940315247e-03
7.826215820312500000e+02 4.646128043532371521e-03
7.841094970703125000e+02 4.073692020028829575e-03
7.855972900390625000e+02 3.425918286666274071e-03
7.870852050781250000e+02 2.640640828758478165e-03
7.885731201171875000e+02 1.744833542034029961e-03
7.900609130859375000e+02 8.664032793603837490e-04
7.915488281250000000e+02 7.034589070826768875e-04
7.930367431640625000e+02 1.622964045964181423e-03
7.945245361328125000e+02 2.778385765850543976e-03
7.960124511718750000e+02 3.987234085798263550e-03
7.975003662109375000e+02 5.226042121648788452e-03
7.989881591796875000e+02 6.441039033234119415e-03
8.004760742187500000e+02 7.592835929244756699e-03
8.019639892578125000e+02 8.713569492101669312e-03
8.034517822265625000e+02 9.765371680259704590e-03
8.049396972656250000e+02 1.070085726678371429e-02
8.064276123046875000e+02 1.149213686585426331e-02
8.079154052734375000e+02 1.207990385591983795e-02
8.094033203125000000e+02 1.243072189390659332e-02
8.108912353515625000e+02 1.256942283362150192e-02
8.123790283203125000e+02 1.247203536331653595e-02
8.138669433593750000e+02 1.210946869105100632e-02
8.153548583984375000e+02 1.150495558977127075e-02
8.168426513671875000e+02 1.068070624023675919e-02
8.183305664062500000e+02 9.773995727300643921e-03
8.198184814453125000e+02 8.826605975627899170e-03
8.213062744140625000e+02 7.777443155646324158e-03
8.227941894531250000e+02 6.762261036783456802e-03
8.242821044921875000e+02 5.827371031045913696e-03
8.257698974609375000e+02 4.895535297691822052e-03
8.272578125000000000e+02 4.003131296485662460e-03
8.287457275390625000e+02 3.196551930159330368e-03
8.302335205078125000e+02 2.564006252214312553e-03
8.317214355468750000e+02 2.222954528406262398e-03
8.332093505859375000e+02 2.201841911301016808e-03
8.346971435546875000e+02 2.427706494927406311e-03
8.361850585937500000e+02 2.780740614980459213e-03
8.376728515625000000e+02 3.185804467648267746e-03
8.391607666015625000e+02 3.635628847405314445e-03
8.406486816406250000e+02 4.110777750611305237e-03
8.421364746093750000e+02 4.579765256494283676e-03
8.436243896484375000e+02 5.019115284085273743e-03
8.451123046875000000e+02 5.412935279309749603e-03
8.466000976562500000e+02 5.772384349256753922e-03
8.480880126953125000e+02 6.092316936701536179e-03
8.495759277343750000e+02 6.329911295324563980e-03
8.510637207031250000e+02 6.512398365885019302e-03
8.525516357421875000e+02 6.683904677629470825e-03
8.540395507812500000e+02 6.817588582634925842e-03
8.555273437500000000e+02 6.941890809684991837e-03
8.570152587890625000e+02 7.097022142261266708e-03
8.585031738281250000e+02 7.297516800463199615e-03
8.599909667968750000e+02 7.539660669863224030e-03
8.614788818359375000e+02 7.765229325741529465e-03
8.629667968750000000e+02 7.956990972161293030e-03
8.644545898437500000e+02 8.046390488743782043e-03
8.659425048828125000e+02 8.021630346775054932e-03
8.674304199218750000e+02 7.918915711343288422e-03
8.689182128906250000e+02 7.683414965867996216e-03
8.704061279296875000e+02 7.312509696930646896e-03
8.718940429687500000e+02 6.829062011092901230e-03
8.733818359375000000e+02 6.274117622524499893e-03
8.748697509765625000e+02 5.715241655707359314e-03
8.763576660156250000e+02 5.160637199878692627e-03
8.778454589843750000e+02 4.574221093207597733e-03
8.793333740234375000e+02 4.006736911833286285e-03
8.808212890625000000e+02 3.519269870594143867e-03
8.823090820312500000e+02 3.115175524726510048e-03
8.837969970703125000e+02 2.819395624101161957e-03
8.852849121093750000e+02 2.614286728203296661e-03
8.867727050781250000e+02 2.538434229791164398e-03
8.882606201171875000e+02 2.626702189445495605e-03
8.897485351562500000e+02 2.851773053407669067e-03
8.912363281250000000e+02 3.161646658554673195e-03
8.927242431640625000e+02 3.517680102959275246e-03
8.942121582031250000e+02 3.872468834742903709e-03
8.956999511718750000e+02 4.176383372396230698e-03
8.971878662109375000e+02 4.444790072739124298e-03
8.986757812500000000e+02 4.675498232245445251e-03
9.001635742187500000e+02 4.856355488300323486e-03
9.016514892578125000e+02 4.975471645593643188e-03
9.031394042968750000e+02 5.065932869911193848e-03
9.046271972656250000e+02 5.178908351808786392e-03
9.061151123046875000e+02 5.282326135784387589e-03
9.076030273437500000e+02 5.387533456087112427e-03
9.090908203125000000e+02 5.517219658941030502e-03
9.105787353515625000e+02 5.641960073262453079e-03
9.120666503906250000e+02 5.719382781535387039e-03
9.135544433593750000e+02 5.773921031504869461e-03
9.150423583984375000e+02 5.846469197422266006e-03
9.165302734375000000e+02 5.920329596847295761e-03
9.180180664062500000e+02 6.008310243487358093e-03
9.195059814453125000e+02 6.082931533455848694e-03
9.209938964843750000e+02 6.109307520091533661e-03
9.224816894531250000e+02 6.082884036004543304e-03
9.239696044921875000e+02 5.967594683170318604e-03
9.254575195312500000e+02 5.567701999098062515e-03
9.269453125000000000e+02 4.903589375317096710e-03
9.284332275390625000e+02 4.155645612627267838e-03
9.299210205078125000e+02 3.208889625966548920e-03
9.314089355468750000e+02 2.190027153119444847e-03
9.328968505859375000e+02 1.302177668549120426e-03
9.343846435546875000e+02 8.118115947581827641e-04
9.358725585937500000e+02 1.085019437596201897e-03
9.373604736328125000e+02 1.687001320533454418e-03
9.388482666015625000e+02 2.244116738438606262e-03
9.403361816406250000e+02 2.655983436852693558e-03
9.418240966796875000e+02 2.955651143565773964e-03
9.433118896484375000e+02 3.228055546060204506e-03
9.447998046875000000e+02 3.437503008171916008e-03
9.462877197265625000e+02 3.573065623641014099e-03
9.477755126953125000e+02 3.705701092258095741e-03
9.492634277343750000e+02 3.844737075269222260e-03
9.507513427734375000e+02 3.996064420789480209e-03
9.522391357421875000e+02 4.146707244217395782e-03
9.537270507812500000e+02 4.266286268830299377e-03
9.552149658203125000e+02 4.417903255671262741e-03
9.567027587890625000e+02 4.637154284864664078e-03
9.581906738281250000e+02 4.815513268113136292e-03
9.596785888671875000e+02 4.899345804005861282e-03
9.611663818359375000e+02 4.931983072310686111e-03
9.626542968750000000e+02 4.954149015247821808e-03
9.641422119140625000e+02 5.010270513594150543e-03
9.656300048828125000e+02 5.204453133046627045e-03
9.671179199218750000e+02 5.604803096503019333e-03
9.686058349609375000e+02 6.106088869273662567e-03
9.700936279296875000e+02 6.614738143980503082e-03
9.715815429687500000e+02 7.098063360899686813e-03
9.730694580078125000e+02 7.567678112536668777e-03
9.745572509765625000e+02 7.956066168844699860e-03
9.760451660156250000e+02 8.218174800276756287e-03
9.775330810546875000e+02 8.407019078731536865e-03
9.790208740234375000e+02 8.585596457123756409e-03
9.805087890625000000e+02 8.787989616394042969e-03
9.819967041015625000e+02 8.902217261493206024e-03
9.834844970703125000e+02 8.945932611823081970e-03
9.849724121093750000e+02 9.014748036861419678e-03
9.864603271484375000e+02 9.030685760080814362e-03
9.879481201171875000e+02 8.970276452600955963e-03
9.894360351562500000e+02 8.910485543310642242e-03
9.909239501953125000e+02 8.874984458088874817e-03
9.924117431640625000e+02 8.870553225278854370e-03
9.938996582031250000e+02 8.848083205521106720e-03
9.953875732421875000e+02 8.855335414409637451e-03
9.968753662109375000e+02 8.908669464290142059e-03
9.983632812500000000e+02 8.895453996956348419e-03
