-1.000000000000000000e+03 0.000000000000000000e+00
-9.985119018554687500e+02 0.000000000000000000e+00
-9.970238037109375000e+02 1.800862140953540802e-02
-9.955357055664062500e+02 1.803081855177879333e-02
-9.940476074218750000e+02 1.775921694934368134e-02
-9.925595092773437500e+02 1.736784912645816803e-02
-9.910714111328125000e+02 1.698084734380245209e-02
-9.895833129882812500e+02 1.659625954926013947e-02
-9.880952148437500000e+02 1.624432578682899475e-02
-9.866071166992187500e+02 1.597389020025730133e-02
-9.851190185546875000e+02 1.553870551288127899e-02
-9.836309814453125000e+02 1.491359621286392212e-02
-9.821428833007812500e+02 1.426281593739986420e-02
-9.806547851562500000e+02 1.365054026246070862e-02
-9.791666870117187500e+02 1.306133065372705460e-02
-9.776785888671875000e+02 1.238186378031969070e-02
-9.761904907226562500e+02 1.163142547011375427e-02
-9.747023925781250000e+02 1.097413059324026108e-02
-9.732142944335937500e+02 1.045192684978246689e-02
-9.717261962890625000e+02 9.890400804579257965e-03
-9.702380981445312500e+02 9.256842546164989471e-03
-9.687500000000000000e+02 8.631614968180656433e-03
-9.672619018554687500e+02 8.116859942674636841e-03
-9.657738037109375000e+02 7.661390583962202072e-03
-9.642857055664062500e+02 7.209205999970436096e-03
-9.627976074218750000e+02 6.786152720451354980e-03
-9.613095092773437500e+02 6.339784245938062668e-03
-9.598214111328125000e+02 5.837966687977313995e-03
-9.583333129882812500e+02 5.350732710212469101e-03
-9.568452148437500000e+02 4.896437283605337143e-03
-9.553571166992187500e+02 4.449079744517803192e-03
-9.538690185546875000e+02 4.172113724052906036e-03
-9.523809814453125000e+02 4.060863982886075974e-03
-9.508928833007812500e+02 3.856355091556906700e-03
-9.494047851562500000e+02 3.668210934847593307e-03
-9.479166870117187500e+02 3.544314531609416008e-03
-9.464285888671875000e+02 3.543683094903826714e-03
-9.449404907226562500e+02 3.806436434388160706e-03
-9.434523925781250000e+02 4.102286882698535919e-03
-9.419642944335937500e+02 4.421019926667213440e-03
-9.404761962890625000e+02 4.918765742331743240e-03
-9.389880981445312500e+02 5.573602858930826187e-03
-9.375000000000000000e+02 6.232632324099540710e-03
-9.360119018554687500e+02 6.800837349146604538e-03
-9.345238037109375000e+02 7.325307931751012802e-03
-9.330357055664062500e+02 7.917539216578006744e-03
-9.315476074218750000e+02 8.518914692103862762e-03
-9.300595092773437500e+02 9.053172543644905090e-03
-9.285714111328125000e+02 9.652841836214065552e-03
-9.270833129882812500e+02 1.018659677356481552e-02
-9.255952148437500000e+02 1.066279131919145584e-02
-9.241071166992187500e+02 1.117255166172981262e-02
-9.226190185546875000e+02 1.162243541330099106e-02
-9.211309814453125000e+02 1.200844533741474152e-02
-9.196428222656250000e+02 1.233909837901592255e-02
-9.181547851562500000e+02 1.261431723833084106e-02
-9.166666870117187500e+02 1.281892973929643631e-02
-9.151785888671875000e+02 1.304185111075639725e-02
-9.136904907226562500e+02 1.325169205665588379e-02
-9.122023925781250000e+02 1.346755586564540863e-02
-9.107142944335937500e+02 1.366410590708255768e-02
-9.092261962890625000e+02 1.370729226619005203e-02
-9.077380981445312500e+02 1.370575651526451111e-02
-9.062500000000000000e+02 1.368573214858770370e-02
-9.047619018554687500e+02 1.366460695862770081e-02
-9.032738037109375000e+02 1.364192180335521698e-02
-9.017857055664062500e+02 1.355815213173627853e-02
-9.002976074218750000e+02 1.349839381873607635e-02
-8.988095092773437500e+02 1.340598985552787781e-02
-8.973214111328125000e+02 1.326287910342216492e-02
-8.958333129882812500e+02 1.320706959813833237e-02
-8.943452148437500000e+02 1.316966209560632706e-02
-8.928571166992187500e+02 1.307592913508415222e-02
-8.913690185546875000e+02 1.299025118350982666e-02
-8.898809814453125000e+02 1.297067198902368546e-02
-8.883928222656250000e+02 1.288123056292533875e-02
-8.869047851562500000e+02 1.278076041489839554e-02
-8.854166870117187500e+02 1.270612236112356186e-02
-8.839285888671875000e+02 1.262206677347421646e-02
-8.824404907226562500e+02 1.265666913241147995e-02
-8.809523925781250000e+02 1.271666865795850754e-02
-8.794642944335937500e+02 1.275143586099147797e-02
-8.779761962890625000e+02 1.278606150299310684e-02
-8.764880981445312500e+02 1.276828348636627197e-02
-8.750000000000000000e+02 1.280597411096096039e-02
-8.735119018554687500e+02 1.289312448352575302e-02
-8.720238037109375000e+02 1.296377833932638168e-02
-8.705357055664062500e+02 1.301405578851699829e-02
-8.690476074218750000e+02 1.304366439580917358e-02
-8.675595092773437500e+02 1.306045427918434143e-02
-8.660714111328125000e+02 1.309894770383834839e-02
-8.645833129882812500e+02 1.316101849079132080e-02
-8.630952148437500000e+02 1.317275315523147583e-02
-8.616071166992187500e+02 1.311426423490047455e-02
-8.601190185546875000e+02 1.301021222025156021e-02
-8.586309814453125000e+02 1.292870100587606430e-02
-8.571428222656250000e+02 1.283877436071634293e-02
-8.556547851562500000e+02 1.274998672306537628e-02
-8.541666259765625000e+02 1.264334563165903091e-02
-8.526785888671875000e+02 1.243549119681119919e-02
-8.511904907226562500e+02 1.210663933306932449e-02
-8.497023925781250000e+02 1.176109164953231812e-02
-8.482142944335937500e+02 1.150875631719827652e-02
-8.467261962890625000e+02 1.118026673793792725e-02
-8.452380981445312500e+02 1.070484425872564316e-02
-8.437500000000000000e+02 1.020236779004335403e-02
-8.422619018554687500e+02 9.729699231684207916e-03
-8.407738037109375000e+02 9.252582676708698273e-03
-8.392857055664062500e+02 8.723788894712924957e-03
-8.377976074218750000e+02 8.097049780189990997e-03
-8.363095092773437500e+02 7.429905701428651810e-03
-8.348214111328125000e+02 6.882547400891780853e-03
-8.333333129882812500e+02 6.307235918939113617e-03
-8.318452148437500000e+02 5.641047377139329910e-03
-8.303571166992187500e+02 5.015963688492774963e-03
-8.288690185546875000e+02 4.450518637895584106e-03
-8.273809814453125000e+02 3.917598165571689606e-03
-8.258928222656250000e+02 3.392143640667200089e-03
-8.244047851562500000e+02 2.932388102635741234e-03
-8.229166259765625000e+02 2.597859594970941544e-03
-8.214285888671875000e+02 2.422830322757363319e-03
-8.199404907226562500e+02 2.477021887898445129e-03
-8.184523925781250000e+02 2.762649208307266235e-03
-8.169642944335937500e+02 3.166939131915569305e-03
-8.154761962890625000e+02 3.630483755841851234e-03
-8.139880981445312500e+02 4.172443877905607224e-03
-8.125000000000000000e+02 4.787461832165718079e-03
-8.110119018554687500e+02 5.363565403968095779e-03
-8.095238037109375000e+02 5.815502256155014038e-03
-8.080357055664062500e+02 6.212175358086824417e-03
-8.065476074218750000e+02 6.672868970781564713e-03
-8.050595092773437500e+02 7.199140265583992004e-03
-8.035714111328125000e+02 7.718205917626619339e-03
-8.020833129882812500e+02 8.190006949007511139e-03
-8.005952148437500000e+02 8.566645905375480652e-03
-7.991071166992187500e+02 8.907654322683811188e-03
-7.976190185546875000e+02 9.301315061748027802e-03
-7.961309814453125000e+02 9.735612198710441589e-03
-7.946428222656250000e+02 1.017105206847190857e-02
-7.931547851562500000e+02 1.057337131351232529e-02
-7.916666259765625000e+02 1.095006149262189865e-02
-7.901785888671875000e+02 1.132814958691596985e-02
-7.886904907226562500e+02 1.171299442648887634e-02
-7.872023925781250000e+02 1.204370241612195969e-02
-7.857142944335937500e+02 1.233422849327325821e-02
-7.842261962890625000e+02 1.266697980463504791e-02
-7.827380981445312500e+02 1.300486084073781967e-02
-7.812500000000000000e+02 1.329752057790756226e-02
-7.797619018554687500e+02 1.355866994708776474e-02
-7.782738037109375000e+02 1.380481477826833725e-02
-7.767857055664062500e+02 1.403716951608657837e-02
-7.752976074218750000e+02 1.425910461694002151e-02
-7.738095092773437500e+02 1.445910241454839706e-02
-7.723214111328125000e+02 1.461841259151697159e-02
-7.708333129882812500e+02 1.481929048895835876e-02
-7.693452148437500000e+02 1.505870185792446136e-02
-7.678571166992187500e+02 1.526776608079671860e-02
-7.663690185546875000e+02 1.541959587484598160e-02
-7.648809814453125000e+02 1.549868565052747726e-02
-7.633928222656250000e+02 1.555688399821519852e-02
-7.619047851562500000e+02 1.559470687061548233e-02
-7.604166259765625000e+02 1.558439433574676514e-02
-7.589285888671875000e+02 1.557086221873760223e-02
-7.574404907226562500e+02 1.553025189787149429e-02
-7.559523925781250000e+02 1.540356408804655075e-02
-7.544642944335937500e+02 1.523088943213224411e-02
-7.529761962890625000e+02 1.507313735783100128e-02
-7.514880981445312500e+02 1.491623837500810623e-02
-7.500000000000000000e+02 1.469493564218282700e-02
-7.485119018554687500e+02 1.441336330026388168e-02
-7.470238037109375000e+02 1.409499812871217728e-02
-7.455357055664062500e+02 1.375565491616725922e-02
-7.440476074218750000e+02 1.336582750082015991e-02
-7.425595092773437500e+02 1.290150731801986694e-02
-7.410714111328125000e+02 1.243528909981250763e-02
-7.395833129882812500e+02 1.197727769613265991e-02
-7.380952148437500000e+02 1.151370909065008163e-02
-7.366071777343750000e+02 1.105236262083053589e-02
-7.351190185546875000e+02 1.054238341748714447e-02
-7.336309814453125000e+02 9.977372363209724426e-03
-7.321428222656250000e+02 9.392255917191505432e-03
-7.306547851562500000e+02 8.790034800767898560e-03
-7.291666259765625000e+02 8.169426582753658295e-03
-7.276785888671875000e+02 7.548125460743904114e-03
-7.261904296875000000e+02 6.930018309503793716e-03
-7.247023925781250000e+02 6.276070140302181244e-03
-7.232142333984375000e+02 5.613940767943859100e-03
-7.217261962890625000e+02 4.959895275533199310e-03
-7.202380981445312500e+02 4.274934530258178711e-03
-7.187500000000000000e+02 3.588947234675288200e-03
-7.172619018554687500e+02 2.916635712608695030e-03
-7.157738037109375000e+02 2.248977078124880791e-03
-7.142857055664062500e+02 1.590883941389620304e-03
-7.127976074218750000e+02 9.348120074719190598e-04
-7.113095092773437500e+02 3.285007842350751162e-04
-7.098214111328125000e+02 3.969057579524815083e-04
-7.083333129882812500e+02 1.029619481414556503e-03
-7.068452148437500000e+02 1.685196417383849621e-03
-7.053571777343750000e+02 2.290058415383100510e-03
-7.038690185546875000e+02 2.849941840395331383e-03
-7.023809814453125000e+02 3.413886297494173050e-03
-7.008928222656250000e+02 3.979254513978958130e-03
-6.994047851562500000e+02 4.527332726866006851e-03
-6.979166259765625000e+02 5.058334674686193466e-03
-6.964285888671875000e+02 5.574334878474473953e-03
-6.949404296875000000e+02 6.068368908017873764e-03
-6.934523925781250000e+02 6.529816891998052597e-03
-6.919642333984375000e+02 6.928542628884315491e-03
-6.904761962890625000e+02 7.261665537953376770e-03
-6.889880981445312500e+02 7.592047099024057388e-03
-6.875000000000000000e+02 7.924350909888744354e-03
-6.860119018554687500e+02 8.236487396061420441e-03
-6.845238037109375000e+02 8.531737141311168671e-03
-6.830357055664062500e+02 8.772532455623149872e-03
-6.815476074218750000e+02 8.975313976407051086e-03
-6.800595092773437500e+02 9.187327697873115540e-03
-6.785714111328125000e+02 9.422796778380870819e-03
-6.770833129882812500e+02 9.644897654652595520e-03
-6.755952148437500000e+02 9.791967459022998810e-03
-6.741071777343750000e+02 9.894099086523056030e-03
-6.726190185546875000e+02 1.001016516238451004e-02
-6.711309814453125000e+02 1.014235801994800568e-02
-6.696428222656250000e+02 1.025450509041547775e-02
-6.681547851562500000e+02 1.035267952829599380e-02
-6.666666259765625000e+02 1.046541891992092133e-02
-6.651785888671875000e+02 1.056858059018850327e-02
-6.636904296875000000e+02 1.065715588629245758e-02
-6.622023925781250000e+02 1.075831241905689240e-02
-6.607142333984375000e+02 1.086640078574419022e-02
-6.592261962890625000e+02 1.097235269844532013e-02
-6.577380981445312500e+02 1.108855661004781723e-02
-6.562500000000000000e+02 1.122733019292354584e-02
-6.547619018554687500e+02 1.135869510471820831e-02
-6.532738037109375000e+02 1.144152600318193436e-02
-6.517857055664062500e+02 1.151497196406126022e-02
-6.502976074218750000e+02 1.162662543356418610e-02
-6.488095092773437500e+02 1.175943389534950256e-02
-6.473214111328125000e+02 1.187233999371528625e-02
-6.458333129882812500e+02 1.195128168910741806e-02
-6.443452148437500000e+02 1.201673783361911774e-02
-6.428571166992187500e+02 1.208890881389379501e-02
-6.413690185546875000e+02 1.216074731200933456e-02
-6.398809814453125000e+02 1.221675798296928406e-02
-6.383928222656250000e+02 1.226298511028289795e-02
-6.369047851562500000e+02 1.229235157370567322e-02
-6.354166259765625000e+02 1.228806748986244202e-02
-6.339285888671875000e+02 1.225551962852478027e-02
-6.324404296875000000e+02 1.221648883074522018e-02
-6.309523925781250000e+02 1.215185411274433136e-02
-6.294642333984375000e+02 1.202936656773090363e-02
-6.279761962890625000e+02 1.187364757061004639e-02
-6.264880981445312500e+02 1.169001590460538864e-02
-6.250000000000000000e+02 1.145911775529384613e-02
-6.235119018554687500e+02 1.121584884822368622e-02
-6.220238037109375000e+02 1.096273865550756454e-02
-6.205357055664062500e+02 1.066617108881473541e-02
-6.190476074218750000e+02 1.033968199044466019e-02
-6.175595092773437500e+02 9.988457895815372467e-03
-6.160714111328125000e+02 9.609121829271316528e-03
-6.145833129882812500e+02 9.221141226589679718e-03
-6.130952148437500000e+02 8.818779140710830688e-03
-6.116071166992187500e+02 8.377407677471637726e-03
-6.101190185546875000e+02 7.919927127659320831e-03
-6.086309814453125000e+02 7.461337372660636902e-03
-6.071428222656250000e+02 6.979655008763074875e-03
-6.056547851562500000e+02 6.484942976385354996e-03
-6.041666259765625000e+02 5.993211176246404648e-03
-6.026785888671875000e+02 5.500517319887876511e-03
-6.011904296875000000e+02 5.009080283343791962e-03
-5.997023925781250000e+02 4.532136023044586182e-03
-5.982142333984375000e+02 4.075131379067897797e-03
-5.967261962890625000e+02 3.659194335341453552e-03
-5.952380981445312500e+02 3.296141978353261948e-03
-5.937500000000000000e+02 2.992716617882251740e-03
-5.922619018554687500e+02 2.774202730506658554e-03
-5.907738037109375000e+02 2.658893354237079620e-03
-5.892857055664062500e+02 2.652948023751378059e-03
-5.877976074218750000e+02 2.769737271592020988e-03
-5.863095092773437500e+02 2.996581839397549629e-03
-5.848214111328125000e+02 3.283273428678512573e-03
-5.833333129882812500e+02 3.611400490626692772e-03
-5.818452148437500000e+02 3.966323565691709518e-03
-5.803571166992187500e+02 4.324047826230525970e-03
-5.788690185546875000e+02 4.688023123890161514e-03
-5.773809814453125000e+02 5.055489949882030487e-03
-5.758928222656250000e+02 5.422301590442657471e-03
-5.744047851562500000e+02 5.785651970654726028e-03
-5.729166259765625000e+02 6.133444607257843018e-03
-5.714285888671875000e+02 6.452513393014669418e-03
-5.699404296875000000e+02 6.755114533007144928e-03
-5.684523925781250000e+02 7.053806446492671967e-03
-5.669642333984375000e+02 7.340329233556985855e-03
-5.654761962890625000e+02 7.610747590661048889e-03
-5.639880371093750000e+02 7.872941903769969940e-03
-5.625000000000000000e+02 8.128219284117221832e-03
-5.610119018554687500e+02 8.355476893484592438e-03
-5.595238037109375000e+02 8.541478775441646576e-03
-5.580357055664062500e+02 8.709932677447795868e-03
-5.565476074218750000e+02 8.883464150130748749e-03
-5.550595092773437500e+02 9.041426703333854675e-03
-5.535714111328125000e+02 9.172670543193817139e-03
-5.520833129882812500e+02 9.289409033954143524e-03
-5.505952148437500000e+02 9.397152811288833618e-03
-5.491071166992187500e+02 9.492741897702217102e-03
-5.476190185546875000e+02 9.574769064784049988e-03
-5.461309814453125000e+02 9.642298333346843719e-03
-5.446428222656250000e+02 9.697759523987770081e-03
-5.431547851562500000e+02 9.742188267409801483e-03
-5.416666259765625000e+02 9.761535562574863434e-03
-5.401785888671875000e+02 9.763502515852451324e-03
-5.386904296875000000e+02 9.757677093148231506e-03
-5.372023925781250000e+02 9.735772386193275452e-03
-5.357142333984375000e+02 9.687725454568862915e-03
-5.342261962890625000e+02 9.619976393878459930e-03
-5.327380371093750000e+02 9.544966742396354675e-03
-5.312500000000000000e+02 9.458747692406177521e-03
-5.297619018554687500e+02 9.350199252367019653e-03
-5.282738037109375000e+02 9.218569844961166382e-03
-5.267857055664062500e+02 9.063878096640110016e-03
-5.252976074218750000e+02 8.897688239812850952e-03
-5.238095092773437500e+02 8.729089982807636261e-03
-5.223214111328125000e+02 8.545428514480590820e-03
-5.208333129882812500e+02 8.342240005731582642e-03
-5.193452148437500000e+02 8.120692335069179535e-03
-5.178571166992187500e+02 7.877781987190246582e-03
-5.163690185546875000e+02 7.615406997501850128e-03
-5.148809814453125000e+02 7.341783493757247925e-03
-5.133928222656250000e+02 7.056252565234899521e-03
-5.119047546386718750e+02 6.763209588825702667e-03
-5.104166564941406250e+02 6.463530007749795914e-03
-5.089285583496093750e+02 6.146811880171298981e-03
-5.074404602050781250e+02 5.815839394927024841e-03
-5.059523620605468750e+02 5.485176574438810349e-03
-5.044642639160156250e+02 5.158058833330869675e-03
-5.029761657714843750e+02 4.829180892556905746e-03
-5.014880676269531250e+02 4.497060552239418030e-03
-5.000000000000000000e+02 4.172314424067735672e-03
-4.985119018554687500e+02 3.861940000206232071e-03
-4.970238037109375000e+02 3.558926284313201904e-03
-4.955357055664062500e+02 3.271192777901887894e-03
-4.940476074218750000e+02 3.015946131199598312e-03
-4.925595092773437500e+02 2.803868148475885391e-03
-4.910714111328125000e+02 2.638891106471419334e-03
-4.895833129882812500e+02 2.528579672798514366e-03
-4.880952148437500000e+02 2.477187197655439377e-03
-4.866071166992187500e+02 2.477895934134721756e-03
-4.851190185546875000e+02 2.534480532631278038e-03
-4.836309204101562500e+02 2.651918446645140648e-03
-4.821428222656250000e+02 2.813663100823760033e-03
-4.806547241210937500e+02 3.003274323418736458e-03
-4.791666259765625000e+02 3.210399299860000610e-03
-4.776785278320312500e+02 3.431264543905854225e-03
-4.761904296875000000e+02 3.663399023935198784e-03
-4.747023925781250000e+02 3.900930285453796387e-03
-4.732142944335937500e+02 4.133867565542459488e-03
-4.717261962890625000e+02 4.355456680059432983e-03
-4.702380981445312500e+02 4.567312542349100113e-03
-4.687500000000000000e+02 4.768677987158298492e-03
-4.672619018554687500e+02 4.959530662745237350e-03
-4.657738037109375000e+02 5.137165077030658722e-03
-4.642857055664062500e+02 5.304114893078804016e-03
-4.627976074218750000e+02 5.459902342408895493e-03
-4.613095092773437500e+02 5.604429170489311218e-03
-4.598214111328125000e+02 5.736541934311389923e-03
-4.583333129882812500e+02 5.852496717125177383e-03
-4.568452148437500000e+02 5.952464416623115540e-03
-4.553571166992187500e+02 6.033822894096374512e-03
-4.538690185546875000e+02 6.102262064814567566e-03
-4.523809204101562500e+02 6.163912359625101089e-03
-4.508928222656250000e+02 6.216429173946380615e-03
-4.494047241210937500e+02 6.259142421185970306e-03
-4.479166259765625000e+02 6.294463295489549637e-03
-4.464285278320312500e+02 6.321198306977748871e-03
-4.449404296875000000e+02 6.343094632029533386e-03
-4.434523925781250000e+02 6.365876644849777222e-03
-4.419642944335937500e+02 6.389283575117588043e-03
-4.404761962890625000e+02 6.413890980184078217e-03
-4.389880981445312500e+02 6.440603174269199371e-03
-4.375000000000000000e+02 6.472555454820394516e-03
-4.360119018554687500e+02 6.510852370411157608e-03
-4.345238037109375000e+02 6.556380074471235275e-03
-4.330357055664062500e+02 6.612917408347129822e-03
-4.315476074218750000e+02 6.682357750833034515e-03
-4.300595092773437500e+02 6.768191698938608170e-03
-4.285714111328125000e+02 6.871374323964118958e-03
-4.270833129882812500e+02 6.993931718170642853e-03
-4.255952148437500000e+02 7.137948181480169296e-03
-4.241071166992187500e+02 7.298042997717857361e-03
-4.226190185546875000e+02 7.473415229469537735e-03
-4.211309204101562500e+02 7.668572943657636642e-03
-4.196428222656250000e+02 7.884749211370944977e-03
-4.181547241210937500e+02 8.119500242173671722e-03
-4.166666259765625000e+02 8.368392474949359894e-03
-4.151785278320312500e+02 8.629630319774150848e-03
-4.136904296875000000e+02 8.903408423066139221e-03
-4.122023925781250000e+02 9.189031086862087250e-03
-4.107142944335937500e+02 9.485236369073390961e-03
-4.092261962890625000e+02 9.791622869670391083e-03
-4.077380981445312500e+02 1.010716147720813751e-02
-4.062500000000000000e+02 1.042720768600702286e-02
-4.047619018554687500e+02 1.074796449393033981e-02
-4.032738037109375000e+02 1.106967497617006302e-02
-4.017857055664062500e+02 1.139096263796091080e-02
-4.002976074218750000e+02 1.171126961708068848e-02
-3.988095092773437500e+02 1.203109696507453918e-02
-3.973214111328125000e+02 1.234820391982793808e-02
-3.958333129882812500e+02 1.266008056700229645e-02
-3.943452148437500000e+02 1.296510174870491028e-02
-3.928571166992187500e+02 1.326301321387290955e-02
-3.913690185546875000e+02 1.355394069105386734e-02
-3.898809204101562500e+02 1.383474189788103104e-02
-3.883928222656250000e+02 1.410324219614267349e-02
-3.869047241210937500e+02 1.435961201786994934e-02
-3.854166259765625000e+02 1.460269093513488770e-02
-3.839285278320312500e+02 1.483137719333171844e-02
-3.824404296875000000e+02 1.504579558968544006e-02
-3.809523925781250000e+02 1.524603087455034256e-02
-3.794642944335937500e+02 1.543238386511802673e-02
-3.779761962890625000e+02 1.560376398265361786e-02
-3.764880981445312500e+02 1.575812511146068573e-02
-3.750000000000000000e+02 1.589407026767730713e-02
-3.735119018554687500e+02 1.601066812872886658e-02
-3.720238037109375000e+02 1.610827818512916565e-02
-3.705357055664062500e+02 1.618859171867370605e-02
-3.690476074218750000e+02 1.625157333910465240e-02
-3.675595092773437500e+02 1.629422418773174286e-02
-3.660714111328125000e+02 1.631628535687923431e-02
-3.645833129882812500e+02 1.631975546479225159e-02
-3.630952148437500000e+02 1.630413345992565155e-02
-3.616071166992187500e+02 1.626851595938205719e-02
-3.601190185546875000e+02 1.621372252702713013e-02
-3.586309204101562500e+02 1.613986492156982422e-02
-3.571428222656250000e+02 1.604562811553478241e-02
-3.556547241210937500e+02 1.593059673905372620e-02
-3.541666259765625000e+02 1.579520851373672485e-02
-3.526785278320312500e+02 1.563982106745243073e-02
-3.511904296875000000e+02 1.546475384384393692e-02
-3.497023315429687500e+02 1.527104433625936508e-02
-3.482142944335937500e+02 1.505955215543508530e-02
-3.467261962890625000e+02 1.482962723821401596e-02
-3.452380981445312500e+02 1.458119321614503860e-02
-3.437500000000000000e+02 1.431445125490427017e-02
-3.422619018554687500e+02 1.402953919023275375e-02
-3.407738037109375000e+02 1.372647378593683243e-02
-3.392857055664062500e+02 1.340615656226873398e-02
-3.377976074218750000e+02 1.306939497590065002e-02
-3.363095092773437500e+02 1.271685864776372910e-02
-3.348214111328125000e+02 1.234895456582307816e-02
-3.333333129882812500e+02 1.196493580937385559e-02
-3.318452148437500000e+02 1.156526058912277222e-02
-3.303571166992187500e+02 1.115053240209817886e-02
-3.288690185546875000e+02 1.072081271559000015e-02
-3.273809204101562500e+02 1.027690526098012924e-02
-3.258928222656250000e+02 9.819436818361282349e-03
-3.244047241210937500e+02 9.348452091217041016e-03
-3.229166259765625000e+02 8.864156901836395264e-03
-3.214285278320312500e+02 8.367037400603294373e-03
-3.199404296875000000e+02 7.858313620090484619e-03
-3.184523315429687500e+02 7.338478229939937592e-03
-3.169642944335937500e+02 6.806907244026660919e-03
-3.154761962890625000e+02 6.263709627091884613e-03
-3.139880981445312500e+02 5.709367338567972183e-03
-3.125000000000000000e+02 5.145538598299026489e-03
-3.110119018554687500e+02 4.573083948343992233e-03
-3.095238037109375000e+02 3.992429003119468689e-03
-3.080357055664062500e+02 3.404908347874879837e-03
-3.065476074218750000e+02 2.812698250636458397e-03
-3.050595092773437500e+02 2.221521455794572830e-03
-3.035714111328125000e+02 1.645007752813398838e-03
-3.020833129882812500e+02 1.125164446420967579e-03
-3.005952148437500000e+02 8.087583119049668312e-04
-2.991071166992187500e+02 9.290759917348623276e-04
-2.976190185546875000e+02 1.399235101416707039e-03
-2.961309204101562500e+02 1.999869244173169136e-03
-2.946428222656250000e+02 2.649339614436030388e-03
-2.931547241210937500e+02 3.325094468891620636e-03
-2.916666259765625000e+02 4.018555860966444016e-03
-2.901785278320312500e+02 4.726425278931856155e-03
-2.886904296875000000e+02 5.447749514132738113e-03
-2.872023315429687500e+02 6.181813310831785202e-03
-2.857142333984375000e+02 6.927431095391511917e-03
-2.842261962890625000e+02 7.684090174734592438e-03
-2.827380981445312500e+02 8.452318608760833740e-03
-2.812500000000000000e+02 9.232413023710250854e-03
-2.797619018554687500e+02 1.002447586506605148e-02
-2.782738037109375000e+02 1.082925312221050262e-02
-2.767857055664062500e+02 1.164732407778501511e-02
-2.752976074218750000e+02 1.247865054756402969e-02
-2.738095092773437500e+02 1.332353707402944565e-02
-2.723214111328125000e+02 1.418232917785644531e-02
-2.708333129882812500e+02 1.505545713007450104e-02
-2.693452148437500000e+02 1.594402082264423370e-02
-2.678571166992187500e+02 1.684835180640220642e-02
-2.663690185546875000e+02 1.776874065399169922e-02
-2.648809204101562500e+02 1.870597712695598602e-02
-2.633928222656250000e+02 1.966096833348274231e-02
-2.619047241210937500e+02 2.063424699008464813e-02
-2.604166259765625000e+02 2.162644453346729279e-02
-2.589285278320312500e+02 2.263886108994483948e-02
-2.574404296875000000e+02 2.367212064564228058e-02
-2.559523315429687500e+02 2.472662366926670074e-02
-2.544642333984375000e+02 2.580335736274719238e-02
-2.529761962890625000e+02 2.690326608717441559e-02
-2.514880981445312500e+02 2.802712097764015198e-02
-2.500000000000000000e+02 2.917638607323169708e-02
-2.485119018554687500e+02 3.035186044871807098e-02
-2.470238037109375000e+02 3.155425563454627991e-02
-2.455357055664062500e+02 3.278494626283645630e-02
-2.440476074218750000e+02 3.404498100280761719e-02
-2.425595092773437500e+02 3.533482179045677185e-02
-2.410714111328125000e+02 3.665590658783912659e-02
-2.395833129882812500e+02 3.800989314913749695e-02
-2.380952148437500000e+02 3.939775377511978149e-02
-2.366071166992187500e+02 4.082036763429641724e-02
-2.351190185546875000e+02 4.227915406227111816e-02
-2.336309204101562500e+02 4.377568885684013367e-02
-2.321428222656250000e+02 4.531127586960792542e-02
-2.306547241210937500e+02 4.688717424869537354e-02
-2.291666259765625000e+02 4.850441962480545044e-02
-2.276785278320312500e+02 5.016473680734634399e-02
-2.261904296875000000e+02 5.186963453888893127e-02
-2.247023315429687500e+02 5.362043157219886780e-02
-2.232142333984375000e+02 5.541925132274627686e-02
-2.217261962890625000e+02 5.726716667413711548e-02
-2.202380981445312500e+02 5.916535854339599609e-02
-2.187500000000000000e+02 6.111570447683334351e-02
-2.172619018554687500e+02 6.311978399753570557e-02
-2.157738037109375000e+02 6.517935544252395630e-02
-2.142857055664062500e+02 6.729621440172195435e-02
-2.127976074218750000e+02 6.947179138660430908e-02
-2.113095092773437500e+02 7.170785218477249146e-02
-2.098214111328125000e+02 7.400660961866378784e-02
-2.083333129882812500e+02 7.636947184801101685e-02
-2.068452148437500000e+02 7.879819720983505249e-02
-2.053571166992187500e+02 8.129501342773437500e-02
-2.038690185546875000e+02 8.386149257421493530e-02
-2.023809204101562500e+02 8.649923652410507202e-02
-2.008928222656250000e+02 8.921039849519729614e-02
-1.994047241210937500e+02 9.199704974889755249e-02
-1.979166259765625000e+02 9.486093372106552124e-02
-1.964285278320312500e+02 9.780403971672058105e-02
-1.949404296875000000e+02 1.008280590176582336e-01
-1.934523315429687500e+02 1.039353907108306885e-01
-1.919642333984375000e+02 1.071275696158409119e-01
-1.904761962890625000e+02 1.104065328836441040e-01
-1.889880981445312500e+02 1.137745454907417297e-01
-1.875000000000000000e+02 1.172330901026725769e-01
-1.860119018554687500e+02 1.207843273878097534e-01
-1.845238037109375000e+02 1.244301795959472656e-01
-1.830357055664062500e+02 1.281724423170089722e-01
-1.815476074218750000e+02 1.320130079984664917e-01
-1.800595092773437500e+02 1.359537094831466675e-01
-1.785714111328125000e+02 1.399966925382614136e-01
-1.770833129882812500e+02 1.441436260938644409e-01
-1.755952148437500000e+02 1.483960896730422974e-01
-1.741071166992187500e+02 1.527559161186218262e-01
-1.726190185546875000e+02 1.572246402502059937e-01
-1.711309204101562500e+02 1.618041098117828369e-01
-1.696428222656250000e+02 1.664959341287612915e-01
-1.681547241210937500e+02 1.713016182184219360e-01
-1.666666259765625000e+02 1.762227267026901245e-01
-1.651785278320312500e+02 1.812605857849121094e-01
-1.636904296875000000e+02 1.864164471626281738e-01
-1.622023315429687500e+02 1.916919797658920288e-01
-1.607142333984375000e+02 1.970882713794708252e-01
-1.592261352539062500e+02 2.026062011718750000e-01
-1.577380981445312500e+02 2.082470208406448364e-01
-1.562500000000000000e+02 2.140117436647415161e-01
-1.547619018554687500e+02 2.199012786149978638e-01
-1.532738037109375000e+02 2.259164303541183472e-01
-1.517857055664062500e+02 2.320577651262283325e-01
-1.502976074218750000e+02 2.383261620998382568e-01
-1.488095092773437500e+02 2.447217553853988647e-01
-1.473214111328125000e+02 2.512451708316802979e-01
-1.458333129882812500e+02 2.578964531421661377e-01
-1.443452148437500000e+02 2.646758854389190674e-01
-1.428571166992187500e+02 2.715833783149719238e-01
-1.413690185546875000e+02 2.786189913749694824e-01
-1.398809204101562500e+02 2.857822179794311523e-01
-1.383928222656250000e+02 2.930727899074554443e-01
-1.369047241210937500e+02 3.004903197288513184e-01
-1.354166259765625000e+02 3.080340623855590820e-01
-1.339285278320312500e+02 3.157031834125518799e-01
-1.324404296875000000e+02 3.234964013099670410e-01
-1.309523315429687500e+02 3.314128220081329346e-01
-1.294642333984375000e+02 3.394513726234436035e-01
-1.279761352539062500e+02 3.476102948188781738e-01
-1.264880981445312500e+02 3.558880686759948730e-01
-1.250000000000000000e+02 3.642830550670623779e-01
-1.235119018554687500e+02 3.727933168411254883e-01
-1.220238037109375000e+02 3.814168572425842285e-01
-1.205357055664062500e+02 3.901509046554565430e-01
-1.190476074218750000e+02 3.989934027194976807e-01
-1.175595092773437500e+02 4.079418182373046875e-01
-1.160714111328125000e+02 4.169929623603820801e-01
-1.145833129882812500e+02 4.261442124843597412e-01
-1.130952148437500000e+02 4.353922307491302490e-01
-1.116071166992187500e+02 4.447337985038757324e-01
-1.101190185546875000e+02 4.541651606559753418e-01
-1.086309204101562500e+02 4.636831879615783691e-01
-1.071428222656250000e+02 4.732838869094848633e-01
-1.056547241210937500e+02 4.829626977443695068e-01
-1.041666259765625000e+02 4.927159547805786133e-01
-1.026785278320312500e+02 5.025390386581420898e-01
-1.011904296875000000e+02 5.124275684356689453e-01
-9.970233154296875000e+01 5.223771333694458008e-01
-9.821423339843750000e+01 5.323824286460876465e-01
-9.672613525390625000e+01 5.424381494522094727e-01
-9.523803710937500000e+01 5.525394678115844727e-01
-9.375000000000000000e+01 5.626811385154724121e-01
-9.226190185546875000e+01 5.728578567504882812e-01
-9.077380371093750000e+01 5.830639600753784180e-01
-8.928570556640625000e+01 5.932931303977966309e-01
-8.779760742187500000e+01 6.035398244857788086e-01
-8.630950927734375000e+01 6.137974858283996582e-01
-8.482141113281250000e+01 6.240609884262084961e-01
-8.333331298828125000e+01 6.343232989311218262e-01
-8.184521484375000000e+01 6.445781588554382324e-01
-8.035711669921875000e+01 6.548188328742980957e-01
-7.886901855468750000e+01 6.650389432907104492e-01
-7.738092041015625000e+01 6.752316355705261230e-01
-7.589282226562500000e+01 6.853901147842407227e-01
-7.440472412109375000e+01 6.955072879791259766e-01
-7.291662597656250000e+01 7.055768966674804688e-01
-7.142852783203125000e+01 7.155911922454833984e-01
-6.994042968750000000e+01 7.255433201789855957e-01
-6.845233154296875000e+01 7.354259490966796875e-01
-6.696423339843750000e+01 7.452321648597717285e-01
-6.547613525390625000e+01 7.549546360969543457e-01
-6.398803710937500000e+01 7.645856738090515137e-01
-6.250000000000000000e+01 7.741189002990722656e-01
-6.101190185546875000e+01 7.835462689399719238e-01
-5.952380371093750000e+01 7.928611040115356445e-01
-5.803570556640625000e+01 8.020554184913635254e-01
-5.654760742187500000e+01 8.111225962638854980e-01
-5.505950927734375000e+01 8.200553655624389648e-01
-5.357141113281250000e+01 8.288466334342956543e-01
-5.208331298828125000e+01 8.374884724617004395e-01
-5.059521484375000000e+01 8.459742069244384766e-01
-4.910711669921875000e+01 8.542975783348083496e-01
-4.761901855468750000e+01 8.624515533447265625e-01
-4.613092041015625000e+01 8.704285025596618652e-01
-4.464282226562500000e+01 8.782217502593994141e-01
-4.315472412109375000e+01 8.858252167701721191e-01
-4.166662597656250000e+01 8.932325839996337891e-01
-4.017852783203125000e+01 9.004365801811218262e-01
-3.869042968750000000e+01 9.074316620826721191e-01
-3.720233154296875000e+01 9.142115116119384766e-01
-3.571423339843750000e+01 9.207701683044433594e-01
-3.422613525390625000e+01 9.271022677421569824e-01
-3.273803710937500000e+01 9.332016110420227051e-01
-3.125000000000000000e+01 9.390631914138793945e-01
-2.976190185546875000e+01 9.446812868118286133e-01
-2.827380371093750000e+01 9.500505328178405762e-01
-2.678570556640625000e+01 9.551672339439392090e-01
-2.529760742187500000e+01 9.600268006324768066e-01
-2.380950927734375000e+01 9.646238088607788086e-01
-2.232141113281250000e+01 9.689540266990661621e-01
-2.083331298828125000e+01 9.730146527290344238e-01
-1.934521484375000000e+01 9.768010973930358887e-01
-1.785711669921875000e+01 9.803094863891601562e-01
-1.636901855468750000e+01 9.835371971130371094e-01
-1.488092041015625000e+01 9.864809513092041016e-01
-1.339282226562500000e+01 9.891387224197387695e-01
-1.190472412109375000e+01 9.915071725845336914e-01
-1.041662597656250000e+01 9.935849905014038086e-01
-8.928527832031250000e+00 9.953691363334655762e-01
-7.440429687500000000e+00 9.968577623367309570e-01
-5.952331542968750000e+00 9.980512261390686035e-01
-4.464233398437500000e+00 9.989473819732666016e-01
-2.976135253906250000e+00 9.995451569557189941e-01
-1.488037109375000000e+00 9.998436570167541504e-01
0.000000000000000000e+00 9.998436570167541504e-01
1.488098144531250000e+00 9.995450973510742188e-01
2.976196289062500000e+00 9.989473223686218262e-01
4.464294433593750000e+00 9.980512261390686035e-01
5.952392578125000000e+00 9.968577027320861816e-01
7.440490722656250000e+00 9.953690767288208008e-01
8.928588867187500000e+00 9.935849905014038086e-01
1.041668701171875000e+01 9.915071725845336914e-01
1.190478515625000000e+01 9.891386628150939941e-01
1.339288330078125000e+01 9.864809513092041016e-01
1.488098144531250000e+01 9.835371971130371094e-01
1.636907958984375000e+01 9.803094267845153809e-01
1.785717773437500000e+01 9.768010973930358887e-01
1.934527587890625000e+01 9.730146527290344238e-01
2.083337402343750000e+01 9.689540266990661621e-01
2.232147216796875000e+01 9.646238088607788086e-01
2.380957031250000000e+01 9.600268006324768066e-01
2.529760742187500000e+01 9.551672339439392090e-01
2.678576660156250000e+01 9.500504732131958008e-01
2.827380371093750000e+01 9.446812868118286133e-01
2.976196289062500000e+01 9.390631914138793945e-01
3.125000000000000000e+01 9.332015514373779297e-01
3.273815917968750000e+01 9.271022677421569824e-01
3.422619628906250000e+01 9.207701086997985840e-01
3.571435546875000000e+01 9.142114520072937012e-01
3.720239257812500000e+01 9.074316620826721191e-01
3.869055175781250000e+01 9.004365801811218262e-01
4.017858886718750000e+01 8.932325839996337891e-01
4.166674804687500000e+01 8.858252167701721191e-01
4.315478515625000000e+01 8.782216906547546387e-01
4.464294433593750000e+01 8.704285025596618652e-01
4.613098144531250000e+01 8.624515533447265625e-01
4.761914062500000000e+01 8.542975783348083496e-01
4.910717773437500000e+01 8.459742069244384766e-01
5.059521484375000000e+01 8.374884724617004395e-01
5.208337402343750000e+01 8.288465738296508789e-01
5.357141113281250000e+01 8.200553655624389648e-01
5.505957031250000000e+01 8.111225962638854980e-01
5.654760742187500000e+01 8.020554184913635254e-01
5.803576660156250000e+01 7.928610444068908691e-01
5.952380371093750000e+01 7.835462093353271484e-01
6.101196289062500000e+01 7.741188406944274902e-01
6.250000000000000000e+01 7.645856738090515137e-01
6.398815917968750000e+01 7.549545764923095703e-01
6.547619628906250000e+01 7.452321648597717285e-01
6.696435546875000000e+01 7.354259490966796875e-01
6.845239257812500000e+01 7.255433201789855957e-01
6.994055175781250000e+01 7.155911922454833984e-01
7.142858886718750000e+01 7.055768966674804688e-01
7.291674804687500000e+01 6.955072283744812012e-01
7.440478515625000000e+01 6.853900551795959473e-01
7.589294433593750000e+01 6.752316355705261230e-01
7.738098144531250000e+01 6.650389432907104492e-01
7.886914062500000000e+01 6.548187732696533203e-01
8.035717773437500000e+01 6.445781588554382324e-01
8.184521484375000000e+01 6.343232393264770508e-01
8.333337402343750000e+01 6.240609288215637207e-01
8.482141113281250000e+01 6.137974262237548828e-01
8.630957031250000000e+01 6.035397648811340332e-01
8.779760742187500000e+01 5.932931303977966309e-01
8.928576660156250000e+01 5.830639600753784180e-01
9.077380371093750000e+01 5.728577971458435059e-01
9.226196289062500000e+01 5.626810789108276367e-01
9.375000000000000000e+01 5.525394082069396973e-01
9.523815917968750000e+01 5.424381494522094727e-01
9.672619628906250000e+01 5.323823690414428711e-01
9.821435546875000000e+01 5.223771333694458008e-01
9.970239257812500000e+01 5.124275088310241699e-01
1.011905517578125000e+02 5.025390386581420898e-01
1.026785888671875000e+02 4.927159547805786133e-01
1.041667480468750000e+02 4.829626679420471191e-01
1.056547851562500000e+02 4.732838869094848633e-01
1.071429443359375000e+02 4.636831879615783691e-01
1.086309814453125000e+02 4.541651606559753418e-01
1.101191406250000000e+02 4.447337985038757324e-01
1.116071777343750000e+02 4.353922307491302490e-01
1.130952148437500000e+02 4.261442124843597412e-01
1.145833740234375000e+02 4.169929623603820801e-01
1.160714111328125000e+02 4.079418182373046875e-01
1.175595703125000000e+02 3.989934027194976807e-01
1.190476074218750000e+02 3.901509046554565430e-01
1.205357666015625000e+02 3.814168572425842285e-01
1.220238037109375000e+02 3.727933168411254883e-01
1.235119628906250000e+02 3.642830550670623779e-01
1.250000000000000000e+02 3.558880686759948730e-01
1.264881591796875000e+02 3.476102948188781738e-01
1.279761962890625000e+02 3.394513726234436035e-01
1.294643554687500000e+02 3.314128220081329346e-01
1.309523925781250000e+02 3.234964013099670410e-01
1.324405517578125000e+02 3.157031834125518799e-01
1.339285888671875000e+02 3.080340623855590820e-01
1.354167480468750000e+02 3.004902899265289307e-01
1.369047851562500000e+02 2.930727899074554443e-01
1.383929443359375000e+02 2.857822179794311523e-01
1.398809814453125000e+02 2.786189913749694824e-01
1.413691406250000000e+02 2.715833783149719238e-01
1.428571777343750000e+02 2.646758854389190674e-01
1.443452148437500000e+02 2.578964531421661377e-01
1.458333740234375000e+02 2.512451708316802979e-01
1.473214111328125000e+02 2.447217553853988647e-01
1.488095703125000000e+02 2.383261620998382568e-01
1.502976074218750000e+02 2.320577651262283325e-01
1.517857666015625000e+02 2.259164303541183472e-01
1.532738037109375000e+02 2.199012786149978638e-01
1.547619628906250000e+02 2.140117436647415161e-01
1.562500000000000000e+02 2.082470208406448364e-01
1.577381591796875000e+02 2.026062011718750000e-01
1.592261962890625000e+02 1.970882713794708252e-01
1.607143554687500000e+02 1.916919797658920288e-01
1.622023925781250000e+02 1.864164322614669800e-01
1.636905517578125000e+02 1.812605708837509155e-01
1.651785888671875000e+02 1.762227267026901245e-01
1.666667480468750000e+02 1.713016182184219360e-01
1.681547851562500000e+02 1.664959341287612915e-01
1.696429443359375000e+02 1.618041098117828369e-01
1.711309814453125000e+02 1.572246402502059937e-01
1.726191406250000000e+02 1.527559161186218262e-01
1.741071777343750000e+02 1.483960896730422974e-01
1.755952148437500000e+02 1.441436260938644409e-01
1.770833740234375000e+02 1.399966925382614136e-01
1.785714111328125000e+02 1.359537094831466675e-01
1.800595703125000000e+02 1.320130079984664917e-01
1.815476074218750000e+02 1.281724423170089722e-01
1.830357666015625000e+02 1.244301795959472656e-01
1.845238037109375000e+02 1.207843273878097534e-01
1.860119628906250000e+02 1.172330901026725769e-01
1.875000000000000000e+02 1.137745454907417297e-01
1.889881591796875000e+02 1.104065328836441040e-01
1.904761962890625000e+02 1.071275696158409119e-01
1.919643554687500000e+02 1.039353832602500916e-01
1.934523925781250000e+02 1.008280590176582336e-01
1.949405517578125000e+02 9.780403971672058105e-02
1.964285888671875000e+02 9.486093372106552124e-02
1.979167480468750000e+02 9.199704974889755249e-02
1.994047851562500000e+02 8.921039104461669922e-02
2.008929443359375000e+02 8.649923652410507202e-02
2.023809814453125000e+02 8.386149257421493530e-02
2.038691406250000000e+02 8.129500597715377808e-02
2.053571777343750000e+02 7.879819720983505249e-02
2.068452148437500000e+02 7.636947184801101685e-02
2.083333740234375000e+02 7.400660961866378784e-02
2.098214111328125000e+02 7.170785218477249146e-02
2.113095703125000000e+02 6.947179138660430908e-02
2.127976074218750000e+02 6.729620695114135742e-02
2.142857666015625000e+02 6.517935544252395630e-02
2.157738037109375000e+02 6.311978399753570557e-02
2.172619628906250000e+02 6.111570447683334351e-02
2.187500000000000000e+02 5.916535481810569763e-02
2.202381591796875000e+02 5.726716667413711548e-02
2.217261962890625000e+02 5.541925132274627686e-02
2.232143554687500000e+02 5.362043157219886780e-02
2.247023925781250000e+02 5.186963453888893127e-02
2.261905517578125000e+02 5.016473680734634399e-02
2.276785888671875000e+02 4.850441589951515198e-02
2.291667480468750000e+02 4.688717424869537354e-02
2.306547851562500000e+02 4.531127586960792542e-02
2.321429443359375000e+02 4.377568513154983521e-02
2.336309814453125000e+02 4.227915406227111816e-02
2.351191406250000000e+02 4.082036763429641724e-02
2.366071777343750000e+02 3.939775377511978149e-02
2.380952148437500000e+02 3.800989314913749695e-02
2.395833740234375000e+02 3.665590658783912659e-02
2.410714111328125000e+02 3.533482179045677185e-02
2.425595703125000000e+02 3.404498100280761719e-02
2.440476074218750000e+02 3.278494626283645630e-02
2.455357666015625000e+02 3.155425190925598145e-02
2.470238037109375000e+02 3.035186044871807098e-02
2.485119628906250000e+02 2.917638607323169708e-02
2.500000000000000000e+02 2.802712097764015198e-02
2.514881591796875000e+02 2.690326608717441559e-02
2.529761962890625000e+02 2.580335736274719238e-02
2.544643554687500000e+02 2.472662366926670074e-02
2.559523925781250000e+02 2.367211878299713135e-02
2.574405517578125000e+02 2.263886108994483948e-02
2.589285888671875000e+02 2.162644453346729279e-02
2.604167480468750000e+02 2.063424699008464813e-02
2.619047851562500000e+02 1.966096833348274231e-02
2.633929443359375000e+02 1.870597712695598602e-02
2.648809814453125000e+02 1.776874065399169922e-02
2.663691406250000000e+02 1.684834994375705719e-02
2.678571777343750000e+02 1.594402082264423370e-02
2.693453369140625000e+02 1.505545713007450104e-02
2.708333740234375000e+02 1.418232917785644531e-02
2.723214111328125000e+02 1.332353707402944565e-02
2.738095703125000000e+02 1.247865054756402969e-02
2.752976074218750000e+02 1.164732407778501511e-02
2.767857666015625000e+02 1.082925312221050262e-02
2.782738037109375000e+02 1.002447493374347687e-02
2.797619628906250000e+02 9.232412092387676239e-03
2.812500000000000000e+02 8.452318608760833740e-03
2.827381591796875000e+02 7.684090174734592438e-03
2.842261962890625000e+02 6.927431095391511917e-03
2.857143554687500000e+02 6.181813310831785202e-03
2.872023925781250000e+02 5.447749514132738113e-03
2.886905517578125000e+02 4.726425278931856155e-03
2.901785888671875000e+02 4.018555860966444016e-03
2.916667480468750000e+02 3.325094468891620636e-03
2.931547851562500000e+02 2.649339614436030388e-03
2.946429443359375000e+02 1.999869244173169136e-03
2.961309814453125000e+02 1.399235101416707039e-03
2.976191406250000000e+02 9.290759917348623276e-04
2.991071777343750000e+02 8.087583119049668312e-04
3.005953369140625000e+02 1.125164446420967579e-03
3.020833740234375000e+02 1.645007752813398838e-03
3.035714111328125000e+02 2.221521455794572830e-03
3.050595703125000000e+02 2.812698483467102051e-03
3.065476074218750000e+02 3.404908580705523491e-03
3.080357666015625000e+02 3.992429003119468689e-03
3.095238037109375000e+02 4.573083948343992233e-03
3.110119628906250000e+02 5.145539063960313797e-03
3.125000000000000000e+02 5.709367338567972183e-03
3.139881591796875000e+02 6.263709627091884613e-03
3.154761962890625000e+02 6.806907244026660919e-03
3.169643554687500000e+02 7.338478229939937592e-03
3.184523925781250000e+02 7.858313620090484619e-03
3.199405517578125000e+02 8.367037400603294373e-03
3.214285888671875000e+02 8.864156901836395264e-03
3.229167480468750000e+02 9.348452091217041016e-03
3.244047851562500000e+02 9.819436818361282349e-03
3.258929443359375000e+02 1.027690526098012924e-02
3.273809814453125000e+02 1.072081364691257477e-02
3.288691406250000000e+02 1.115053240209817886e-02
3.303571777343750000e+02 1.156526152044534683e-02
3.318453369140625000e+02 1.196493580937385559e-02
3.333333740234375000e+02 1.234895456582307816e-02
3.348214111328125000e+02 1.271685864776372910e-02
3.363095703125000000e+02 1.306939590722322464e-02
3.377976074218750000e+02 1.340615749359130859e-02
3.392857666015625000e+02 1.372647378593683243e-02
3.407738037109375000e+02 1.402953919023275375e-02
3.422619628906250000e+02 1.431445218622684479e-02
3.437500000000000000e+02 1.458119321614503860e-02
3.452381591796875000e+02 1.482962723821401596e-02
3.467261962890625000e+02 1.505955215543508530e-02
3.482143554687500000e+02 1.527104433625936508e-02
3.497023925781250000e+02 1.546475384384393692e-02
3.511905517578125000e+02 1.563982106745243073e-02
3.526785888671875000e+02 1.579521037638187408e-02
3.541667480468750000e+02 1.593059673905372620e-02
3.556547851562500000e+02 1.604562811553478241e-02
3.571429443359375000e+02 1.613986492156982422e-02
3.586309814453125000e+02 1.621372252702713013e-02
3.601191406250000000e+02 1.626851595938205719e-02
3.616071777343750000e+02 1.630413345992565155e-02
3.630953369140625000e+02 1.631975546479225159e-02
3.645833740234375000e+02 1.631628535687923431e-02
3.660714111328125000e+02 1.629422418773174286e-02
3.675595703125000000e+02 1.625157333910465240e-02
3.690476074218750000e+02 1.618858985602855682e-02
3.705357666015625000e+02 1.610827818512916565e-02
3.720238037109375000e+02 1.601066812872886658e-02
3.735119628906250000e+02 1.589407026767730713e-02
3.750000000000000000e+02 1.575812511146068573e-02
3.764881591796875000e+02 1.560376398265361786e-02
3.779761962890625000e+02 1.543238386511802673e-02
3.794643554687500000e+02 1.524603087455034256e-02
3.809523925781250000e+02 1.504579465836286545e-02
3.824405517578125000e+02 1.483137719333171844e-02
3.839285888671875000e+02 1.460269093513488770e-02
3.854167480468750000e+02 1.435961201786994934e-02
3.869047851562500000e+02 1.410324126482009888e-02
3.883929443359375000e+02 1.383474189788103104e-02
3.898809814453125000e+02 1.355394069105386734e-02
3.913691406250000000e+02 1.326301321387290955e-02
3.928571777343750000e+02 1.296510174870491028e-02
3.943453369140625000e+02 1.266007963567972183e-02
3.958333740234375000e+02 1.234820391982793808e-02
3.973214111328125000e+02 1.203109603375196457e-02
3.988095703125000000e+02 1.171126961708068848e-02
4.002976074218750000e+02 1.139096263796091080e-02
4.017857666015625000e+02 1.106967497617006302e-02
4.032738037109375000e+02 1.074796449393033981e-02
4.047619628906250000e+02 1.042720768600702286e-02
4.062500000000000000e+02 1.010716147720813751e-02
4.077381591796875000e+02 9.791622869670391083e-03
4.092261962890625000e+02 9.485236369073390961e-03
4.107143554687500000e+02 9.189030155539512634e-03
4.122023925781250000e+02 8.903408423066139221e-03
4.136905517578125000e+02 8.629630319774150848e-03
4.151785888671875000e+02 8.368392474949359894e-03
4.166667480468750000e+02 8.119500242173671722e-03
4.181547851562500000e+02 7.884749211370944977e-03
4.196429443359375000e+02 7.668572943657636642e-03
4.211309814453125000e+02 7.473415229469537735e-03
4.226191406250000000e+02 7.298042997717857361e-03
4.241071777343750000e+02 7.137948181480169296e-03
4.255953369140625000e+02 6.993931718170642853e-03
4.270833740234375000e+02 6.871374323964118958e-03
4.285715332031250000e+02 6.768191698938608170e-03
4.300595703125000000e+02 6.682357750833034515e-03
4.315476074218750000e+02 6.612917408347129822e-03
4.330357666015625000e+02 6.556380074471235275e-03
4.345238037109375000e+02 6.510852370411157608e-03
4.360119628906250000e+02 6.472555454820394516e-03
4.375000000000000000e+02 6.440603174269199371e-03
4.389881591796875000e+02 6.413890980184078217e-03
4.404761962890625000e+02 6.389283575117588043e-03
4.419643554687500000e+02 6.365876644849777222e-03
4.434523925781250000e+02 6.343094632029533386e-03
4.449405517578125000e+02 6.321198306977748871e-03
4.464285888671875000e+02 6.294463295489549637e-03
4.479167480468750000e+02 6.259142421185970306e-03
4.494047851562500000e+02 6.216429173946380615e-03
4.508929443359375000e+02 6.163912359625101089e-03
4.523809814453125000e+02 6.102262064814567566e-03
4.538691406250000000e+02 6.033822894096374512e-03
4.553571777343750000e+02 5.952464416623115540e-03
4.568453369140625000e+02 5.852496717125177383e-03
4.583333740234375000e+02 5.736541934311389923e-03
4.598215332031250000e+02 5.604429170489311218e-03
4.613095703125000000e+02 5.459902342408895493e-03
4.627976074218750000e+02 5.304114893078804016e-03
4.642857666015625000e+02 5.137165077030658722e-03
4.657738037109375000e+02 4.959530662745237350e-03
4.672619628906250000e+02 4.768677987158298492e-03
4.687500000000000000e+02 4.567312542349100113e-03
4.702381591796875000e+02 4.355456680059432983e-03
4.717261962890625000e+02 4.133867565542459488e-03
4.732143554687500000e+02 3.900930285453796387e-03
4.747023925781250000e+02 3.663399023935198784e-03
4.761905517578125000e+02 3.431264543905854225e-03
4.776785888671875000e+02 3.210399299860000610e-03
4.791667480468750000e+02 3.003274090588092804e-03
4.806547851562500000e+02 2.813663100823760033e-03
4.821429443359375000e+02 2.651918446645140648e-03
4.836309814453125000e+02 2.534480532631278038e-03
4.851191406250000000e+02 2.477895934134721756e-03
4.866071777343750000e+02 2.477187197655439377e-03
4.880953369140625000e+02 2.528579672798514366e-03
4.895833740234375000e+02 2.638891106471419334e-03
4.910715332031250000e+02 2.803868148475885391e-03
4.925595703125000000e+02 3.015946131199598312e-03
4.940476074218750000e+02 3.271192777901887894e-03
4.955357666015625000e+02 3.558926284313201904e-03
4.970238037109375000e+02 3.861940000206232071e-03
4.985119628906250000e+02 4.172314424067735672e-03
5.000000000000000000e+02 4.497060552239418030e-03
5.014881591796875000e+02 4.829180892556905746e-03
5.029761962890625000e+02 5.158058833330869675e-03
5.044643554687500000e+02 5.485176574438810349e-03
5.059523925781250000e+02 5.815839394927024841e-03
5.074405517578125000e+02 6.146811880171298981e-03
5.089285888671875000e+02 6.463530007749795914e-03
5.104167480468750000e+02 6.763209588825702667e-03
5.119047851562500000e+02 7.056252565234899521e-03
5.133929443359375000e+02 7.341783493757247925e-03
5.148809814453125000e+02 7.615406997501850128e-03
5.163691406250000000e+02 7.877781987190246582e-03
5.178571777343750000e+02 8.120692335069179535e-03
5.193453369140625000e+02 8.342240005731582642e-03
5.208333740234375000e+02 8.545428514480590820e-03
5.223215332031250000e+02 8.729089982807636261e-03
5.238095703125000000e+02 8.897688239812850952e-03
5.252976074218750000e+02 9.063878096640110016e-03
5.267857666015625000e+02 9.218569844961166382e-03
5.282738037109375000e+02 9.350199252367019653e-03
5.297619628906250000e+02 9.458747692406177521e-03
5.312500000000000000e+02 9.544966742396354675e-03
5.327381591796875000e+02 9.619976393878459930e-03
5.342261962890625000e+02 9.687725454568862915e-03
5.357143554687500000e+02 9.735772386193275452e-03
5.372023925781250000e+02 9.757677093148231506e-03
5.386905517578125000e+02 9.763502515852451324e-03
5.401785888671875000e+02 9.761535562574863434e-03
5.416667480468750000e+02 9.742188267409801483e-03
5.431547851562500000e+02 9.697759523987770081e-03
5.446429443359375000e+02 9.642298333346843719e-03
5.461309814453125000e+02 9.574769064784049988e-03
5.476191406250000000e+02 9.492741897702217102e-03
5.491071777343750000e+02 9.397152811288833618e-03
5.505953369140625000e+02 9.289409033954143524e-03
5.520833740234375000e+02 9.172670543193817139e-03
5.535715332031250000e+02 9.041426703333854675e-03
5.550595703125000000e+02 8.883464150130748749e-03
5.565476074218750000e+02 8.709932677447795868e-03
5.580357666015625000e+02 8.541478775441646576e-03
5.595238037109375000e+02 8.355476893484592438e-03
5.610119628906250000e+02 8.128219284117221832e-03
5.625000000000000000e+02 7.872941903769969940e-03
5.639881591796875000e+02 7.610747590661048889e-03
5.654761962890625000e+02 7.340329233556985855e-03
5.669643554687500000e+02 7.053806446492671967e-03
5.684523925781250000e+02 6.755114533007144928e-03
5.699405517578125000e+02 6.452513393014669418e-03
5.714285888671875000e+02 6.133444141596555710e-03
5.729167480468750000e+02 5.785651970654726028e-03
5.744047851562500000e+02 5.422301590442657471e-03
5.758929443359375000e+02 5.055489949882030487e-03
5.773809814453125000e+02 4.688022658228874207e-03
5.788691406250000000e+02 4.324047826230525970e-03
5.803571777343750000e+02 3.966323100030422211e-03
5.818453369140625000e+02 3.611400490626692772e-03
5.833333740234375000e+02 3.283273428678512573e-03
5.848215332031250000e+02 2.996581839397549629e-03
5.863095703125000000e+02 2.769737271592020988e-03
5.877976074218750000e+02 2.652948023751378059e-03
5.892857666015625000e+02 2.658893354237079620e-03
5.907738037109375000e+02 2.774202730506658554e-03
5.922619628906250000e+02 2.992716617882251740e-03
5.937500000000000000e+02 3.296142211183905602e-03
5.952381591796875000e+02 3.659194335341453552e-03
5.967261962890625000e+02 4.075131379067897797e-03
5.982143554687500000e+02 4.532136023044586182e-03
5.997023925781250000e+02 5.009080283343791962e-03
6.011905517578125000e+02 5.500517319887876511e-03
6.026785888671875000e+02 5.993211176246404648e-03
6.041667480468750000e+02 6.484943442046642303e-03
6.056547851562500000e+02 6.979655008763074875e-03
6.071429443359375000e+02 7.461337372660636902e-03
6.086309814453125000e+02 7.919927127659320831e-03
6.101191406250000000e+02 8.377408608794212341e-03
6.116071777343750000e+02 8.818780072033405304e-03
6.130953369140625000e+02 9.221141226589679718e-03
6.145833740234375000e+02 9.609121829271316528e-03
6.160715332031250000e+02 9.988457895815372467e-03
6.175595703125000000e+02 1.033968199044466019e-02
6.190476074218750000e+02 1.066617108881473541e-02
6.205357666015625000e+02 1.096273865550756454e-02
6.220238037109375000e+02 1.121584884822368622e-02
6.235119628906250000e+02 1.145911775529384613e-02
6.250000000000000000e+02 1.169001683592796326e-02
6.264881591796875000e+02 1.187364757061004639e-02
6.279761962890625000e+02 1.202936656773090363e-02
6.294643554687500000e+02 1.215185411274433136e-02
6.309523925781250000e+02 1.221648883074522018e-02
6.324405517578125000e+02 1.225551962852478027e-02
6.339285888671875000e+02 1.228806748986244202e-02
6.354167480468750000e+02 1.229235157370567322e-02
6.369047851562500000e+02 1.226298511028289795e-02
6.383929443359375000e+02 1.221675798296928406e-02
6.398809814453125000e+02 1.216074731200933456e-02
6.413691406250000000e+02 1.208890881389379501e-02
6.428571777343750000e+02 1.201673783361911774e-02
6.443453369140625000e+02 1.195128168910741806e-02
6.458333740234375000e+02 1.187233999371528625e-02
6.473215332031250000e+02 1.175943389534950256e-02
6.488095703125000000e+02 1.162662543356418610e-02
6.502977294921875000e+02 1.151497196406126022e-02
6.517857666015625000e+02 1.144152600318193436e-02
6.532738037109375000e+02 1.135869510471820831e-02
6.547619628906250000e+02 1.122733019292354584e-02
6.562500000000000000e+02 1.108855661004781723e-02
6.577381591796875000e+02 1.097235269844532013e-02
6.592261962890625000e+02 1.086640078574419022e-02
6.607143554687500000e+02 1.075831241905689240e-02
6.622023925781250000e+02 1.065715588629245758e-02
6.636905517578125000e+02 1.056858059018850327e-02
6.651785888671875000e+02 1.046541891992092133e-02
6.666667480468750000e+02 1.035267952829599380e-02
6.681547851562500000e+02 1.025450509041547775e-02
6.696429443359375000e+02 1.014235801994800568e-02
6.711309814453125000e+02 1.001016516238451004e-02
6.726191406250000000e+02 9.894099086523056030e-03
6.741071777343750000e+02 9.791967459022998810e-03
6.755953369140625000e+02 9.644897654652595520e-03
6.770833740234375000e+02 9.422796778380870819e-03
6.785715332031250000e+02 9.187326766550540924e-03
6.800595703125000000e+02 8.975313976407051086e-03
6.815477294921875000e+02 8.772532455623149872e-03
6.830357666015625000e+02 8.531736209988594055e-03
6.845238037109375000e+02 8.236487396061420441e-03
6.860119628906250000e+02 7.924350909888744354e-03
6.875000000000000000e+02 7.592046633362770081e-03
6.889881591796875000e+02 7.261665537953376770e-03
6.904761962890625000e+02 6.928542628884315491e-03
6.919643554687500000e+02 6.529816891998052597e-03
6.934523925781250000e+02 6.068368442356586456e-03
6.949405517578125000e+02 5.574334412813186646e-03
6.964285888671875000e+02 5.058334674686193466e-03
6.979167480468750000e+02 4.527332726866006851e-03
6.994047851562500000e+02 3.979254513978958130e-03
7.008929443359375000e+02 3.413886297494173050e-03
7.023809814453125000e+02 2.849941840395331383e-03
7.038691406250000000e+02 2.290058415383100510e-03
7.053571777343750000e+02 1.685196417383849621e-03
7.068453369140625000e+02 1.029619481414556503e-03
7.083333740234375000e+02 3.969057579524815083e-04
7.098215332031250000e+02 3.285007842350751162e-04
7.113095703125000000e+02 9.348120074719190598e-04
7.127977294921875000e+02 1.590884057804942131e-03
7.142857666015625000e+02 2.248977078124880791e-03
7.157738037109375000e+02 2.916635712608695030e-03
7.172619628906250000e+02 3.588947467505931854e-03
7.187500000000000000e+02 4.274934530258178711e-03
7.202381591796875000e+02 4.959895275533199310e-03
7.217261962890625000e+02 5.613941233605146408e-03
7.232143554687500000e+02 6.276070605963468552e-03
7.247023925781250000e+02 6.930018775165081024e-03
7.261905517578125000e+02 7.548125460743904114e-03
7.276785888671875000e+02 8.169427514076232910e-03
7.291667480468750000e+02 8.790034800767898560e-03
7.306547851562500000e+02 9.392256848514080048e-03
7.321429443359375000e+02 9.977372363209724426e-03
7.336309814453125000e+02 1.054238341748714447e-02
7.351191406250000000e+02 1.105236262083053589e-02
7.366071777343750000e+02 1.151370909065008163e-02
7.380953369140625000e+02 1.197727769613265991e-02
7.395833740234375000e+02 1.243528909981250763e-02
7.410715332031250000e+02 1.290150731801986694e-02
7.425595703125000000e+02 1.336582750082015991e-02
7.440477294921875000e+02 1.375565491616725922e-02
7.455357666015625000e+02 1.409499812871217728e-02
7.470238037109375000e+02 1.441336330026388168e-02
7.485119628906250000e+02 1.469493564218282700e-02
7.500000000000000000e+02 1.491623837500810623e-02
7.514881591796875000e+02 1.507313735783100128e-02
7.529761962890625000e+02 1.523088943213224411e-02
7.544643554687500000e+02 1.540356408804655075e-02
7.559523925781250000e+02 1.553025189787149429e-02
7.574405517578125000e+02 1.557086221873760223e-02
7.589285888671875000e+02 1.558439433574676514e-02
7.604167480468750000e+02 1.559470687061548233e-02
7.619047851562500000e+02 1.555688399821519852e-02
7.633929443359375000e+02 1.549868565052747726e-02
7.648809814453125000e+02 1.541959587484598160e-02
7.663691406250000000e+02 1.526776608079671860e-02
7.678571777343750000e+02 1.505870185792446136e-02
7.693453369140625000e+02 1.481928955763578415e-02
7.708333740234375000e+02 1.461841259151697159e-02
7.723215332031250000e+02 1.445910148322582245e-02
7.738095703125000000e+02 1.425910368561744690e-02
7.752977294921875000e+02 1.403716858476400375e-02
7.767857666015625000e+02 1.380481477826833725e-02
7.782738037109375000e+02 1.355866994708776474e-02
7.797619628906250000e+02 1.329751964658498764e-02
7.812500000000000000e+02 1.300486084073781967e-02
7.827381591796875000e+02 1.266697887331247330e-02
7.842261962890625000e+02 1.233422849327325821e-02
7.857143554687500000e+02 1.204370241612195969e-02
7.872023925781250000e+02 1.171299442648887634e-02
7.886905517578125000e+02 1.132814865559339523e-02
7.901785888671875000e+02 1.095006149262189865e-02
7.916667480468750000e+02 1.057337038218975067e-02
7.931547851562500000e+02 1.017105206847190857e-02
7.946429443359375000e+02 9.735612198710441589e-03
7.961309814453125000e+02 9.301315061748027802e-03
7.976191406250000000e+02 8.907654322683811188e-03
7.991071777343750000e+02 8.566644974052906036e-03
8.005953369140625000e+02 8.190006949007511139e-03
8.020833740234375000e+02 7.718205451965332031e-03
8.035715332031250000e+02 7.199140265583992004e-03
8.050595703125000000e+02 6.672868970781564713e-03
8.065477294921875000e+02 6.212175358086824417e-03
8.080357666015625000e+02 5.815501790493726730e-03
8.095239257812500000e+02 5.363565403968095779e-03
8.110119628906250000e+02 4.787461832165718079e-03
8.125000000000000000e+02 4.172443877905607224e-03
8.139881591796875000e+02 3.630483523011207581e-03
8.154761962890625000e+02 3.166939131915569305e-03
8.169643554687500000e+02 2.762649208307266235e-03
8.184523925781250000e+02 2.477021887898445129e-03
8.199405517578125000e+02 2.422830322757363319e-03
8.214285888671875000e+02 2.597859594970941544e-03
8.229167480468750000e+02 2.932388102635741234e-03
8.244047851562500000e+02 3.392143640667200089e-03
8.258929443359375000e+02 3.917598165571689606e-03
8.273809814453125000e+02 4.450518637895584106e-03
8.288691406250000000e+02 5.015963688492774963e-03
8.303571777343750000e+02 5.641047377139329910e-03
8.318453369140625000e+02 6.307235918939113617e-03
8.333333740234375000e+02 6.882547400891780853e-03
8.348215332031250000e+02 7.429905701428651810e-03
8.363095703125000000e+02 8.097049780189990997e-03
8.377977294921875000e+02 8.723788894712924957e-03
8.392857666015625000e+02 9.252582676708698273e-03
8.407739257812500000e+02 9.729699231684207916e-03
8.422619628906250000e+02 1.020236779004335403e-02
8.437500000000000000e+02 1.070484425872564316e-02
8.452381591796875000e+02 1.118026673793792725e-02
8.467261962890625000e+02 1.150875631719827652e-02
8.482143554687500000e+02 1.176109164953231812e-02
8.497023925781250000e+02 1.210663933306932449e-02
8.511905517578125000e+02 1.243549119681119919e-02
8.526785888671875000e+02 1.264334563165903091e-02
8.541667480468750000e+02 1.274998672306537628e-02
8.556547851562500000e+02 1.283877436071634293e-02
8.571429443359375000e+02 1.292870100587606430e-02
8.586309814453125000e+02 1.301021222025156021e-02
8.601191406250000000e+02 1.311426423490047455e-02
8.616071777343750000e+02 1.317275315523147583e-02
8.630953369140625000e+02 1.316101849079132080e-02
8.645833740234375000e+02 1.309894770383834839e-02
8.660715332031250000e+02 1.306045427918434143e-02
8.675595703125000000e+02 1.304366439580917358e-02
8.690477294921875000e+02 1.301405578851699829e-02
8.705357666015625000e+02 1.296377740800380707e-02
8.720239257812500000e+02 1.289312448352575302e-02
8.735119628906250000e+02 1.280597317963838577e-02
8.750000000000000000e+02 1.276828348636627197e-02
8.764881591796875000e+02 1.278606150299310684e-02
8.779761962890625000e+02 1.275143586099147797e-02
8.794643554687500000e+02 1.271666865795850754e-02
8.809523925781250000e+02 1.265666913241147995e-02
8.824405517578125000e+02 1.262206677347421646e-02
8.839285888671875000e+02 1.270612236112356186e-02
8.854167480468750000e+02 1.278076041489839554e-02
8.869047851562500000e+02 1.288123056292533875e-02
8.883929443359375000e+02 1.297067292034626007e-02
8.898809814453125000e+02 1.299025118350982666e-02
8.913691406250000000e+02 1.307592913508415222e-02
8.928571777343750000e+02 1.316966209560632706e-02
8.943453369140625000e+02 1.320706959813833237e-02
8.958333740234375000e+02 1.326287910342216492e-02
8.973215332031250000e+02 1.340598985552787781e-02
8.988095703125000000e+02 1.349839381873607635e-02
9.002977294921875000e+02 1.355815306305885315e-02
9.017857666015625000e+02 1.364192180335521698e-02
9.032739257812500000e+02 1.366460695862770081e-02
9.047619628906250000e+02 1.368573214858770370e-02
9.062500000000000000e+02 1.370575651526451111e-02
9.077381591796875000e+02 1.370729226619005203e-02
9.092261962890625000e+02 1.366410590708255768e-02
9.107143554687500000e+02 1.346755586564540863e-02
9.122023925781250000e+02 1.325169205665588379e-02
9.136905517578125000e+02 1.304185111075639725e-02
9.151785888671875000e+02 1.281892973929643631e-02
9.166667480468750000e+02 1.261431723833084106e-02
9.181547851562500000e+02 1.233909837901592255e-02
9.196429443359375000e+02 1.200844533741474152e-02
9.211309814453125000e+02 1.162243541330099106e-02
9.226191406250000000e+02 1.117255166172981262e-02
9.241071777343750000e+02 1.066279131919145584e-02
9.255953369140625000e+02 1.018659677356481552e-02
9.270833740234375000e+02 9.652841836214065552e-03
9.285715332031250000e+02 9.053172543644905090e-03
9.300595703125000000e+02 8.518914692103862762e-03
9.315477294921875000e+02 7.917539216578006744e-03
9.330357666015625000e+02 7.325307931751012802e-03
9.345239257812500000e+02 6.800837349146604538e-03
9.360119628906250000e+02 6.232632324099540710e-03
9.375000000000000000e+02 5.573602858930826187e-03
9.389881591796875000e+02 4.918765742331743240e-03
9.404761962890625000e+02 4.421019926667213440e-03
9.419643554687500000e+02 4.102286882698535919e-03
9.434523925781250000e+02 3.806436434388160706e-03
9.449405517578125000e+02 3.543683094903826714e-03
9.464285888671875000e+02 3.544314531609416008e-03
9.479167480468750000e+02 3.668210934847593307e-03
9.494047851562500000e+02 3.856355091556906700e-03
9.508929443359375000e+02 4.060863982886075974e-03
9.523809814453125000e+02 4.172113724052906036e-03
9.538691406250000000e+02 4.449079744517803192e-03
9.553571777343750000e+02 4.896437283605337143e-03
9.568453369140625000e+02 5.350732710212469101e-03
9.583333740234375000e+02 5.837966687977313995e-03
9.598215332031250000e+02 6.339784245938062668e-03
9.613095703125000000e+02 6.786152720451354980e-03
9.627977294921875000e+02 7.209205999970436096e-03
9.642857666015625000e+02 7.661390583962202072e-03
9.657739257812500000e+02 8.116859942674636841e-03
9.672619628906250000e+02 8.631614968180656433e-03
9.687500000000000000e+02 9.256842546164989471e-03
9.702381591796875000e+02 9.890400804579257965e-03
9.717261962890625000e+02 1.045192684978246689e-02
9.732143554687500000e+02 1.097413059324026108e-02
9.747023925781250000e+02 1.163142547011375427e-02
9.761905517578125000e+02 1.238186378031969070e-02
9.776785888671875000e+02 1.306133065372705460e-02
9.791667480468750000e+02 1.365054026246070862e-02
9.806547851562500000e+02 1.426281593739986420e-02
9.821429443359375000e+02 1.491359621286392212e-02
9.836309814453125000e+02 1.553870551288127899e-02
9.851191406250000000e+02 1.597389020025730133e-02
9.866071777343750000e+02 1.624432578682899475e-02
9.880953369140625000e+02 1.659625954926013947e-02
9.895833740234375000e+02 1.698084734380245209e-02
9.910715332031250000e+02 1.736784912645816803e-02
9.925595703125000000e+02 1.775921694934368134e-02
9.940477294921875000e+02 1.803081855177879333e-02
9.955357666015625000e+02 1.800862140953540802e-02
9.970239257812500000e+02 0.000000000000000000e+00
9.985119628906250000e+02 0.000000000000000000e+00
