#S 1 spectral density
#N 2
#UFWHM 511.842
#L  abscissas [um]  spectral density
-619.163  3.22487e+16
-618.062  4.39403e+16
-616.961  6.11422e+16
-615.86  5.40158e+16
-614.76  3.986e+16
-613.659  5.08534e+16
-612.558  7.42197e+16
-611.457  5.30265e+16
-610.357  4.50319e+16
-609.256  7.55394e+16
-608.155  7.24161e+16
-607.055  5.62776e+16
-605.954  5.47925e+16
-604.853  7.29269e+16
-603.752  8.67206e+16
-602.652  6.46352e+16
-601.551  6.23767e+16
-600.45  9.55574e+16
-599.349  8.52742e+16
-598.249  5.95687e+16
-597.148  7.90724e+16
-596.047  1.06496e+17
-594.946  1.08692e+17
-593.846  1.01778e+17
-592.745  1.33867e+17
-591.644  1.8435e+17
-590.543  1.89349e+17
-589.443  1.9232e+17
-588.342  2.44921e+17
-587.241  3.09072e+17
-586.141  3.21996e+17
-585.04  3.12693e+17
-583.939  3.84783e+17
-582.838  4.76247e+17
-581.738  4.93935e+17
-580.637  5.09343e+17
-579.536  5.81328e+17
-578.435  6.95149e+17
-577.335  7.40379e+17
-576.234  7.57581e+17
-575.133  8.44474e+17
-574.032  9.43882e+17
-572.932  1.02902e+18
-571.831  1.07002e+18
-570.73  1.10576e+18
-569.63  1.20346e+18
-568.529  1.31347e+18
-567.428  1.38657e+18
-566.327  1.43501e+18
-565.227  1.49938e+18
-564.126  1.62893e+18
-563.025  1.79248e+18
-561.924  1.90359e+18
-560.824  1.9665e+18
-559.723  2.15538e+18
-558.622  2.44889e+18
-557.521  2.67323e+18
-556.421  2.85114e+18
-555.32  3.13329e+18
-554.219  3.54597e+18
-553.118  3.99023e+18
-552.018  4.34198e+18
-550.917  4.64259e+18
-549.816  5.04823e+18
-548.716  5.52918e+18
-547.615  5.93364e+18
-546.514  6.2195e+18
-545.413  6.47269e+18
-544.313  6.81864e+18
-543.212  7.31222e+18
-542.111  7.86053e+18
-541.01  8.39002e+18
-539.91  9.01457e+18
-538.809  1.00146e+19
-537.708  1.13815e+19
-536.607  1.28585e+19
-535.507  1.44389e+19
-534.406  1.6257e+19
-533.305  1.85158e+19
-532.205  2.11898e+19
-531.104  2.39682e+19
-530.003  2.68275e+19
-528.902  2.99252e+19
-527.802  3.33788e+19
-526.701  3.72678e+19
-525.6  4.13468e+19
-524.499  4.52154e+19
-523.399  4.89944e+19
-522.298  5.30109e+19
-521.197  5.74701e+19
-520.096  6.21128e+19
-518.996  6.66355e+19
-517.895  7.12776e+19
-516.794  7.62591e+19
-515.694  8.18157e+19
-514.593  8.80071e+19
-513.492  9.42177e+19
-512.391  1.00002e+20
-511.291  1.05468e+20
-510.19  1.10728e+20
-509.089  1.15861e+20
-507.988  1.20777e+20
-506.888  1.24886e+20
-505.787  1.28056e+20
-504.686  1.30796e+20
-503.585  1.33427e+20
-502.485  1.3611e+20
-501.384  1.38723e+20
-500.283  1.41081e+20
-499.182  1.43466e+20
-498.082  1.46298e+20
-496.981  1.50694e+20
-495.88  1.56982e+20
-494.78  1.6477e+20
-493.679  1.74019e+20
-492.578  1.84523e+20
-491.477  1.96206e+20
-490.377  2.0921e+20
-489.276  2.23677e+20
-488.175  2.3916e+20
-487.074  2.54999e+20
-485.974  2.71418e+20
-484.873  2.88616e+20
-483.772  3.06561e+20
-482.671  3.25381e+20
-481.571  3.44634e+20
-480.47  3.6366e+20
-479.369  3.82025e+20
-478.269  4.00407e+20
-477.168  4.20001e+20
-476.067  4.41044e+20
-474.966  4.63721e+20
-473.866  4.87913e+20
-472.765  5.12465e+20
-471.664  5.3667e+20
-470.563  5.61847e+20
-469.463  5.88817e+20
-468.362  6.18011e+20
-467.261  6.50516e+20
-466.16  6.84884e+20
-465.06  7.19575e+20
-463.959  7.54014e+20
-462.858  7.87848e+20
-461.757  8.22053e+20
-460.657  8.57544e+20
-459.556  8.94481e+20
-458.455  9.31683e+20
-457.355  9.6732e+20
-456.254  1.00005e+21
-455.153  1.0297e+21
-454.052  1.05762e+21
-452.952  1.08541e+21
-451.851  1.11343e+21
-450.75  1.14076e+21
-449.649  1.16551e+21
-448.549  1.18626e+21
-447.448  1.20332e+21
-446.347  1.2191e+21
-445.246  1.23511e+21
-444.146  1.25136e+21
-443.045  1.26727e+21
-441.944  1.28098e+21
-440.844  1.29193e+21
-439.743  1.30266e+21
-438.642  1.315e+21
-437.541  1.32969e+21
-436.441  1.3467e+21
-435.34  1.36435e+21
-434.239  1.38276e+21
-433.138  1.40403e+21
-432.038  1.43042e+21
-430.937  1.4626e+21
-429.836  1.49883e+21
-428.735  1.53679e+21
-427.635  1.57634e+21
-426.534  1.61986e+21
-425.433  1.67e+21
-424.332  1.72648e+21
-423.232  1.78665e+21
-422.131  1.84642e+21
-421.03  1.905e+21
-419.93  1.96552e+21
-418.829  2.02986e+21
-417.728  2.0963e+21
-416.627  2.16055e+21
-415.527  2.21954e+21
-414.426  2.2754e+21
-413.325  2.33214e+21
-412.224  2.39062e+21
-411.124  2.446e+21
-410.023  2.49319e+21
-408.922  2.53316e+21
-407.821  2.57181e+21
-406.721  2.61241e+21
-405.62  2.65139e+21
-404.519  2.68229e+21
-403.419  2.70462e+21
-402.318  2.72445e+21
-401.217  2.74621e+21
-400.116  2.7658e+21
-399.016  2.77531e+21
-397.915  2.77314e+21
-396.814  2.76617e+21
-395.713  2.76008e+21
-394.613  2.75041e+21
-393.512  2.72971e+21
-392.411  2.69843e+21
-391.31  2.6652e+21
-390.21  2.63599e+21
-389.109  2.60672e+21
-388.008  2.57079e+21
-386.908  2.53115e+21
-385.807  2.49896e+21
-384.706  2.47783e+21
-383.605  2.46084e+21
-382.505  2.44333e+21
-381.404  2.43093e+21
-380.303  2.43224e+21
-379.202  2.44544e+21
-378.102  2.46042e+21
-377.001  2.47435e+21
-375.9  2.49552e+21
-374.799  2.52828e+21
-373.699  2.56353e+21
-372.598  2.59286e+21
-371.497  2.62083e+21
-370.396  2.65643e+21
-369.296  2.69727e+21
-368.195  2.73272e+21
-367.094  2.76239e+21
-365.994  2.79757e+21
-364.893  2.84171e+21
-363.792  2.88531e+21
-362.691  2.9236e+21
-361.591  2.96547e+21
-360.49  3.01842e+21
-359.389  3.07526e+21
-358.288  3.12628e+21
-357.188  3.17699e+21
-356.087  3.23721e+21
-354.986  3.30121e+21
-353.885  3.35713e+21
-352.785  3.40798e+21
-351.684  3.46462e+21
-350.583  3.52342e+21
-349.483  3.57232e+21
-348.382  3.61347e+21
-347.281  3.65775e+21
-346.18  3.70445e+21
-345.08  3.74249e+21
-343.979  3.77265e+21
-342.878  3.80736e+21
-341.777  3.84626e+21
-340.677  3.87836e+21
-339.576  3.90533e+21
-338.475  3.939e+21
-337.374  3.97829e+21
-336.274  4.01247e+21
-335.173  4.04473e+21
-334.072  4.08579e+21
-332.971  4.13248e+21
-331.871  4.17568e+21
-330.77  4.22032e+21
-329.669  4.27506e+21
-328.569  4.33416e+21
-327.468  4.39088e+21
-326.367  4.45186e+21
-325.266  4.52182e+21
-324.166  4.59322e+21
-323.065  4.66257e+21
-321.964  4.73672e+21
-320.863  4.81581e+21
-319.763  4.89195e+21
-318.662  4.96582e+21
-317.561  5.04159e+21
-316.46  5.1153e+21
-315.36  5.18208e+21
-314.259  5.24414e+21
-313.158  5.30202e+21
-312.058  5.3511e+21
-310.957  5.39026e+21
-309.856  5.4216e+21
-308.755  5.44361e+21
-307.655  5.45428e+21
-306.554  5.45468e+21
-305.453  5.44576e+21
-304.352  5.42742e+21
-303.252  5.40036e+21
-302.151  5.36514e+21
-301.05  5.32378e+21
-299.949  5.27824e+21
-298.849  5.22844e+21
-297.748  5.176e+21
-296.647  5.12455e+21
-295.547  5.07433e+21
-294.446  5.02462e+21
-293.345  4.97858e+21
-292.244  4.93884e+21
-291.144  4.90207e+21
-290.043  4.86962e+21
-288.942  4.84554e+21
-287.841  4.82664e+21
-286.741  4.81153e+21
-285.64  4.80479e+21
-284.539  4.80496e+21
-283.438  4.80798e+21
-282.338  4.81928e+21
-281.237  4.83876e+21
-280.136  4.86149e+21
-279.035  4.8919e+21
-277.935  4.93161e+21
-276.834  4.97542e+21
-275.733  5.02636e+21
-274.633  5.08733e+21
-273.532  5.15321e+21
-272.431  5.22525e+21
-271.33  5.30683e+21
-270.23  5.39286e+21
-269.129  5.48312e+21
-268.028  5.58099e+21
-266.927  5.68097e+21
-265.827  5.78265e+21
-264.726  5.88845e+21
-263.625  5.99298e+21
-262.524  6.09605e+21
-261.424  6.19914e+21
-260.323  6.29684e+21
-259.222  6.39071e+21
-258.122  6.48127e+21
-257.021  6.56268e+21
-255.92  6.63967e+21
-254.819  6.71101e+21
-253.719  6.7708e+21
-252.618  6.82673e+21
-251.517  6.8739e+21
-250.416  6.90877e+21
-249.316  6.94122e+21
-248.215  6.96227e+21
-247.114  6.97112e+21
-246.013  6.97931e+21
-244.913  6.97245e+21
-243.812  6.95624e+21
-242.711  6.94134e+21
-241.61  6.90925e+21
-240.51  6.87429e+21
-239.409  6.84192e+21
-238.308  6.79286e+21
-237.208  6.7506e+21
-236.107  6.71208e+21
-235.006  6.66126e+21
-233.905  6.6284e+21
-232.805  6.59907e+21
-231.704  6.5659e+21
-230.603  6.56061e+21
-229.502  6.55493e+21
-228.402  6.55512e+21
-227.301  6.58686e+21
-226.2  6.61056e+21
-225.099  6.65101e+21
-223.999  6.71606e+21
-222.898  6.76429e+21
-221.797  6.84047e+21
-220.697  6.92212e+21
-219.596  6.98668e+21
-218.495  7.08446e+21
-217.394  7.16302e+21
-216.294  7.23854e+21
-215.193  7.33946e+21
-214.092  7.4044e+21
-212.991  7.49039e+21
-211.891  7.57762e+21
-210.79  7.63393e+21
-209.689  7.72749e+21
-208.588  7.79149e+21
-207.488  7.85429e+21
-206.387  7.9439e+21
-205.286  7.98857e+21
-204.185  8.06745e+21
-203.085  8.13488e+21
-201.984  8.17637e+21
-200.883  8.25943e+21
-199.783  8.2931e+21
-198.682  8.34604e+21
-197.581  8.40248e+21
-196.48  8.4141e+21
-195.38  8.47044e+21
-194.279  8.47624e+21
-193.178  8.48723e+21
-192.077  8.50982e+21
-190.977  8.47676e+21
-189.876  8.49067e+21
-188.775  8.45901e+21
-187.674  8.43347e+21
-186.574  8.43221e+21
-185.473  8.38458e+21
-184.372  8.39678e+21
-183.272  8.37302e+21
-182.171  8.36932e+21
-181.07  8.39006e+21
-179.969  8.36965e+21
-178.869  8.407e+21
-177.768  8.39501e+21
-176.667  8.40782e+21
-175.566  8.42278e+21
-174.466  8.40445e+21
-173.365  8.43828e+21
-172.264  8.42103e+21
-171.163  8.45165e+21
-170.063  8.46694e+21
-168.962  8.47891e+21
-167.861  8.52365e+21
-166.761  8.51831e+21
-165.66  8.56192e+21
-164.559  8.5566e+21
-163.458  8.57496e+21
-162.358  8.59156e+21
-161.257  8.59089e+21
-160.156  8.63481e+21
-159.055  8.63573e+21
-157.955  8.68706e+21
-156.854  8.69788e+21
-155.753  8.72224e+21
-154.652  8.73521e+21
-153.552  8.71811e+21
-152.451  8.72738e+21
-151.35  8.69073e+21
-150.249  8.70089e+21
-149.149  8.68003e+21
-148.048  8.69112e+21
-146.947  8.69482e+21
-145.847  8.69204e+21
-144.746  8.70338e+21
-143.645  8.68037e+21
-142.544  8.69187e+21
-141.444  8.67086e+21
-140.343  8.69185e+21
-139.242  8.69711e+21
-138.141  8.72412e+21
-137.041  8.74288e+21
-135.94  8.74573e+21
-134.839  8.74613e+21
-133.738  8.70804e+21
-132.638  8.68503e+21
-131.537  8.62799e+21
-130.436  8.59777e+21
-129.336  8.54287e+21
-128.235  8.50107e+21
-127.134  8.43627e+21
-126.033  8.36607e+21
-124.933  8.29017e+21
-123.832  8.21298e+21
-122.731  8.16308e+21
-121.63  8.12357e+21
-120.53  8.12522e+21
-119.429  8.13147e+21
-118.328  8.17185e+21
-117.227  8.21069e+21
-116.127  8.28403e+21
-115.026  8.37129e+21
-113.925  8.5012e+21
-112.824  8.65468e+21
-111.724  8.83753e+21
-110.623  9.02968e+21
-109.522  9.22537e+21
-108.422  9.42376e+21
-107.321  9.62323e+21
-106.22  9.83677e+21
-105.119  1.00541e+22
-104.019  1.02791e+22
-102.918  1.04879e+22
-101.817  1.06863e+22
-100.716  1.08612e+22
-99.6157  1.10319e+22
-98.5149  1.11947e+22
-97.4142  1.13612e+22
-96.3135  1.15171e+22
-95.2127  1.16617e+22
-94.112  1.17836e+22
-93.0113  1.18912e+22
-91.9105  1.19898e+22
-90.8098  1.20861e+22
-89.7091  1.21757e+22
-88.6083  1.2249e+22
-87.5076  1.22985e+22
-86.4069  1.23188e+22
-85.3061  1.23192e+22
-84.2054  1.23004e+22
-83.1046  1.22668e+22
-82.0039  1.22047e+22
-80.9032  1.21143e+22
-79.8024  1.19872e+22
-78.7017  1.18364e+22
-77.601  1.16635e+22
-76.5002  1.14802e+22
-75.3995  1.12771e+22
-74.2988  1.1061e+22
-73.198  1.08273e+22
-72.0973  1.05929e+22
-70.9966  1.03592e+22
-69.8958  1.01391e+22
-68.7951  9.92607e+21
-67.6944  9.72658e+21
-66.5936  9.53771e+21
-65.4929  9.36915e+21
-64.3922  9.22019e+21
-63.2914  9.09522e+21
-62.1907  8.98841e+21
-61.0899  8.89924e+21
-59.9892  8.82708e+21
-58.8885  8.7728e+21
-57.7877  8.73722e+21
-56.687  8.71549e+21
-55.5863  8.70761e+21
-54.4855  8.71018e+21
-53.3848  8.72773e+21
-52.2841  8.75766e+21
-51.1833  8.80213e+21
-50.0826  8.85775e+21
-48.9819  8.92469e+21
-47.8811  9.00476e+21
-46.7804  9.09532e+21
-45.6797  9.2005e+21
-44.5789  9.31158e+21
-43.4782  9.4366e+21
-42.3775  9.56121e+21
-41.2767  9.69845e+21
-40.176  9.82986e+21
-39.0752  9.96878e+21
-37.9745  1.00986e+22
-36.8738  1.02284e+22
-35.773  1.03511e+22
-34.6723  1.04634e+22
-33.5716  1.05767e+22
-32.4708  1.06684e+22
-31.3701  1.07688e+22
-30.2694  1.0843e+22
-29.1686  1.09304e+22
-28.0679  1.09953e+22
-26.9672  1.10706e+22
-25.8664  1.11344e+22
-24.7657  1.11941e+22
-23.665  1.12606e+22
-22.5642  1.13063e+22
-21.4635  1.13742e+22
-20.3628  1.1406e+22
-19.262  1.14622e+22
-18.1613  1.1482e+22
-17.0605  1.15123e+22
-15.9598  1.15229e+22
-14.8591  1.15126e+22
-13.7583  1.15117e+22
-12.6576  1.14624e+22
-11.5569  1.14431e+22
-10.4561  1.1371e+22
-9.3554  1.13253e+22
-8.25467  1.12549e+22
-7.15393  1.11827e+22
-6.0532  1.11337e+22
-4.95246  1.10508e+22
-3.85173  1.10285e+22
-2.75099  1.09672e+22
-1.65026  1.0962e+22
-0.549522  1.09521e+22
0.551213  1.0953e+22
1.65195  1.1004e+22
2.75268  1.10158e+22
3.85342  1.11016e+22
4.95415  1.11424e+22
6.05489  1.122e+22
7.15562  1.13012e+22
8.25636  1.13412e+22
9.35709  1.14369e+22
10.4578  1.14523e+22
11.5586  1.15098e+22
12.6593  1.15275e+22
13.76  1.15104e+22
14.8608  1.15315e+22
15.9615  1.14626e+22
17.0622  1.14471e+22
18.163  1.13824e+22
19.2637  1.13031e+22
20.3644  1.12664e+22
21.4652  1.11537e+22
22.5659  1.11127e+22
23.6666  1.10329e+22
24.7674  1.09511e+22
25.8681  1.09227e+22
26.9689  1.0824e+22
28.0696  1.07953e+22
29.1703  1.07339e+22
30.2711  1.06543e+22
31.3718  1.0629e+22
32.4725  1.05227e+22
33.5733  1.04635e+22
34.674  1.03832e+22
35.7747  1.02572e+22
36.8755  1.01874e+22
37.9762  1.00424e+22
39.0769  9.92182e+21
40.1777  9.81487e+21
41.2784  9.64687e+21
42.3791  9.5428e+21
43.4799  9.40505e+21
44.5806  9.26492e+21
45.6813  9.17868e+21
46.7821  9.04246e+21
47.8828  8.95868e+21
48.9836  8.8906e+21
50.0843  8.79037e+21
51.185  8.76098e+21
52.2858  8.7114e+21
53.3865  8.6665e+21
54.4872  8.67582e+21
55.588  8.64762e+21
56.6887  8.66029e+21
57.7894  8.69616e+21
58.8902  8.70104e+21
59.9909  8.76854e+21
61.0916  8.8328e+21
62.1924  8.89043e+21
63.2931  9.01255e+21
64.3938  9.11782e+21
65.4946  9.24505e+21
66.5953  9.422e+21
67.696  9.57828e+21
68.7968  9.77541e+21
69.8975  1.00004e+22
70.9983  1.02024e+22
72.099  1.04491e+22
73.1997  1.06994e+22
74.3005  1.09238e+22
75.4012  1.11813e+22
76.5019  1.14189e+22
77.6027  1.1628e+22
78.7034  1.1851e+22
79.8041  1.2035e+22
80.9049  1.21905e+22
82.0056  1.23418e+22
83.1063  1.24419e+22
84.2071  1.25181e+22
85.3078  1.25787e+22
86.4085  1.25842e+22
87.5093  1.25711e+22
88.61  1.25387e+22
89.7107  1.24549e+22
90.8115  1.23586e+22
91.9122  1.22474e+22
93.013  1.20928e+22
94.1137  1.19301e+22
95.2144  1.17604e+22
96.3152  1.15582e+22
97.4159  1.13506e+22
98.5166  1.11438e+22
99.6174  1.09164e+22
100.718  1.06852e+22
101.819  1.04617e+22
102.92  1.02296e+22
104.02  9.99585e+21
105.121  9.77426e+21
106.222  9.55425e+21
107.323  9.3364e+21
108.423  9.13583e+21
109.524  8.94653e+21
110.625  8.76365e+21
111.725  8.60169e+21
112.826  8.45845e+21
113.927  8.32589e+21
115.028  8.21683e+21
116.128  8.13244e+21
117.229  8.06129e+21
118.33  8.01421e+21
119.431  7.99394e+21
120.531  7.9859e+21
121.632  7.99956e+21
122.733  8.03672e+21
123.834  8.08084e+21
124.934  8.14157e+21
126.035  8.22042e+21
127.136  8.29772e+21
128.236  8.38512e+21
129.337  8.4853e+21
130.438  8.57514e+21
131.539  8.6689e+21
132.639  8.77196e+21
133.74  8.85983e+21
134.841  8.94687e+21
135.942  9.04017e+21
137.042  9.11567e+21
138.143  9.18776e+21
139.244  9.26202e+21
140.345  9.31755e+21
141.445  9.36944e+21
142.546  9.41773e+21
143.647  9.44585e+21
144.747  9.47063e+21
145.848  9.48443e+21
146.949  9.47552e+21
148.05  9.46393e+21
149.15  9.43739e+21
150.251  9.389e+21
151.352  9.33942e+21
152.453  9.27563e+21
153.553  9.19574e+21
154.654  9.11656e+21
155.755  9.02625e+21
156.856  8.93145e+21
157.956  8.84139e+21
159.057  8.74293e+21
160.158  8.65106e+21
161.259  8.57044e+21
162.359  8.48614e+21
163.46  8.41351e+21
164.561  8.35574e+21
165.661  8.30221e+21
166.762  8.2596e+21
167.863  8.22739e+21
168.964  8.20634e+21
170.064  8.19671e+21
171.165  8.18793e+21
172.266  8.18775e+21
173.367  8.20276e+21
174.467  8.21593e+21
175.568  8.22675e+21
176.669  8.24871e+21
177.77  8.27395e+21
178.87  8.29461e+21
179.971  8.31304e+21
181.072  8.3308e+21
182.172  8.35765e+21
183.273  8.37784e+21
184.374  8.38224e+21
185.475  8.40132e+21
186.575  8.42314e+21
187.676  8.43282e+21
188.777  8.44341e+21
189.878  8.44868e+21
190.978  8.47008e+21
192.079  8.48669e+21
193.18  8.47666e+21
194.281  8.4872e+21
195.381  8.49608e+21
196.482  8.49677e+21
197.583  8.48971e+21
198.684  8.4567e+21
199.784  8.45113e+21
200.885  8.42977e+21
201.986  8.37639e+21
203.086  8.32701e+21
204.187  8.25679e+21
205.288  8.20796e+21
206.389  8.13355e+21
207.489  8.02557e+21
208.59  7.94643e+21
209.691  7.85291e+21
210.792  7.77783e+21
211.892  7.6821e+21
212.993  7.5709e+21
214.094  7.51179e+21
215.195  7.4382e+21
216.295  7.38429e+21
217.396  7.31707e+21
218.497  7.25087e+21
219.597  7.24263e+21
220.698  7.20895e+21
221.799  7.19388e+21
222.9  7.15838e+21
224  7.13238e+21
225.101  7.1509e+21
226.202  7.12858e+21
227.303  7.12266e+21
228.403  7.0786e+21
229.504  7.05453e+21
230.605  7.05457e+21
231.706  7.01327e+21
232.806  6.98732e+21
233.907  6.91217e+21
235.008  6.87814e+21
236.109  6.84624e+21
237.209  6.7977e+21
238.31  6.75842e+21
239.411  6.67317e+21
240.511  6.64426e+21
241.612  6.60002e+21
242.713  6.57689e+21
243.814  6.53835e+21
244.914  6.47489e+21
246.015  6.45412e+21
247.116  6.41318e+21
248.217  6.41835e+21
249.317  6.37853e+21
250.418  6.34287e+21
251.519  6.30364e+21
252.62  6.26296e+21
253.72  6.2561e+21
254.821  6.20332e+21
255.922  6.16734e+21
257.022  6.08162e+21
258.123  6.02145e+21
259.224  5.95506e+21
260.325  5.88507e+21
261.425  5.81343e+21
262.526  5.69946e+21
263.627  5.61001e+21
264.728  5.49476e+21
265.828  5.42123e+21
266.929  5.32705e+21
268.03  5.24453e+21
269.131  5.15369e+21
270.231  5.06609e+21
271.332  5.00986e+21
272.433  4.95382e+21
273.533  4.93645e+21
274.634  4.89921e+21
275.735  4.89219e+21
276.836  4.87357e+21
277.936  4.88895e+21
279.037  4.91077e+21
280.138  4.9497e+21
281.239  4.99518e+21
282.339  5.03118e+21
283.44  5.08191e+21
284.541  5.12022e+21
285.642  5.18599e+21
286.742  5.23586e+21
287.843  5.30411e+21
288.944  5.34785e+21
290.045  5.39886e+21
291.145  5.43449e+21
292.246  5.47566e+21
293.347  5.51449e+21
294.447  5.54931e+21
295.548  5.58325e+21
296.649  5.59996e+21
297.75  5.61921e+21
298.85  5.62113e+21
299.951  5.63208e+21
301.052  5.62743e+21
302.153  5.6309e+21
303.253  5.61647e+21
304.354  5.60387e+21
305.455  5.57618e+21
306.556  5.54904e+21
307.656  5.51304e+21
308.757  5.47665e+21
309.858  5.4357e+21
310.958  5.39054e+21
312.059  5.34325e+21
313.16  5.29103e+21
314.261  5.23958e+21
315.361  5.18434e+21
316.462  5.13246e+21
317.563  5.07618e+21
318.664  5.02336e+21
319.764  4.96602e+21
320.865  4.91135e+21
321.966  4.85325e+21
323.067  4.79841e+21
324.167  4.74107e+21
325.268  4.68581e+21
326.369  4.62862e+21
327.47  4.57224e+21
328.57  4.51407e+21
329.671  4.45635e+21
330.772  4.39858e+21
331.872  4.34252e+21
332.973  4.28808e+21
334.074  4.23485e+21
335.175  4.18389e+21
336.275  4.1331e+21
337.376  4.08382e+21
338.477  4.03365e+21
339.578  3.98416e+21
340.678  3.93346e+21
341.779  3.88359e+21
342.88  3.83188e+21
343.981  3.78047e+21
345.081  3.72859e+21
346.182  3.67636e+21
347.283  3.62378e+21
348.383  3.57188e+21
349.484  3.51957e+21
350.585  3.46828e+21
351.686  3.41929e+21
352.786  3.37152e+21
353.887  3.32695e+21
354.988  3.28437e+21
356.089  3.24526e+21
357.189  3.20674e+21
358.29  3.171e+21
359.391  3.13446e+21
360.492  3.09962e+21
361.592  3.06209e+21
362.693  3.02524e+21
363.794  2.98413e+21
364.894  2.94266e+21
365.995  2.89719e+21
367.096  2.85147e+21
368.197  2.80262e+21
369.297  2.75519e+21
370.398  2.70614e+21
371.499  2.66002e+21
372.6  2.61518e+21
373.7  2.57481e+21
374.801  2.5379e+21
375.902  2.5065e+21
377.003  2.47978e+21
378.103  2.45797e+21
379.204  2.44123e+21
380.305  2.42847e+21
381.406  2.42009e+21
382.506  2.41401e+21
383.607  2.41149e+21
384.708  2.40988e+21
385.808  2.41056e+21
386.909  2.41137e+21
388.01  2.41414e+21
389.111  2.41704e+21
390.211  2.42185e+21
391.312  2.4269e+21
392.413  2.43342e+21
393.514  2.44029e+21
394.614  2.44795e+21
395.715  2.45576e+21
396.816  2.46291e+21
397.917  2.4694e+21
399.017  2.47363e+21
400.118  2.47636e+21
401.219  2.47545e+21
402.319  2.47241e+21
403.42  2.46472e+21
404.521  2.45436e+21
405.622  2.43976e+21
406.722  2.42237e+21
407.823  2.40155e+21
408.924  2.37782e+21
410.025  2.35248e+21
411.125  2.32491e+21
412.226  2.29801e+21
413.327  2.26947e+21
414.428  2.24215e+21
415.528  2.21402e+21
416.629  2.18742e+21
417.73  2.16198e+21
418.831  2.13707e+21
419.931  2.11358e+21
421.032  2.08861e+21
422.133  2.0647e+21
423.233  2.03919e+21
424.334  2.01463e+21
425.435  1.9884e+21
426.536  1.96014e+21
427.636  1.93052e+21
428.737  1.89775e+21
429.838  1.8653e+21
430.939  1.83054e+21
432.039  1.79512e+21
433.14  1.75792e+21
434.241  1.71841e+21
435.342  1.67923e+21
436.442  1.63891e+21
437.543  1.60012e+21
438.644  1.56017e+21
439.744  1.51996e+21
440.845  1.47989e+21
441.946  1.43898e+21
443.047  1.40026e+21
444.147  1.36086e+21
445.248  1.32252e+21
446.349  1.28318e+21
447.45  1.2427e+21
448.55  1.20377e+21
449.651  1.16362e+21
450.752  1.12504e+21
451.853  1.08577e+21
452.953  1.04543e+21
454.054  1.00543e+21
455.155  9.64193e+20
456.256  9.24923e+20
457.356  8.85148e+20
458.457  8.45702e+20
459.558  8.07087e+20
460.658  7.67436e+20
461.759  7.30084e+20
462.86  6.9398e+20
463.961  6.59828e+20
465.061  6.28032e+20
466.162  5.96905e+20
467.263  5.68692e+20
468.364  5.41854e+20
469.464  5.16919e+20
470.565  4.94795e+20
471.666  4.7301e+20
472.767  4.52942e+20
473.867  4.33689e+20
474.968  4.14596e+20
476.069  3.96936e+20
477.169  3.79095e+20
478.27  3.62475e+20
479.371  3.4646e+20
480.472  3.31011e+20
481.572  3.17864e+20
482.673  3.0544e+20
483.774  2.94527e+20
484.875  2.85369e+20
485.975  2.76906e+20
487.076  2.70468e+20
488.177  2.64921e+20
489.278  2.60302e+20
490.378  2.56838e+20
491.479  2.52644e+20
492.58  2.48662e+20
493.68  2.44255e+20
494.781  2.38332e+20
495.882  2.32307e+20
496.983  2.24793e+20
498.083  2.16105e+20
499.184  2.07157e+20
500.285  1.9663e+20
501.386  1.86043e+20
502.486  1.74946e+20
503.587  1.62767e+20
504.688  1.51233e+20
505.789  1.39423e+20
506.889  1.27638e+20
507.99  1.17054e+20
509.091  1.06848e+20
510.192  9.72252e+19
511.292  8.91179e+19
512.393  8.16611e+19
513.494  7.51828e+19
514.594  7.00092e+19
515.695  6.51772e+19
516.796  6.1303e+19
517.897  5.79046e+19
518.997  5.45179e+19
520.098  5.16513e+19
521.199  4.85982e+19
522.3  4.53296e+19
523.4  4.22431e+19
524.501  3.894e+19
525.602  3.55863e+19
526.703  3.25563e+19
527.803  2.95057e+19
528.904  2.67211e+19
530.005  2.43563e+19
531.105  2.20415e+19
532.206  2.01104e+19
533.307  1.84791e+19
534.408  1.67216e+19
535.508  1.53471e+19
536.609  1.41146e+19
537.71  1.28137e+19
538.811  1.18723e+19
539.911  1.11169e+19
541.012  1.03642e+19
542.113  9.79255e+18
543.214  9.45945e+18
544.314  8.88686e+18
545.415  8.37359e+18
546.516  7.84317e+18
547.617  7.06413e+18
548.717  6.31683e+18
549.818  5.5756e+18
550.919  4.87654e+18
552.019  4.26783e+18
553.12  3.89061e+18
554.221  3.52785e+18
555.322  3.27536e+18
556.422  3.12695e+18
557.523  2.81948e+18
558.624  2.58624e+18
559.725  2.33314e+18
560.825  2.05826e+18
561.926  1.84477e+18
563.027  1.75495e+18
564.128  1.69479e+18
565.228  1.61838e+18
566.329  1.65052e+18
567.43  1.50692e+18
568.53  1.3629e+18
569.631  1.217e+18
570.732  1.02975e+18
571.833  9.07507e+17
572.933  8.39219e+17
574.034  8.55246e+17
575.135  7.93031e+17
576.236  8.04968e+17
577.336  7.46403e+17
578.437  6.27379e+17
579.538  5.37191e+17
580.639  4.50613e+17
581.739  4.40975e+17
582.84  3.9286e+17
583.941  4.33798e+17
585.041  4.04793e+17
586.142  3.47183e+17
587.243  3.02061e+17
588.344  2.27518e+17
589.444  2.06953e+17
590.545  1.68861e+17
591.646  2.28608e+17
592.747  2.04165e+17
593.847  1.99143e+17
594.948  1.84783e+17
596.049  1.33073e+17
597.15  1.23847e+17
598.25  9.38259e+16
599.351  1.57467e+17
600.452  1.25269e+17
601.553  1.40328e+17
602.653  1.18134e+17
603.754  8.94478e+16
604.855  8.06336e+16
605.955  6.26018e+16
607.056  1.21472e+17
608.157  8.57498e+16
609.258  1.17423e+17
610.358  7.39e+16
611.459  7.45758e+16
612.56  6.58516e+16
613.661  6.1969e+16
614.761  9.99229e+16
615.862  5.83743e+16
616.963  9.40385e+16
618.064  4.8177e+16
619.164  7.60126e+16
