#S 1 scored data
#N 5
#L  distance  fwhm  total_intensity  on_axis_intensity  peak_intensity
10 113.319 6.47432e+17 5.26531e+21 6.55814e+21
10.04 104.879 6.47161e+17 5.15863e+21 6.77999e+21
10.0801 112.381 6.47038e+17 5.63344e+21 6.04914e+21
10.1201 103.941 6.47003e+17 5.90875e+21 6.81445e+21
10.1602 114.569 6.46781e+17 5.85751e+21 6.20799e+21
10.2002 113.788 6.46707e+17 5.57546e+21 6.40812e+21
10.2402 97.0635 6.46615e+17 5.33426e+21 6.8948e+21
10.2803 107.379 6.46543e+17 5.75897e+21 6.32579e+21
10.3203 107.067 6.4642e+17 6.31178e+21 6.65851e+21
10.3604 106.754 6.46403e+17 5.87946e+21 6.24445e+21
10.4004 110.818 6.46277e+17 4.80856e+21 6.31619e+21
10.4404 102.065 6.46231e+17 4.90238e+21 6.47225e+21
10.4805 112.694 6.46175e+17 6.46673e+21 6.49841e+21
10.5205 99.0955 6.46135e+17 7.22125e+21 7.26006e+21
10.5606 111.756 6.46129e+17 5.91565e+21 6.47635e+21
10.6006 97.6888 6.46152e+17 4.92623e+21 6.80825e+21
10.6406 110.193 6.46095e+17 5.52907e+21 6.29966e+21
10.6807 105.191 6.461e+17 6.09682e+21 6.6132e+21
10.7207 103.159 6.46117e+17 5.37851e+21 6.56541e+21
10.7608 107.067 6.46115e+17 4.8718e+21 6.49293e+21
10.8008 105.191 6.46114e+17 5.63221e+21 6.47619e+21
10.8408 109.255 6.46083e+17 6.4605e+21 6.47266e+21
10.8809 91.9056 6.46141e+17 6.33852e+21 7.20658e+21
10.9209 104.253 6.46109e+17 6.14234e+21 6.77269e+21
10.961 102.69 6.46176e+17 6.2046e+21 6.97131e+21
11.001 100.502 6.46169e+17 6.22774e+21 6.85801e+21
11.041 100.815 6.46273e+17 6.52307e+21 6.85447e+21
11.0811 104.879 6.46297e+17 6.43744e+21 6.64566e+21
11.1211 115.507 6.46328e+17 5.57996e+21 6.512e+21
11.1612 98.6266 6.46331e+17 5.64362e+21 6.61054e+21
11.2012 105.191 6.46367e+17 6.82455e+21 6.84133e+21
11.2412 109.568 6.46361e+17 6.21371e+21 6.46342e+21
11.2813 107.692 6.4643e+17 4.98854e+21 6.72921e+21
11.3213 108.005 6.46445e+17 6.06015e+21 6.22111e+21
11.3614 97.5324 6.46601e+17 6.95109e+21 6.96757e+21
11.4014 102.065 6.46609e+17 5.60304e+21 6.71473e+21
11.4414 112.069 6.46647e+17 5.61752e+21 6.38493e+21
11.4815 100.19 6.46651e+17 6.50706e+21 6.84604e+21
11.5215 96.4383 6.46639e+17 5.85434e+21 6.69433e+21
11.5616 106.442 6.46615e+17 6.11281e+21 6.59939e+21
11.6016 95.5005 6.46689e+17 6.65902e+21 6.84539e+21
11.6416 96.282 6.46686e+17 5.3248e+21 6.74476e+21
11.6817 110.193 6.46843e+17 5.57811e+21 6.50952e+21
11.7217 98.6266 6.46908e+17 6.89477e+21 6.90217e+21
11.7618 108.317 6.46987e+17 5.90612e+21 6.9891e+21
11.8018 104.253 6.4701e+17 5.62435e+21 6.50507e+21
11.8418 94.0938 6.46938e+17 5.95206e+21 7.16158e+21
11.8819 99.877 6.46896e+17 5.89301e+21 7.00994e+21
11.9219 96.1257 6.46862e+17 7.17131e+21 7.19018e+21
11.962 98.314 6.46848e+17 6.7888e+21 7.06581e+21
12.002 94.2501 6.46924e+17 5.84818e+21 7.31523e+21
12.042 96.282 6.46988e+17 7.01321e+21 7.11905e+21
12.0821 106.129 6.4702e+17 6.5148e+21 6.52566e+21
12.1221 102.378 6.47175e+17 5.72976e+21 7.2269e+21
12.1622 99.7207 6.47147e+17 6.60309e+21 7.01832e+21
12.2022 97.6888 6.47093e+17 5.84411e+21 7.06831e+21
12.2422 97.5324 6.46981e+17 5.45401e+21 6.97565e+21
12.2823 94.8753 6.46934e+17 6.24968e+21 7.15712e+21
12.3223 94.8753 6.46886e+17 7.66767e+21 7.70596e+21
12.3624 92.3745 6.46989e+17 7.67985e+21 7.7112e+21
12.4024 98.6266 6.47023e+17 5.53328e+21 7.06282e+21
12.4424 100.502 6.47087e+17 5.5888e+21 7.43973e+21
12.4825 96.4383 6.47161e+17 6.41297e+21 7.33237e+21
12.5225 97.8451 6.47228e+17 6.24208e+21 6.98306e+21
12.5626 86.1224 6.47147e+17 7.08656e+21 7.41207e+21
12.6026 92.8434 6.47052e+17 7.75098e+21 7.80758e+21
12.6426 92.3745 6.46987e+17 6.04358e+21 7.17066e+21
12.6827 90.4989 6.46947e+17 4.93985e+21 7.47572e+21
12.7227 96.7509 6.47045e+17 6.7995e+21 6.95838e+21
12.7628 87.3728 6.47176e+17 7.8156e+21 7.82695e+21
12.8028 86.1224 6.47258e+17 6.81943e+21 7.77507e+21
12.8428 93.3123 6.47405e+17 6.21111e+21 7.02172e+21
12.8829 88.6232 6.47487e+17 6.52644e+21 7.87952e+21
12.9229 99.2518 6.47571e+17 5.64169e+21 7.16948e+21
12.963 86.1224 6.47485e+17 6.64261e+21 7.37117e+21
13.003 76.1191 6.47407e+17 8.81022e+21 8.83937e+21
13.043 90.3426 6.47404e+17 6.57221e+21 7.25323e+21
13.0831 86.435 6.47437e+17 5.61596e+21 7.90813e+21
13.1231 72.993 6.47618e+17 6.10252e+21 8.81275e+21
13.1632 89.7173 6.47639e+17 7.44721e+21 7.46977e+21
13.2032 91.1241 6.47999e+17 6.26318e+21 8.06054e+21
13.2432 77.9947 6.481e+17 8.3716e+21 8.38292e+21
13.2833 88.4669 6.48319e+17 7.14735e+21 7.43029e+21
13.3233 82.9964 6.48269e+17 5.56948e+21 7.93878e+21
13.3634 81.7459 6.48307e+17 6.08633e+21 8.09818e+21
13.4034 89.2484 6.48276e+17 7.30147e+21 7.53595e+21
13.4434 87.3728 6.4826e+17 7.14246e+21 7.65558e+21
13.4835 86.1224 6.48339e+17 7.73216e+21 7.74178e+21
13.5235 84.5594 6.48321e+17 7.98339e+21 7.99877e+21
13.5636 91.7493 6.48664e+17 5.16103e+21 7.52767e+21
13.6036 83.9342 6.48716e+17 6.35233e+21 7.90568e+21
13.6436 85.8098 6.49013e+17 7.22015e+21 8.3304e+21
13.6837 87.6854 6.49097e+17 7.72419e+21 7.73202e+21
13.7237 82.9964 6.49354e+17 7.28798e+21 8.12582e+21
13.7638 81.7459 6.49322e+17 8.43226e+21 8.45645e+21
13.8038 83.6216 6.49347e+17 5.35914e+21 7.82233e+21
13.8438 82.0586 6.49416e+17 6.45893e+21 8.20526e+21
13.8839 86.1224 6.49384e+17 7.10054e+21 8.50087e+21
13.9239 88.3106 6.49503e+17 7.76952e+21 7.77985e+21
13.964 81.7459 6.49535e+17 7.43402e+21 8.13148e+21
14.004 82.0586 6.49839e+17 8.39572e+21 8.41424e+21
14.044 84.2468 6.5003e+17 5.8934e+21 7.70443e+21
14.0841 79.2451 6.50303e+17 6.59637e+21 7.97288e+21
14.1241 86.2787 6.50346e+17 7.19408e+21 8.19353e+21
14.1642 80.1829 6.5062e+17 7.22565e+21 7.73347e+21
14.2042 80.4955 6.50683e+17 7.98498e+21 7.98801e+21
14.2442 82.3712 6.50753e+17 7.86082e+21 7.86424e+21
14.2843 83.9342 6.50777e+17 6.80076e+21 7.94062e+21
14.3243 78.6199 6.50847e+17 6.67795e+21 8.27347e+21
14.3644 86.435 6.50976e+17 7.55034e+21 7.79464e+21
14.4044 79.5577 6.51051e+17 6.65161e+21 8.10311e+21
14.4444 74.5561 6.51302e+17 8.36361e+21 8.37741e+21
14.4845 82.2149 6.51419e+17 7.29945e+21 7.87372e+21
14.5245 83.6216 6.51642e+17 7.38506e+21 7.97051e+21
14.5646 78.6199 6.51745e+17 7.24595e+21 8.12846e+21
14.6046 86.1224 6.51922e+17 7.36239e+21 7.66188e+21
14.6446 87.6854 6.51963e+17 7.27096e+21 7.66237e+21
14.6847 82.6838 6.52032e+17 7.7293e+21 7.73125e+21
14.7247 82.0586 6.52057e+17 7.51694e+21 7.68589e+21
14.7648 84.2468 6.52116e+17 7.28163e+21 7.70057e+21
14.8048 78.3073 6.52124e+17 7.76271e+21 7.76798e+21
14.8448 79.5577 6.52206e+17 7.36923e+21 7.763e+21
14.8849 80.1829 6.52266e+17 7.7815e+21 7.78408e+21
14.9249 81.7459 6.52405e+17 7.64974e+21 7.64992e+21
14.965 83.309 6.52432e+17 7.50308e+21 7.68711e+21
15.005 84.5594 6.52528e+17 7.49531e+21 7.77354e+21
15.045 82.6838 6.52562e+17 7.65026e+21 7.75317e+21
15.0851 79.8703 6.52601e+17 7.72864e+21 7.79875e+21
15.1251 79.8703 6.52565e+17 7.85322e+21 7.8545e+21
15.1652 78.3073 6.52577e+17 7.88165e+21 7.88278e+21
15.2052 76.1191 6.52553e+17 7.57433e+21 7.83502e+21
15.2452 75.1813 6.52521e+17 7.72633e+21 8.07148e+21
15.2853 74.3998 6.52489e+17 7.73699e+21 8.24484e+21
15.3253 75.4939 6.52481e+17 7.93933e+21 8.13509e+21
15.3654 78.3073 6.52449e+17 8.0292e+21 8.09142e+21
15.4054 79.8703 6.52465e+17 7.86793e+21 8.05218e+21
15.4454 71.8989 6.52473e+17 7.74546e+21 8.4498e+21
15.4855 74.2435 6.52429e+17 7.67069e+21 8.84667e+21
15.5255 75.8065 6.52369e+17 8.02071e+21 8.35941e+21
15.5656 74.2435 6.52338e+17 8.21547e+21 8.21652e+21
15.6056 75.3376 6.52284e+17 8.34191e+21 8.48976e+21
15.6456 72.0552 6.52231e+17 8.1739e+21 8.78148e+21
15.6857 68.6166 6.52171e+17 7.78199e+21 9.04162e+21
15.7257 76.4317 6.52078e+17 7.58652e+21 8.43794e+21
15.7658 72.993 6.52009e+17 7.93598e+21 8.77183e+21
15.8058 74.5561 6.51992e+17 8.27964e+21 8.9932e+21
15.8458 72.993 6.51939e+17 8.58252e+21 8.74482e+21
15.8859 71.1174 6.51881e+17 9.10472e+21 9.11309e+21
15.9259 71.1174 6.51818e+17 7.76017e+21 8.76669e+21
15.966 69.2418 6.5176e+17 7.91565e+21 9.29897e+21
16.006 65.8031 6.51716e+17 8.02047e+21 9.7433e+21
16.046 67.0536 6.517e+17 7.29454e+21 8.99291e+21
16.0861 72.993 6.51617e+17 9.66325e+21 9.68338e+21
16.1261 71.8989 6.51541e+17 8.69662e+21 9.15567e+21
16.1662 73.1493 6.51495e+17 8.16049e+21 9.00266e+21
16.2062 70.4922 6.5147e+17 9.49662e+21 9.51858e+21
16.2462 78.151 6.51435e+17 6.69447e+21 9.22062e+21
16.2863 67.0536 6.51382e+17 8.22711e+21 9.55889e+21
16.3263 66.741 6.5134e+17 9.14264e+21 9.15598e+21
16.3664 65.1779 6.51296e+17 8.15859e+21 9.68445e+21
16.4064 70.8048 6.51319e+17 1.00251e+22 1.00354e+22
16.4464 68.6166 6.51277e+17 8.62106e+21 9.60837e+21
16.4865 69.0855 6.51271e+17 8.16098e+21 1.02672e+22
16.5265 67.6788 6.51218e+17 7.62014e+21 9.36452e+21
16.5666 65.1779 6.5123e+17 8.4541e+21 9.70527e+21
16.6066 75.4939 6.51224e+17 9.15387e+21 9.49886e+21
16.6466 73.9308 6.51226e+17 8.62303e+21 9.84112e+21
16.6867 59.8637 6.51196e+17 1.10498e+22 1.10757e+22
16.7267 69.5544 6.51236e+17 8.13684e+21 9.43765e+21
16.7668 69.867 6.51222e+17 7.87816e+21 1.00224e+22
16.8068 67.6788 6.51221e+17 8.67052e+21 9.93586e+21
16.8468 69.2418 6.51244e+17 7.69409e+21 9.55603e+21
16.8869 66.741 6.51235e+17 9.6994e+21 9.84499e+21
16.9269 74.5561 6.51259e+17 9.51286e+21 9.73159e+21
16.967 60.3326 6.51281e+17 1.0755e+22 1.07704e+22
17.007 66.741 6.51292e+17 8.37995e+21 9.61254e+21
17.047 70.4922 6.51284e+17 8.11007e+21 9.63393e+21
17.0871 62.3645 6.51334e+17 8.8952e+21 1.02943e+22
17.1271 66.1157 6.51327e+17 7.66879e+21 9.8845e+21
17.1672 64.8653 6.51373e+17 1.028e+22 1.02852e+22
17.2072 65.4905 6.51398e+17 9.86613e+21 9.89177e+21
17.2472 60.8015 6.51435e+17 1.07412e+22 1.07518e+22
17.2873 62.9897 6.51429e+17 8.7456e+21 9.60809e+21
17.3273 70.4922 6.51455e+17 8.19836e+21 9.96732e+21
17.3674 58.6133 6.51487e+17 8.83845e+21 1.07664e+22
17.4074 66.1157 6.51484e+17 8.03638e+21 1.00499e+22
17.4474 64.5527 6.51514e+17 1.06164e+22 1.06232e+22
17.4875 65.8031 6.51542e+17 1.00077e+22 1.0305e+22
17.5275 60.4889 6.51533e+17 1.11911e+22 1.12013e+22
17.5676 62.9897 6.51563e+17 9.1565e+21 9.78414e+21
17.6076 61.583 6.51581e+17 8.59169e+21 1.04674e+22
17.6476 58.6133 6.51589e+17 8.54063e+21 1.10906e+22
17.6877 66.1157 6.51634e+17 8.39907e+21 1.01516e+22
17.7277 58.1443 6.51631e+17 1.07793e+22 1.07884e+22
17.7678 65.8031 6.51645e+17 1.01908e+22 1.0599e+22
17.8078 53.299 6.51668e+17 1.1469e+22 1.14768e+22
17.8478 62.6771 6.51669e+17 9.3813e+21 1.02654e+22
17.8879 61.7393 6.51675e+17 9.43585e+21 1.0799e+22
17.9279 58.6133 6.51677e+17 8.3607e+21 1.09321e+22
17.968 57.3628 6.51671e+17 8.71418e+21 1.08918e+22
18.008 58.6133 6.51679e+17 1.04179e+22 1.04201e+22
18.048 66.1157 6.51673e+17 1.0963e+22 1.09672e+22
18.0881 53.9242 6.51677e+17 1.19544e+22 1.19666e+22
18.1281 61.7393 6.51687e+17 9.69455e+21 1.08124e+22
18.1682 60.4889 6.51682e+17 9.7031e+21 1.14038e+22
18.2082 53.299 6.51705e+17 8.48904e+21 1.13315e+22
18.2482 56.7376 6.51678e+17 9.51312e+21 1.14039e+22
18.2883 58.6133 6.5169e+17 9.53729e+21 1.05144e+22
18.3283 57.3628 6.51692e+17 1.09773e+22 1.11898e+22
18.3684 53.6116 6.5165e+17 1.19628e+22 1.19716e+22
18.4084 52.9864 6.51646e+17 1.15996e+22 1.16117e+22
18.4484 61.7393 6.51624e+17 1.02402e+22 1.08718e+22
18.4885 61.4267 6.51612e+17 8.37755e+21 1.18545e+22
18.5285 49.8603 6.51601e+17 9.18665e+21 1.23134e+22
18.5686 57.3628 6.51584e+17 1.0064e+22 1.13641e+22
18.6086 56.425 6.51572e+17 1.18794e+22 1.18938e+22
18.6486 57.988 6.51582e+17 1.13153e+22 1.17775e+22
18.6887 53.299 6.51536e+17 1.14148e+22 1.18836e+22
18.7287 60.4889 6.51512e+17 1.05871e+22 1.07982e+22
18.7688 53.299 6.51545e+17 1.04165e+22 1.17839e+22
18.8088 52.0486 6.51476e+17 9.46476e+21 1.20477e+22
18.8488 55.4872 6.51488e+17 9.30878e+21 1.22574e+22
18.8889 57.988 6.51463e+17 1.03049e+22 1.15044e+22
18.9289 57.3628 6.5142e+17 1.20727e+22 1.20759e+22
18.969 44.8587 6.51395e+17 1.32117e+22 1.32312e+22
19.009 52.9864 6.51358e+17 1.23003e+22 1.23132e+22
19.049 52.9864 6.51351e+17 1.04106e+22 1.16993e+22
19.0891 47.0469 6.51319e+17 8.99528e+21 1.30669e+22
19.1291 50.1729 6.51304e+17 9.43337e+21 1.279e+22
19.1692 57.6754 6.51299e+17 1.10272e+22 1.19253e+22
19.2092 49.2351 6.51278e+17 1.236e+22 1.23748e+22
19.2492 49.2351 6.51232e+17 1.26983e+22 1.27031e+22
19.2893 52.3612 6.51194e+17 1.18658e+22 1.26612e+22
19.3293 53.9242 6.51214e+17 1.12109e+22 1.20067e+22
19.3694 53.9242 6.51127e+17 1.05e+22 1.19699e+22
19.4094 48.2973 6.51156e+17 1.06456e+22 1.29061e+22
19.4494 49.2351 6.51109e+17 1.05653e+22 1.26534e+22
19.4895 49.5477 6.51064e+17 1.1327e+22 1.18957e+22
19.5295 49.3914 6.51044e+17 1.18463e+22 1.2795e+22
19.5696 47.6721 6.50997e+17 1.28801e+22 1.30594e+22
19.6096 51.4234 6.50981e+17 1.28196e+22 1.28239e+22
19.6496 53.6116 6.50948e+17 1.23925e+22 1.24057e+22
19.6897 52.3612 6.50937e+17 1.0976e+22 1.27837e+22
19.7297 46.8906 6.50907e+17 1.02321e+22 1.34597e+22
19.7698 49.2351 6.50878e+17 1.03349e+22 1.33396e+22
19.8098 48.9225 6.5087e+17 1.15472e+22 1.2346e+22
19.8498 48.2973 6.50793e+17 1.31811e+22 1.31849e+22
19.8899 43.9209 6.5082e+17 1.38547e+22 1.38666e+22
19.9299 45.1713 6.50737e+17 1.35743e+22 1.35868e+22
19.97 53.4553 6.50739e+17 1.20506e+22 1.24061e+22
20.01 45.4839 6.50698e+17 1.09753e+22 1.37437e+22
20.0501 47.6721 6.50654e+17 1.03044e+22 1.38665e+22
20.0901 48.2973 6.50638e+17 1.15603e+22 1.35422e+22
20.1301 48.9225 6.50588e+17 1.2531e+22 1.25905e+22
20.1702 41.7326 6.50573e+17 1.43595e+22 1.43724e+22
20.2102 43.7646 6.50547e+17 1.39836e+22 1.39915e+22
20.2503 45.3276 6.50524e+17 1.37457e+22 1.37525e+22
20.2903 53.299 6.50515e+17 1.18132e+22 1.28863e+22
20.3303 44.5461 6.50461e+17 1.14103e+22 1.45638e+22
20.3704 47.6721 6.5048e+17 1.06961e+22 1.40051e+22
20.4104 40.9511 6.50406e+17 1.2371e+22 1.39394e+22
20.4505 48.9225 6.50418e+17 1.29223e+22 1.31993e+22
20.4905 41.1074 6.5038e+17 1.48357e+22 1.48482e+22
20.5305 43.6083 6.50343e+17 1.41988e+22 1.42025e+22
20.5706 44.5461 6.50333e+17 1.42675e+22 1.42722e+22
20.6106 44.5461 6.50286e+17 1.24434e+22 1.35231e+22
20.6507 41.1074 6.50264e+17 1.22532e+22 1.47918e+22
20.6907 40.7948 6.50236e+17 1.15091e+22 1.42761e+22
20.7307 41.1074 6.50217e+17 1.29618e+22 1.42812e+22
20.7708 48.9225 6.50192e+17 1.34445e+22 1.36451e+22
20.8108 41.1074 6.50187e+17 1.50516e+22 1.50612e+22
20.8509 43.6083 6.50163e+17 1.47523e+22 1.47562e+22
20.8909 43.6083 6.5015e+17 1.45645e+22 1.45686e+22
20.9309 44.5461 6.50129e+17 1.32892e+22 1.37214e+22
20.971 41.42 6.5011e+17 1.25576e+22 1.4934e+22
21.011 39.2318 6.50086e+17 1.22689e+22 1.52166e+22
21.0511 41.1074 6.50086e+17 1.28805e+22 1.46918e+22
21.0911 48.4536 6.50035e+17 1.40709e+22 1.40723e+22
21.1311 41.42 6.50039e+17 1.48926e+22 1.48955e+22
21.1712 38.6066 6.50007e+17 1.5864e+22 1.58724e+22
21.2112 42.0452 6.49971e+17 1.49254e+22 1.49265e+22
21.2513 43.9209 6.4997e+17 1.50224e+22 1.50284e+22
21.2913 41.42 6.49941e+17 1.31323e+22 1.49827e+22
21.3313 38.9192 6.499e+17 1.38603e+22 1.61325e+22
21.3714 40.7948 6.49919e+17 1.28636e+22 1.52387e+22
21.4114 39.5444 6.49901e+17 1.50601e+22 1.55486e+22
21.4515 40.7948 6.49873e+17 1.44117e+22 1.55437e+22
21.4915 34.5427 6.49916e+17 1.67284e+22 1.67392e+22
21.5315 36.4184 6.49876e+17 1.48411e+22 1.57797e+22
21.5716 35.4806 6.49872e+17 1.61664e+22 1.61767e+22
21.6116 36.731 6.49887e+17 1.35657e+22 1.59208e+22
21.6517 37.3562 6.49857e+17 1.48757e+22 1.68978e+22
21.6917 39.2318 6.49845e+17 1.32492e+22 1.61285e+22
21.7317 39.2318 6.49857e+17 1.55186e+22 1.6427e+22
21.7718 39.5444 6.49841e+17 1.4881e+22 1.60291e+22
21.8118 35.9495 6.49836e+17 1.69665e+22 1.69729e+22
21.8519 35.4806 6.49844e+17 1.61329e+22 1.63961e+22
21.8919 36.1058 6.49855e+17 1.66156e+22 1.66185e+22
21.9319 35.7932 6.49847e+17 1.56297e+22 1.58898e+22
21.972 36.731 6.49861e+17 1.51595e+22 1.62585e+22
22.012 38.4503 6.49901e+17 1.52746e+22 1.68215e+22
22.0521 37.0436 6.49879e+17 1.50577e+22 1.65042e+22
22.0921 38.9192 6.49913e+17 1.66129e+22 1.66187e+22
22.1321 36.4184 6.49945e+17 1.61262e+22 1.68287e+22
22.1722 34.2301 6.49929e+17 1.7967e+22 1.79765e+22
22.2122 35.7932 6.49951e+17 1.62298e+22 1.72156e+22
22.2523 34.699 6.49984e+17 1.75051e+22 1.75134e+22
22.2923 35.7932 6.4997e+17 1.52327e+22 1.73657e+22
22.3323 32.9797 6.49985e+17 1.6514e+22 1.81938e+22
22.3724 32.0419 6.50022e+17 1.51652e+22 1.74754e+22
22.4124 32.0419 6.50019e+17 1.69471e+22 1.77538e+22
22.4525 33.6049 6.5002e+17 1.67218e+22 1.73625e+22
22.4925 32.6671 6.50064e+17 1.80057e+22 1.80087e+22
22.5325 34.2301 6.50078e+17 1.81353e+22 1.81365e+22
22.5726 33.2923 6.50064e+17 1.78394e+22 1.78695e+22
22.6126 34.5427 6.50112e+17 1.81416e+22 1.81453e+22
22.6527 32.3545 6.50137e+17 1.6823e+22 1.82195e+22
22.6927 32.9797 6.50132e+17 1.78851e+22 1.86703e+22
22.7327 31.7293 6.50167e+17 1.67126e+22 1.85973e+22
22.7728 31.7293 6.50192e+17 1.8596e+22 1.86027e+22
22.8128 32.0419 6.50189e+17 1.77251e+22 1.86949e+22
22.8529 32.0419 6.50206e+17 1.93581e+22 1.93648e+22
22.8929 32.9797 6.50232e+17 1.84573e+22 1.8734e+22
22.9329 32.3545 6.50227e+17 1.89058e+22 1.89088e+22
22.973 33.2923 6.50226e+17 1.83259e+22 1.84701e+22
23.013 31.4167 6.50273e+17 1.7937e+22 1.88457e+22
23.0531 29.8537 6.50273e+17 1.83964e+22 1.95064e+22
23.0931 31.1041 6.50245e+17 1.792e+22 1.93001e+22
23.1331 29.8537 6.503e+17 1.93872e+22 1.95139e+22
23.1732 30.7915 6.50309e+17 1.88555e+22 1.97007e+22
23.2132 29.2285 6.50286e+17 2.03668e+22 2.03721e+22
23.2533 29.2285 6.50318e+17 1.96217e+22 2.00537e+22
23.2933 28.2907 6.50341e+17 2.03619e+22 2.03646e+22
23.3333 29.2285 6.50339e+17 1.98372e+22 2.00488e+22
23.3734 28.6033 6.50351e+17 1.99029e+22 2.00466e+22
23.4134 29.2285 6.50365e+17 2.01832e+22 2.01832e+22
23.4535 28.6033 6.50365e+17 1.99825e+22 2.05815e+22
23.4935 28.9159 6.50365e+17 2.09605e+22 2.09626e+22
23.5335 27.6655 6.5037e+17 2.05536e+22 2.09813e+22
23.5736 27.3529 6.5038e+17 2.14815e+22 2.14848e+22
23.6136 27.0402 6.50352e+17 2.09276e+22 2.11533e+22
23.6537 27.3529 6.50352e+17 2.12934e+22 2.12951e+22
23.6937 27.6655 6.50395e+17 2.09922e+22 2.11129e+22
23.7337 27.6655 6.50326e+17 2.0966e+22 2.12971e+22
23.7738 27.6655 6.50321e+17 2.12485e+22 2.15246e+22
23.8138 27.3529 6.50359e+17 2.11806e+22 2.16754e+22
23.8539 27.0402 6.50304e+17 2.18545e+22 2.18567e+22
23.8939 26.5713 6.503e+17 2.18393e+22 2.2032e+22
23.9339 26.1024 6.503e+17 2.24242e+22 2.24264e+22
23.974 26.1024 6.50276e+17 2.2485e+22 2.24855e+22
24.014 26.1024 6.50274e+17 2.27989e+22 2.27995e+22
24.0541 25.6335 6.50253e+17 2.30286e+22 2.30286e+22
24.0941 25.4772 6.50229e+17 2.32636e+22 2.32636e+22
24.1341 24.852 6.50225e+17 2.36122e+22 2.36127e+22
24.1742 24.5394 6.50192e+17 2.39055e+22 2.3906e+22
24.2142 23.9142 6.50177e+17 2.41377e+22 2.41382e+22
24.2543 23.9142 6.50181e+17 2.43806e+22 2.43813e+22
24.2943 23.6016 6.50111e+17 2.44472e+22 2.44476e+22
24.3343 23.289 6.50105e+17 2.45124e+22 2.45124e+22
24.3744 23.289 6.50126e+17 2.47166e+22 2.47174e+22
24.4144 22.9764 6.50026e+17 2.46303e+22 2.47869e+22
24.4545 22.9764 6.50023e+17 2.51617e+22 2.51636e+22
24.4945 22.9764 6.50024e+17 2.50204e+22 2.51581e+22
24.5345 22.6638 6.49957e+17 2.55507e+22 2.55526e+22
24.5746 22.9764 6.49947e+17 2.55143e+22 2.55157e+22
24.6146 22.6638 6.49919e+17 2.55483e+22 2.55961e+22
24.6547 22.6638 6.49867e+17 2.59147e+22 2.59172e+22
24.6947 21.726 6.4986e+17 2.55041e+22 2.63109e+22
24.7347 21.4134 6.4982e+17 2.64437e+22 2.64835e+22
24.7748 21.4134 6.49768e+17 2.62222e+22 2.69105e+22
24.8148 20.7882 6.4976e+17 2.73028e+22 2.73044e+22
24.8549 20.4756 6.49714e+17 2.78092e+22 2.78104e+22
24.8949 20.7882 6.49661e+17 2.81215e+22 2.81531e+22
24.9349 19.5378 6.49669e+17 2.92622e+22 2.92671e+22
24.975 20.4756 6.49588e+17 2.85316e+22 2.89375e+22
25.015 19.8504 6.49526e+17 2.96328e+22 2.96369e+22
25.0551 20.163 6.49549e+17 2.89347e+22 2.9224e+22
25.0951 20.163 6.49455e+17 2.93496e+22 2.93496e+22
25.1351 19.5378 6.49405e+17 2.99941e+22 2.99958e+22
25.1752 19.5378 6.49405e+17 2.95929e+22 3.03864e+22
25.2152 18.5999 6.49332e+17 3.14282e+22 3.14334e+22
25.2553 18.2873 6.49293e+17 3.06768e+22 3.10757e+22
25.2953 17.9747 6.49276e+17 3.1931e+22 3.19347e+22
25.3353 17.9747 6.49202e+17 3.175e+22 3.17524e+22
25.3754 17.3495 6.49168e+17 3.10426e+22 3.14774e+22
25.4154 17.9747 6.49152e+17 3.19952e+22 3.20009e+22
25.4555 17.3495 6.49083e+17 3.02955e+22 3.22224e+22
25.4955 17.6621 6.4905e+17 3.18317e+22 3.21458e+22
25.5355 17.3495 6.49038e+17 3.14528e+22 3.23106e+22
25.5756 16.7243 6.4896e+17 3.22476e+22 3.27183e+22
25.6156 16.4117 6.48927e+17 3.41634e+22 3.41697e+22
25.6557 16.0991 6.48914e+17 3.34513e+22 3.44054e+22
25.6957 15.1613 6.48813e+17 3.59844e+22 3.59936e+22
25.7357 15.4739 6.48786e+17 3.49872e+22 3.5137e+22
25.7758 15.4739 6.48768e+17 3.55647e+22 3.55647e+22
25.8158 14.8487 6.48679e+17 3.632e+22 3.63247e+22
25.8559 15.4739 6.48652e+17 3.48665e+22 3.67265e+22
25.8959 14.5361 6.4863e+17 3.74128e+22 3.74187e+22
25.9359 15.1613 6.48549e+17 3.65238e+22 3.74973e+22
25.976 14.5361 6.48521e+17 3.84863e+22 3.84863e+22
26.016 13.9109 6.48496e+17 4.01599e+22 4.01652e+22
26.0561 14.5361 6.48422e+17 3.94525e+22 3.98961e+22
26.0961 13.2857 6.48395e+17 4.23018e+22 4.23132e+22
26.1361 13.9109 6.48379e+17 4.03221e+22 4.0465e+22
26.1762 13.5983 6.48318e+17 4.09029e+22 4.09043e+22
26.2162 13.2857 6.48285e+17 4.09149e+22 4.09193e+22
26.2563 12.6605 6.48277e+17 3.87144e+22 4.07926e+22
26.2963 12.9731 6.48208e+17 4.11102e+22 4.11171e+22
26.3363 12.6605 6.48167e+17 3.95212e+22 4.10317e+22
26.3764 12.6605 6.48154e+17 4.13383e+22 4.13383e+22
26.4164 12.6605 6.48086e+17 4.30968e+22 4.31036e+22
26.4565 12.3479 6.48051e+17 4.2062e+22 4.29765e+22
26.4965 12.3479 6.48036e+17 4.53276e+22 4.53404e+22
26.5365 12.0353 6.47974e+17 4.3519e+22 4.36402e+22
26.5766 11.879 6.47939e+17 4.40016e+22 4.40016e+22
26.6166 11.7227 6.47929e+17 4.49246e+22 4.49318e+22
26.6567 11.0974 6.4787e+17 4.25578e+22 4.49653e+22
26.6967 10.7848 6.47828e+17 4.56704e+22 4.56768e+22
26.7367 10.4722 6.47818e+17 4.50464e+22 4.548e+22
26.7768 10.4722 6.47774e+17 4.67254e+22 4.67447e+22
26.8168 9.53442 6.47737e+17 5.03513e+22 5.0361e+22
26.8569 9.84703 6.47731e+17 4.93232e+22 4.9628e+22
26.8969 8.59661 6.47699e+17 5.31745e+22 5.31849e+22
26.9369 8.59661 6.47653e+17 5.27743e+22 5.2777e+22
26.977 8.90921 6.47645e+17 5.16465e+22 5.16465e+22
27.017 7.9714 6.47621e+17 5.36467e+22 5.36573e+22
27.0571 8.90921 6.47573e+17 5.00097e+22 5.03592e+22
27.0971 8.28401 6.47553e+17 5.09995e+22 5.09995e+22
27.1371 8.28401 6.47529e+17 5.09526e+22 5.09526e+22
27.1772 8.90921 6.47497e+17 4.88442e+22 4.94148e+22
27.2172 7.9714 6.47485e+17 5.1892e+22 5.19e+22
27.2573 8.90921 6.47462e+17 4.98283e+22 4.98283e+22
27.2973 8.90921 6.47422e+17 4.96917e+22 4.96917e+22
27.3373 8.59661 6.47409e+17 5.02586e+22 5.02706e+22
27.3774 10.7848 6.47397e+17 4.56152e+22 4.56694e+22
27.4174 12.0353 6.47362e+17 4.52199e+22 4.52262e+22
27.4575 12.9731 6.4734e+17 4.17224e+22 4.17231e+22
27.4975 15.4739 6.4733e+17 3.75597e+22 3.87491e+22
27.5375 15.7865 6.47308e+17 3.73249e+22 3.73308e+22
27.5776 16.7243 6.47291e+17 3.33117e+22 3.5526e+22
27.6176 17.6621 6.47285e+17 3.27723e+22 3.32771e+22
27.6577 17.6621 6.47263e+17 3.25878e+22 3.25933e+22
27.6977 17.3495 6.47234e+17 2.98136e+22 3.33862e+22
27.7377 17.6621 6.47223e+17 3.07882e+22 3.37666e+22
27.7778 17.6621 6.47213e+17 2.84845e+22 3.3925e+22
27.8178 17.9747 6.47194e+17 2.6316e+22 3.39415e+22
27.8579 18.9125 6.47176e+17 2.6152e+22 3.32295e+22
27.8979 18.9125 6.47161e+17 2.2757e+22 3.41466e+22
27.9379 19.8504 6.47154e+17 2.25736e+22 3.25745e+22
27.978 20.163 6.47149e+17 2.23006e+22 3.21411e+22
28.018 20.4756 6.47136e+17 2.11943e+22 3.26305e+22
28.0581 20.7882 6.47118e+17 2.36021e+22 3.17259e+22
28.0981 22.0386 6.47105e+17 2.35109e+22 3.09736e+22
28.1381 22.3512 6.47099e+17 2.44098e+22 3.07918e+22
28.1782 22.3512 6.47094e+17 2.63213e+22 3.15932e+22
28.2182 23.289 6.47087e+17 2.48477e+22 2.923e+22
28.2583 23.6016 6.47074e+17 2.56718e+22 2.8598e+22
28.2983 23.6016 6.47065e+17 2.53922e+22 2.77849e+22
28.3383 23.289 6.47062e+17 2.36944e+22 2.89366e+22
28.3784 23.6016 6.47054e+17 2.50644e+22 2.99578e+22
28.4184 23.6016 6.47042e+17 2.4419e+22 2.92052e+22
28.4585 23.9142 6.47032e+17 2.47715e+22 2.89322e+22
28.4985 24.5394 6.47017e+17 2.68932e+22 2.88225e+22
28.5385 24.3831 6.47008e+17 2.62156e+22 2.83361e+22
28.5786 24.852 6.47012e+17 2.73206e+22 2.75324e+22
28.6186 24.852 6.4701e+17 2.77336e+22 2.78358e+22
28.6587 24.3831 6.46995e+17 2.56463e+22 2.82825e+22
28.6987 24.5394 6.46989e+17 2.56212e+22 2.72133e+22
28.7387 24.2268 6.46993e+17 2.38815e+22 2.73705e+22
28.7788 23.6016 6.46986e+17 2.17582e+22 2.81045e+22
28.8188 23.6016 6.46979e+17 2.1912e+22 2.77001e+22
28.8589 23.289 6.46978e+17 2.05203e+22 2.75965e+22
28.8989 23.289 6.46966e+17 2.05255e+22 2.77808e+22
28.9389 22.3512 6.4696e+17 2.16381e+22 2.97149e+22
28.979 22.3512 6.46971e+17 2.10106e+22 3.01311e+22
29.019 21.1008 6.46975e+17 2.19154e+22 3.17098e+22
29.0591 20.4756 6.46957e+17 2.21098e+22 3.24561e+22
29.0991 20.4756 6.4695e+17 2.08685e+22 3.16536e+22
29.1391 20.163 6.46958e+17 2.11518e+22 3.1632e+22
29.1792 20.4756 6.46949e+17 2.02857e+22 3.05134e+22
29.2192 20.4756 6.46937e+17 1.95993e+22 3.06419e+22
29.2593 20.4756 6.4694e+17 2.07003e+22 2.98519e+22
29.2993 20.4756 6.46933e+17 2.09676e+22 2.99699e+22
29.3393 20.4756 6.46924e+17 2.25512e+22 2.96153e+22
29.3794 20.4756 6.46929e+17 2.50432e+22 2.8558e+22
29.4194 19.8504 6.46937e+17 2.62428e+22 2.8682e+22
29.4595 19.5378 6.46925e+17 2.84683e+22 2.84719e+22
29.4995 18.9125 6.46917e+17 3.01124e+22 3.01173e+22
29.5395 18.5999 6.46922e+17 3.02515e+22 3.02515e+22
29.5796 18.5999 6.46912e+17 3.13232e+22 3.13251e+22
29.6196 18.9125 6.46905e+17 3.15711e+22 3.15711e+22
29.6597 18.9125 6.46912e+17 3.14088e+22 3.19304e+22
29.6997 19.2251 6.46908e+17 3.27289e+22 3.27289e+22
29.7397 18.4436 6.46889e+17 3.36306e+22 3.36306e+22
29.7798 12.6605 6.46893e+17 3.49566e+22 3.4963e+22
29.8198 11.7227 6.46911e+17 3.73768e+22 3.73768e+22
29.8599 11.0974 6.469e+17 3.8857e+22 3.8857e+22
29.8999 10.4722 6.46878e+17 4.02901e+22 4.02901e+22
29.9399 9.53442 6.46886e+17 4.16224e+22 4.16258e+22
29.98 9.84703 6.46888e+17 4.1465e+22 4.14653e+22
30.02 9.84703 6.46874e+17 4.10311e+22 4.10311e+22
30.0601 9.84703 6.4687e+17 4.03252e+22 4.03252e+22
30.1001 10.1596 6.46873e+17 3.89279e+22 3.89279e+22
30.1401 10.4722 6.46869e+17 3.80304e+22 3.80304e+22
30.1802 10.4722 6.4686e+17 3.75219e+22 3.75219e+22
30.2202 10.7848 6.46863e+17 3.72614e+22 3.72649e+22
30.2603 11.0974 6.46863e+17 3.76647e+22 3.76647e+22
30.3003 11.41 6.46851e+17 3.82314e+22 3.82314e+22
30.3403 11.7227 6.46848e+17 3.87352e+22 3.87352e+22
30.3804 12.3479 6.46845e+17 3.8958e+22 3.89598e+22
30.4204 12.6605 6.4683e+17 3.86311e+22 3.86327e+22
30.4605 12.9731 6.46825e+17 3.78686e+22 3.78705e+22
30.5005 13.1294 6.46834e+17 3.64587e+22 3.64594e+22
30.5405 13.2857 6.46831e+17 3.48781e+22 3.48781e+22
30.5806 13.5983 6.46808e+17 3.35481e+22 3.35481e+22
30.6206 13.5983 6.46809e+17 3.21663e+22 3.33152e+22
30.6607 13.9109 6.46826e+17 3.15403e+22 3.30753e+22
30.7007 14.2235 6.46814e+17 3.168e+22 3.25994e+22
30.7407 14.8487 6.46796e+17 3.17491e+22 3.22531e+22
30.7808 15.1613 6.46798e+17 3.25328e+22 3.25328e+22
30.8208 14.8487 6.468e+17 3.34391e+22 3.3442e+22
30.8609 15.1613 6.46793e+17 3.33738e+22 3.33745e+22
30.9009 15.1613 6.46783e+17 3.35465e+22 3.3549e+22
30.9409 15.1613 6.4678e+17 3.33076e+22 3.33112e+22
30.981 15.7865 6.46781e+17 3.18598e+22 3.18598e+22
31.021 16.0991 6.46774e+17 3.11006e+22 3.11006e+22
31.0611 16.4117 6.46768e+17 3.03944e+22 3.03945e+22
31.1011 17.0369 6.46762e+17 2.90847e+22 3.073e+22
31.1411 17.0369 6.46754e+17 2.92524e+22 3.03248e+22
31.1812 17.3495 6.4675e+17 2.97455e+22 2.98908e+22
31.2212 17.0369 6.46746e+17 2.96345e+22 3.0245e+22
31.2613 16.4117 6.46735e+17 3.09042e+22 3.09045e+22
31.3013 16.0991 6.46722e+17 3.1837e+22 3.18404e+22
31.3413 16.7243 6.46723e+17 3.13844e+22 3.13844e+22
31.3814 16.4117 6.46731e+17 3.18694e+22 3.18715e+22
31.4214 16.4117 6.46717e+17 3.15935e+22 3.15979e+22
31.4615 17.6621 6.46704e+17 2.97456e+22 2.97924e+22
31.5015 18.7562 6.46712e+17 2.91868e+22 2.91868e+22
31.5415 19.8504 6.46714e+17 2.83959e+22 2.83969e+22
31.5816 19.5378 6.46702e+17 2.65918e+22 2.83222e+22
31.6216 20.163 6.46694e+17 2.67092e+22 2.76503e+22
31.6617 20.163 6.46689e+17 2.69683e+22 2.73086e+22
31.7017 18.9125 6.4669e+17 2.62366e+22 2.73895e+22
31.7417 19.0688 6.46687e+17 2.73119e+22 2.73121e+22
31.7818 18.2873 6.46674e+17 2.81057e+22 2.81102e+22
31.8218 18.2873 6.46666e+17 2.71817e+22 2.72405e+22
31.8619 18.2873 6.46667e+17 2.76053e+22 2.76074e+22
31.9019 18.9125 6.46667e+17 2.75421e+22 2.75481e+22
31.9419 19.5378 6.46656e+17 2.54944e+22 2.58359e+22
31.982 21.1008 6.46646e+17 2.4948e+22 2.4948e+22
32.022 21.1008 6.46645e+17 2.45464e+22 2.52277e+22
32.0621 21.726 6.46642e+17 2.25846e+22 2.50198e+22
32.1021 21.726 6.46636e+17 2.25496e+22 2.49226e+22
32.1421 21.4134 6.46632e+17 2.32097e+22 2.524e+22
32.1822 22.0386 6.46625e+17 2.23236e+22 2.41475e+22
32.2222 22.0386 6.46624e+17 2.31579e+22 2.35214e+22
32.2623 21.1008 6.46629e+17 2.45742e+22 2.45799e+22
32.3023 21.726 6.46624e+17 2.37629e+22 2.38679e+22
32.3423 21.4134 6.46618e+17 2.40181e+22 2.40181e+22
32.3824 21.1008 6.46619e+17 2.48823e+22 2.48897e+22
32.4224 23.6016 6.46616e+17 2.32363e+22 2.32789e+22
32.4625 23.6016 6.46615e+17 2.23888e+22 2.29479e+22
32.5025 22.9764 6.46611e+17 2.2845e+22 2.29146e+22
32.5425 23.9142 6.46601e+17 2.12611e+22 2.26311e+22
32.5826 23.9142 6.46598e+17 2.05125e+22 2.28256e+22
32.6226 23.289 6.46603e+17 2.17444e+22 2.31254e+22
32.6627 24.852 6.466e+17 2.12236e+22 2.20889e+22
32.7027 25.1646 6.46587e+17 2.10613e+22 2.24346e+22
32.7427 26.415 6.46585e+17 2.29565e+22 2.29612e+22
32.7828 25.7898 6.46592e+17 2.28858e+22 2.28879e+22
32.8228 25.7898 6.46589e+17 2.21567e+22 2.25754e+22
32.8629 26.415 6.46578e+17 2.34187e+22 2.34234e+22
32.9029 25.6335 6.46579e+17 2.29126e+22 2.29169e+22
32.9429 25.4772 6.46582e+17 2.10456e+22 2.19176e+22
32.983 26.415 6.46578e+17 2.14023e+22 2.14036e+22
33.023 25.7898 6.46576e+17 2.097e+22 2.09717e+22
33.0631 25.1646 6.46579e+17 1.90355e+22 2.12801e+22
33.1031 26.415 6.46581e+17 1.94961e+22 2.07345e+22
33.1431 26.5713 6.4658e+17 2.00978e+22 2.10287e+22
33.1832 26.1024 6.46579e+17 1.88938e+22 2.05606e+22
33.2232 28.2907 6.4658e+17 1.965e+22 1.99425e+22
33.2633 27.9781 6.46581e+17 2.10205e+22 2.10263e+22
33.3033 29.2285 6.46577e+17 1.99528e+22 2.00993e+22
33.3433 28.9159 6.46573e+17 1.99074e+22 2.00513e+22
33.3834 28.2907 6.46576e+17 2.10057e+22 2.10125e+22
33.4234 29.6974 6.46579e+17 1.95696e+22 1.95703e+22
33.4635 29.2285 6.46575e+17 1.83209e+22 1.93833e+22
33.5035 28.2907 6.46571e+17 1.9007e+22 1.919e+22
33.5435 28.9159 6.46576e+17 1.79113e+22 1.89639e+22
33.5836 30.7915 6.46579e+17 1.64383e+22 1.91058e+22
33.6236 28.2907 6.46574e+17 1.74282e+22 1.93813e+22
33.6637 28.7596 6.46575e+17 1.74999e+22 1.91202e+22
33.7037 31.1041 6.46581e+17 1.64472e+22 1.85652e+22
33.7437 30.1663 6.46578e+17 1.7687e+22 1.76879e+22
33.7838 29.8537 6.46573e+17 1.86355e+22 1.86413e+22
33.8238 31.4167 6.46579e+17 1.7507e+22 1.81344e+22
33.8639 30.7915 6.46586e+17 1.79487e+22 1.79533e+22
33.9039 29.5411 6.46584e+17 1.89236e+22 1.89303e+22
33.9439 32.0419 6.4658e+17 1.74523e+22 1.75936e+22
33.984 32.3545 6.46585e+17 1.66993e+22 1.76492e+22
34.024 34.2301 6.46592e+17 1.75327e+22 1.7734e+22
34.0641 33.2923 6.46592e+17 1.6473e+22 1.73097e+22
34.1041 32.6671 6.46588e+17 1.53342e+22 1.76797e+22
34.1441 34.2301 6.46589e+17 1.64502e+22 1.77732e+22
34.1842 32.3545 6.46594e+17 1.65274e+22 1.74943e+22
34.2242 32.0419 6.46599e+17 1.55824e+22 1.73831e+22
34.2643 32.6671 6.46598e+17 1.67752e+22 1.6776e+22
34.3043 30.7915 6.46595e+17 1.77313e+22 1.7737e+22
34.3443 32.0419 6.46599e+17 1.66872e+22 1.71215e+22
34.3844 32.0419 6.46608e+17 1.69888e+22 1.70387e+22
34.4244 30.4789 6.46615e+17 1.8028e+22 1.80341e+22
34.4645 32.6671 6.46615e+17 1.68133e+22 1.68134e+22
34.5045 33.6049 6.4661e+17 1.58909e+22 1.68061e+22
34.5445 35.3243 6.46608e+17 1.66808e+22 1.66845e+22
34.5846 35.7932 6.46616e+17 1.59763e+22 1.60989e+22
34.6246 34.3864 6.46623e+17 1.46225e+22 1.65888e+22
34.6647 35.7932 6.46618e+17 1.5366e+22 1.61692e+22
34.7047 35.4806 6.4661e+17 1.57481e+22 1.63568e+22
34.7447 35.4806 6.46611e+17 1.46744e+22 1.60704e+22
34.7848 35.7932 6.46618e+17 1.51987e+22 1.56191e+22
34.8248 35.168 6.46622e+17 1.63611e+22 1.63663e+22
34.8649 38.294 6.46619e+17 1.55738e+22 1.55906e+22
34.9049 34.5427 6.46616e+17 1.51986e+22 1.57609e+22
34.9449 35.4806 6.46618e+17 1.62434e+22 1.62478e+22
34.985 37.3562 6.46623e+17 1.57186e+22 1.5721e+22
35.025 38.294 6.46627e+17 1.43883e+22 1.54221e+22
35.0651 37.3562 6.46626e+17 1.47889e+22 1.47899e+22
35.1051 37.8251 6.46625e+17 1.48475e+22 1.52209e+22
35.1451 38.9192 6.4663e+17 1.34533e+22 1.49179e+22
35.1852 38.9192 6.46641e+17 1.33838e+22 1.47083e+22
35.2252 37.6688 6.46651e+17 1.42184e+22 1.53664e+22
35.2653 39.857 6.4665e+17 1.35552e+22 1.44249e+22
35.3053 40.4822 6.4664e+17 1.31598e+22 1.45729e+22
35.3453 42.3578 6.46641e+17 1.43002e+22 1.43028e+22
35.3854 41.1074 6.46662e+17 1.44214e+22 1.44239e+22
35.4254 40.7948 6.46673e+17 1.35677e+22 1.4344e+22
35.4655 42.3578 6.46651e+17 1.4102e+22 1.41026e+22
35.5055 40.9511 6.46626e+17 1.46374e+22 1.46417e+22
35.5455 40.4822 6.46634e+17 1.35844e+22 1.38453e+22
35.5856 40.6385 6.46652e+17 1.31444e+22 1.39163e+22
35.6256 41.42 6.46646e+17 1.37792e+22 1.40119e+22
35.6657 40.1696 6.46626e+17 1.3236e+22 1.38007e+22
35.7057 40.1696 6.4662e+17 1.23416e+22 1.39182e+22
35.7457 42.0452 6.46623e+17 1.29201e+22 1.38039e+22
35.7858 41.1074 6.46624e+17 1.32933e+22 1.40313e+22
35.8258 41.1074 6.46624e+17 1.25748e+22 1.35344e+22
35.8659 42.9831 6.46625e+17 1.28046e+22 1.34121e+22
35.9059 43.2957 6.46624e+17 1.37436e+22 1.37469e+22
35.9459 44.3898 6.46624e+17 1.34378e+22 1.34384e+22
35.986 42.8267 6.46632e+17 1.2982e+22 1.35571e+22
36.026 43.2957 6.46642e+17 1.36669e+22 1.3669e+22
36.0661 42.5141 6.46645e+17 1.37795e+22 1.37827e+22
36.1061 45.7965 6.46644e+17 1.28722e+22 1.33031e+22
36.1461 43.2957 6.46644e+17 1.28219e+22 1.30756e+22
36.1862 43.2957 6.46652e+17 1.32559e+22 1.32578e+22
36.2262 46.4217 6.4667e+17 1.26302e+22 1.27729e+22
36.2663 41.7326 6.46671e+17 1.20767e+22 1.31202e+22
36.3063 43.6083 6.46636e+17 1.26067e+22 1.28649e+22
36.3463 44.5461 6.4661e+17 1.27206e+22 1.28547e+22
36.3864 45.7965 6.46636e+17 1.21295e+22 1.28284e+22
36.4264 44.8587 6.46662e+17 1.23643e+22 1.26058e+22
36.4665 44.5461 6.4663e+17 1.29767e+22 1.29792e+22
36.5065 46.4217 6.4658e+17 1.26354e+22 1.26354e+22
36.5465 46.4217 6.46576e+17 1.2277e+22 1.26628e+22
36.5866 45.1713 6.46599e+17 1.27312e+22 1.27329e+22
36.6266 46.1091 6.46597e+17 1.27394e+22 1.27418e+22
36.6667 47.3595 6.46576e+17 1.20309e+22 1.23401e+22
36.7067 48.6099 6.46566e+17 1.19276e+22 1.21449e+22
36.7467 46.8906 6.46566e+17 1.21968e+22 1.21986e+22
36.7868 47.9847 6.46567e+17 1.17416e+22 1.18692e+22
36.8268 47.9847 6.4657e+17 1.12618e+22 1.20606e+22
36.8669 49.0788 6.46576e+17 1.15478e+22 1.19071e+22
36.9069 47.0469 6.46579e+17 1.16568e+22 1.19744e+22
36.9469 47.9847 6.46579e+17 1.12162e+22 1.1697e+22
36.987 48.6099 6.46587e+17 1.1231e+22 1.16096e+22
37.027 47.9847 6.46595e+17 1.16409e+22 1.16428e+22
37.0671 48.2973 6.46596e+17 1.14915e+22 1.14922e+22
37.1071 48.6099 6.46597e+17 1.11525e+22 1.14987e+22
37.1471 50.1729 6.46585e+17 1.13511e+22 1.13517e+22
37.1872 49.704 6.4656e+17 1.14739e+22 1.14757e+22
37.2272 49.8603 6.46557e+17 1.10652e+22 1.11894e+22
37.2673 50.4855 6.46581e+17 1.08583e+22 1.12108e+22
37.3073 51.4234 6.46567e+17 1.10446e+22 1.1216e+22
37.3473 51.736 6.46499e+17 1.0922e+22 1.11965e+22
37.3874 51.5797 6.46461e+17 1.05753e+22 1.11084e+22
37.4274 52.0486 6.46492e+17 1.06295e+22 1.0987e+22
37.4675 52.6738 6.46518e+17 1.08151e+22 1.11317e+22
37.5075 53.9242 6.46484e+17 1.06589e+22 1.09069e+22
37.5475 53.7679 6.46437e+17 1.05387e+22 1.08979e+22
37.5876 53.299 6.4643e+17 1.0736e+22 1.07505e+22
37.6276 53.6116 6.46448e+17 1.08154e+22 1.0816e+22
37.6677 54.2368 6.46452e+17 1.0645e+22 1.07124e+22
37.7077 53.299 6.46443e+17 1.0623e+22 1.06938e+22
37.7477 53.299 6.46435e+17 1.07409e+22 1.07414e+22
37.7878 53.9242 6.46434e+17 1.06713e+22 1.06713e+22
37.8278 54.862 6.46438e+17 1.0518e+22 1.06199e+22
37.8679 55.1746 6.46443e+17 1.05269e+22 1.0541e+22
37.9079 54.862 6.46441e+17 1.05608e+22 1.0561e+22
37.9479 55.7998 6.46433e+17 1.04804e+22 1.0484e+22
37.988 56.7376 6.46432e+17 1.04264e+22 1.04769e+22
38.028 56.5813 6.46433e+17 1.04543e+22 1.04546e+22
38.0681 56.1124 6.46415e+17 1.04582e+22 1.04583e+22
38.1081 56.7376 6.46395e+17 1.04296e+22 1.04296e+22
38.1481 57.0502 6.46391e+17 1.04087e+22 1.04087e+22
38.1882 56.425 6.46377e+17 1.03705e+22 1.03705e+22
38.2282 56.1124 6.46327e+17 1.03373e+22 1.03373e+22
38.2683 57.0502 6.46287e+17 1.03258e+22 1.03258e+22
38.3083 56.8939 6.463e+17 1.02538e+22 1.02538e+22
38.3483 56.1124 6.46317e+17 1.01481e+22 1.01984e+22
38.3884 57.0502 6.46281e+17 1.01476e+22 1.01476e+22
38.4284 57.6754 6.46223e+17 1.01723e+22 1.01726e+22
38.4685 57.6754 6.46212e+17 1.00635e+22 1.00635e+22
38.5085 57.8317 6.46242e+17 9.97457e+21 1.00704e+22
38.5485 58.6133 6.46259e+17 1.00621e+22 1.00626e+22
38.5886 57.988 6.46242e+17 1.00863e+22 1.00867e+22
38.6286 57.988 6.46216e+17 9.90507e+21 9.92386e+21
38.6687 58.7696 6.46206e+17 9.82608e+21 9.89231e+21
38.7087 58.6133 6.46214e+17 9.92993e+21 9.93101e+21
38.7487 57.988 6.46219e+17 9.84239e+21 9.84337e+21
38.7888 57.8317 6.46203e+17 9.55452e+21 9.73063e+21
38.8288 60.02 6.46179e+17 9.49834e+21 9.63332e+21
38.8689 59.2385 6.4617e+17 9.60486e+21 9.68423e+21
38.9089 62.5208 6.4617e+17 9.43024e+21 9.58935e+21
38.9489 62.0519 6.46152e+17 9.15823e+21 9.59972e+21
38.989 61.4267 6.46115e+17 9.24975e+21 9.45672e+21
39.029 60.4889 6.4609e+17 9.42337e+21 9.58651e+21
39.0691 62.9897 6.46085e+17 9.23666e+21 9.33739e+21
39.1091 61.7393 6.46068e+17 9.06687e+21 9.44037e+21
39.1491 61.1141 6.46028e+17 9.30436e+21 9.30453e+21
39.1892 60.3326 6.45999e+17 9.45514e+21 9.45649e+21
39.2292 62.3645 6.45999e+17 9.16859e+21 9.30299e+21
39.2693 61.1141 6.45993e+17 9.00983e+21 9.36692e+21
39.3093 60.8015 6.45963e+17 9.24398e+21 9.2777e+21
39.3493 60.3326 6.45935e+17 9.23182e+21 9.26233e+21
39.3894 63.6149 6.45935e+17 8.80197e+21 9.25664e+21
39.4294 62.2082 6.45954e+17 8.66314e+21 9.24637e+21
39.4695 63.3023 6.45965e+17 8.91224e+21 9.30534e+21
39.5095 64.5527 6.45954e+17 8.82309e+21 9.29356e+21
39.5495 64.2401 6.45925e+17 8.42327e+21 9.16665e+21
39.5896 63.7712 6.45904e+17 8.48224e+21 9.0658e+21
39.6296 62.9897 6.45913e+17 8.87364e+21 9.22944e+21
39.6697 64.5527 6.45924e+17 8.81104e+21 9.00617e+21
39.7097 63.9275 6.45892e+17 8.51489e+21 9.03044e+21
39.7497 62.9897 6.45837e+17 8.75462e+21 8.85646e+21
39.7898 62.0519 6.45807e+17 9.1796e+21 9.18158e+21
39.8298 64.2401 6.45797e+17 8.9988e+21 8.99967e+21
39.8699 63.6149 6.45763e+17 8.6362e+21 9.00703e+21
39.9099 67.6788 6.45708e+17 8.84971e+21 8.84971e+21
39.9499 63.7712 6.45677e+17 9.12233e+21 9.12455e+21
39.99 65.8031 6.4567e+17 8.7271e+21 8.72736e+21
40.03 65.6468 6.45648e+17 8.28001e+21 8.93143e+21
40.0701 67.9914 6.45608e+17 8.49821e+21 8.69734e+21
40.1101 66.4284 6.45588e+17 8.72168e+21 9.0573e+21
40.1502 65.8031 6.45592e+17 8.30533e+21 8.72529e+21
40.1902 65.4905 6.45594e+17 7.99996e+21 8.90995e+21
40.2302 67.5225 6.45583e+17 8.42495e+21 8.70517e+21
40.2703 65.8031 6.45577e+17 8.76396e+21 8.87371e+21
40.3103 65.4905 6.45582e+17 8.42665e+21 8.59315e+21
40.3504 64.5527 6.45584e+17 8.26781e+21 8.84151e+21
40.3904 66.8973 6.45587e+17 8.8145e+21 8.81543e+21
40.4304 64.0838 6.45592e+17 9.12152e+21 9.12448e+21
40.4705 71.2737 6.45573e+17 8.65715e+21 8.6685e+21
40.5105 68.4603 6.45528e+17 8.38602e+21 8.78843e+21
40.5506 68.9292 6.455e+17 8.80457e+21 8.80585e+21
40.5906 67.6788 6.45506e+17 8.91509e+21 8.91761e+21
40.6306 71.7426 6.45489e+17 8.25361e+21 8.44789e+21
40.6707 69.867 6.45409e+17 7.8678e+21 8.62788e+21
40.7107 69.5544 6.45321e+17 8.23785e+21 8.49067e+21
40.7508 68.304 6.45286e+17 8.33408e+21 8.75146e+21
40.7908 71.7426 6.45272e+17 7.72796e+21 8.40215e+21
40.8308 69.2418 6.45223e+17 7.49282e+21 8.55135e+21
40.8709 75.1813 6.45158e+17 8.061e+21 8.44342e+21
40.9109 67.3662 6.45124e+17 8.33468e+21 8.52841e+21
40.951 73.6182 6.45111e+17 7.86828e+21 8.22579e+21
40.991 72.2115 6.45089e+17 7.75388e+21 8.42019e+21
41.031 75.8065 6.45075e+17 8.4138e+21 8.41481e+21
41.0711 72.6804 6.45086e+17 8.69759e+21 8.70035e+21
41.1111 73.6182 6.45096e+17 8.12425e+21 8.17731e+21
41.1512 72.3678 6.45085e+17 7.81968e+21 8.3259e+21
41.1912 70.8048 6.45079e+17 8.29113e+21 8.29208e+21
41.2312 72.6804 6.45096e+17 8.4219e+21 8.42486e+21
41.2713 73.6182 6.45102e+17 7.67997e+21 7.93056e+21
41.3113 72.0552 6.45074e+17 7.19209e+21 8.18893e+21
41.3514 71.1174 6.45036e+17 7.57121e+21 8.12459e+21
41.3914 70.8048 6.45011e+17 7.75537e+21 8.50588e+21
41.4314 79.4014 6.44973e+17 7.13047e+21 7.95671e+21
41.4715 72.0552 6.44905e+17 6.76441e+21 8.16348e+21
41.5115 77.3695 6.44837e+17 7.32825e+21 8.04472e+21
41.5516 75.4939 6.44787e+17 7.77856e+21 8.29662e+21
41.5916 79.8703 6.44725e+17 7.37257e+21 7.6696e+21
41.6316 77.3695 6.44631e+17 7.09708e+21 8.05535e+21
41.6717 77.6821 6.44544e+17 7.7239e+21 7.86215e+21
41.7117 75.4939 6.44502e+17 8.26686e+21 8.37709e+21
41.7518 74.8687 6.44476e+17 7.83017e+21 7.90579e+21
41.7918 74.2435 6.44426e+17 7.30856e+21 8.05574e+21
41.8318 77.0569 6.4437e+17 7.66189e+21 7.76531e+21
41.8719 72.3678 6.44342e+17 8.07853e+21 8.14762e+21
41.9119 81.4333 6.44338e+17 7.54093e+21 7.57313e+21
41.952 73.6182 6.4433e+17 6.78613e+21 7.92087e+21
41.992 84.5594 6.44315e+17 6.92885e+21 7.58718e+21
42.032 71.43 6.44304e+17 7.38667e+21 8.18988e+21
42.0721 80.8081 6.44287e+17 7.04251e+21 7.95496e+21
42.1121 74.2435 6.44252e+17 6.39837e+21 7.80763e+21
42.1522 78.6199 6.44211e+17 6.63511e+21 7.59822e+21
42.1922 77.9947 6.4417e+17 7.37074e+21 7.98377e+21
42.2322 80.8081 6.44109e+17 7.37343e+21 7.69848e+21
42.2723 80.3392 6.44015e+17 6.86981e+21 7.61848e+21
42.3123 78.9325 6.43912e+17 7.08957e+21 7.57738e+21
42.3524 78.3073 6.43821e+17 7.91053e+21 7.91282e+21
42.3924 75.1813 6.43729e+17 8.03966e+21 8.04273e+21
42.4324 75.4939 6.43618e+17 7.38582e+21 7.57384e+21
42.4725 77.0569 6.43499e+17 7.20518e+21 7.66172e+21
42.5125 85.1846 6.43398e+17 7.76637e+21 7.76805e+21
42.5526 74.2435 6.43316e+17 7.86529e+21 7.86823e+21
42.5926 83.309 6.43239e+17 7.07675e+21 7.29207e+21
42.6326 85.1846 6.43168e+17 6.55232e+21 7.60271e+21
42.6727 85.8098 6.4311e+17 6.92364e+21 7.42949e+21
42.7127 72.993 6.43063e+17 7.19955e+21 7.93371e+21
42.7528 82.6838 6.43023e+17 6.65031e+21 7.47093e+21
42.7928 76.1191 6.42987e+17 6.16637e+21 7.60947e+21
42.8328 79.8703 6.42953e+17 6.62177e+21 7.30483e+21
42.8729 79.8703 6.42912e+17 7.26678e+21 7.69833e+21
42.9129 82.3712 6.42859e+17 7.09911e+21 7.21464e+21
42.953 81.4333 6.42798e+17 6.67458e+21 7.45794e+21
42.993 80.1829 6.42729e+17 7.04986e+21 7.27401e+21
43.033 79.2451 6.42647e+17 7.81746e+21 7.82042e+21
43.0731 76.7443 6.4255e+17 7.80643e+21 7.80876e+21
43.1131 82.3712 6.42438e+17 7.16088e+21 7.38078e+21
43.1532 86.435 6.42312e+17 7.05035e+21 7.37827e+21
43.1932 86.435 6.42178e+17 7.56409e+21 7.56605e+21
43.2332 75.8065 6.42051e+17 7.57524e+21 7.57799e+21
43.2733 85.1846 6.41936e+17 6.7896e+21 7.00842e+21
43.3133 86.7476 6.41819e+17 6.27587e+21 7.26791e+21
43.3534 87.0602 6.41692e+17 6.57707e+21 7.13801e+21
43.3934 75.1813 6.41576e+17 6.81172e+21 7.62348e+21
43.4334 83.9342 6.41491e+17 6.3064e+21 7.2241e+21
43.4735 83.6216 6.41425e+17 5.81648e+21 7.24223e+21
43.5135 85.8098 6.41356e+17 6.16538e+21 6.99837e+21
43.5536 81.4333 6.41287e+17 6.78146e+21 7.37212e+21
43.5936 83.309 6.41234e+17 6.72069e+21 6.99549e+21
43.6336 83.309 6.41188e+17 6.31891e+21 6.98861e+21
43.6737 82.0586 6.41131e+17 6.55065e+21 6.9225e+21
43.7137 81.1207 6.41067e+17 7.26613e+21 7.26818e+21
43.7538 82.6838 6.41011e+17 7.4208e+21 7.42382e+21
43.7938 89.8737 6.40947e+17 6.87868e+21 6.90778e+21
43.8338 87.6854 6.40844e+17 6.61112e+21 6.98533e+21
43.8739 88.3106 6.4072e+17 6.98828e+21 6.98925e+21
43.9139 88.3106 6.40615e+17 7.16067e+21 7.16337e+21
43.954 90.8115 6.40523e+17 6.56853e+21 6.56904e+21
43.994 88.6232 6.40401e+17 5.92126e+21 6.88381e+21
44.034 88.6232 6.40244e+17 5.97713e+21 6.64829e+21
44.0741 87.6854 6.40101e+17 6.28248e+21 7.2429e+21
44.1141 84.872 6.39999e+17 6.03017e+21 7.1446e+21
44.1542 85.4972 6.39902e+17 5.48787e+21 6.84577e+21
44.1942 95.5005 6.39783e+17 5.5238e+21 6.78386e+21
44.2342 88.6232 6.39673e+17 6.10081e+21 6.97413e+21
44.2743 83.9342 6.39602e+17 6.34956e+21 6.9349e+21
44.3143 93.9375 6.39545e+17 6.0593e+21 6.47678e+21
44.3544 95.5005 6.3947e+17 6.00212e+21 6.71053e+21
44.3944 95.6568 6.39397e+17 6.55831e+21 6.71165e+21
44.4344 82.6838 6.39355e+17 7.03384e+21 7.16714e+21
44.4745 91.7493 6.39321e+17 6.81594e+21 6.91127e+21
44.5145 91.1241 6.39256e+17 6.37961e+21 6.72972e+21
44.5546 89.8737 6.39173e+17 6.45478e+21 6.62007e+21
44.5946 89.8737 6.39114e+17 6.79609e+21 6.87585e+21
44.6346 91.7493 6.39069e+17 6.62924e+21 6.67292e+21
44.6747 92.2182 6.3899e+17 5.98024e+21 6.40524e+21
44.7147 90.4989 6.38879e+17 5.63184e+21 6.52002e+21
44.7548 89.8737 6.38784e+17 5.83538e+21 6.61543e+21
44.7948 89.561 6.3872e+17 5.94847e+21 6.98e+21
44.8348 92.3745 6.38643e+17 5.57182e+21 6.70532e+21
44.8749 96.1257 6.38534e+17 5.23176e+21 6.55512e+21
44.9149 97.3761 6.38434e+17 5.48433e+21 6.46305e+21
44.955 97.3761 6.38374e+17 5.98579e+21 6.7352e+21
44.995 98.9392 6.38327e+17 6.07417e+21 6.49434e+21
45.035 98.6266 6.38256e+17 5.85711e+21 6.2632e+21
45.0751 97.6888 6.38182e+17 5.9919e+21 6.34269e+21
45.1151 97.3761 6.38143e+17 6.54776e+21 6.54917e+21
45.1552 84.2468 6.38127e+17 6.8641e+21 6.86642e+21
45.1952 93.6249 6.38091e+17 6.61371e+21 6.6145e+21
45.2352 93.9375 6.38042e+17 6.30869e+21 6.46629e+21
45.2753 104.253 6.38015e+17 6.43683e+21 6.43728e+21
45.3153 91.4367 6.38008e+17 6.67153e+21 6.67375e+21
45.3554 92.9997 6.37983e+17 6.43635e+21 6.43775e+21
45.3954 103.003 6.37933e+17 5.86363e+21 6.16785e+21
45.4354 104.253 6.37895e+17 5.58355e+21 6.22954e+21
45.4755 91.4367 6.37882e+17 5.72755e+21 6.37481e+21
45.5155 92.0619 6.37861e+17 5.76987e+21 6.66855e+21
45.5556 93.6249 6.3781e+17 5.43512e+21 6.4506e+21
45.5956 97.6888 6.37757e+17 5.15575e+21 6.33275e+21
45.6356 98.6266 6.37737e+17 5.35957e+21 6.27298e+21
45.6757 98.9392 6.37727e+17 5.77968e+21 6.45241e+21
45.7157 100.346 6.37695e+17 5.89153e+21 6.24577e+21
45.7558 100.502 6.37651e+17 5.7479e+21 6.03666e+21
45.7958 98.9392 6.3763e+17 5.85459e+21 6.13381e+21
45.8358 98.6266 6.37632e+17 6.31324e+21 6.31412e+21
45.8759 85.8098 6.37626e+17 6.63379e+21 6.63582e+21
45.9159 94.5627 6.37604e+17 6.49217e+21 6.49293e+21
45.956 95.1879 6.3759e+17 6.21822e+21 6.26523e+21
45.996 105.816 6.37594e+17 6.24737e+21 6.24737e+21
46.036 92.3745 6.37597e+17 6.42759e+21 6.42941e+21
46.0761 93.6249 6.37585e+17 6.29118e+21 6.29268e+21
46.1161 106.285 6.37574e+17 5.80894e+21 5.8596e+21
46.1562 106.129 6.37575e+17 5.44636e+21 5.9646e+21
46.1962 106.129 6.37576e+17 5.44826e+21 5.98944e+21
46.2362 92.9997 6.37563e+17 5.49848e+21 6.33931e+21
46.2763 94.2501 6.37548e+17 5.27172e+21 6.28903e+21
46.3163 97.2198 6.37545e+17 4.964e+21 6.06273e+21
46.3564 99.5644 6.37545e+17 4.98306e+21 6.03239e+21
46.3964 99.877 6.37536e+17 5.30314e+21 6.16502e+21
46.4364 100.815 6.37523e+17 5.51616e+21 6.11127e+21
46.4765 102.065 6.37517e+17 5.4658e+21 5.70987e+21
46.5165 101.127 6.37514e+17 5.46338e+21 5.78407e+21
46.5566 100.502 6.37505e+17 5.76392e+21 5.76413e+21
46.5966 99.877 6.37496e+17 6.13698e+21 6.13865e+21
46.6366 96.282 6.37494e+17 6.20363e+21 6.20502e+21
46.6767 96.4383 6.37489e+17 5.999e+21 5.99924e+21
46.7167 107.067 6.37469e+17 5.88913e+21 5.90395e+21
46.7568 107.692 6.37447e+17 5.99651e+21 5.99723e+21
46.7968 108.005 6.37442e+17 6.02259e+21 6.02416e+21
46.8368 109.568 6.37443e+17 5.72813e+21 5.72895e+21
46.8769 108.63 6.37422e+17 5.31234e+21 5.61864e+21
46.9169 108.317 6.37383e+17 5.11627e+21 5.61595e+21
46.957 107.379 6.3736e+17 5.13288e+21 5.88978e+21
46.997 95.1879 6.37361e+17 5.06136e+21 6.0769e+21
47.037 102.69 6.37352e+17 4.80472e+21 5.96281e+21
47.0771 101.596 6.37312e+17 4.62656e+21 5.8368e+21
47.1171 114.569 6.37273e+17 4.74798e+21 5.85908e+21
47.1572 101.753 6.37266e+17 5.01373e+21 5.94201e+21
47.1972 103.003 6.37267e+17 5.13343e+21 5.77843e+21
47.2372 114.882 6.37234e+17 5.113e+21 5.46981e+21
47.2773 115.195 6.3718e+17 5.21567e+21 5.53053e+21
47.3173 102.378 6.37153e+17 5.53088e+21 5.67457e+21
47.3574 102.065 6.37156e+17 5.81349e+21 5.95033e+21
47.3974 103.003 6.37137e+17 5.83179e+21 5.9524e+21
47.4374 105.66 6.37074e+17 5.69258e+21 5.80099e+21
47.4775 108.63 6.37016e+17 5.65694e+21 5.76274e+21
47.5175 109.255 6.37e+17 5.74511e+21 5.84312e+21
47.5576 109.88 6.36993e+17 5.71384e+21 5.7964e+21
47.5976 111.131 6.36942e+17 5.43674e+21 5.50141e+21
47.6376 110.818 6.36863e+17 5.10142e+21 5.39037e+21
47.6777 110.193 6.36816e+17 4.94373e+21 5.37324e+21
47.7177 109.568 6.36807e+17 4.92692e+21 5.64536e+21
47.7578 105.66 6.36777e+17 4.83389e+21 5.80235e+21
47.7978 105.348 6.36699e+17 4.61979e+21 5.73242e+21
47.8378 105.66 6.36625e+17 4.48707e+21 5.6399e+21
47.8779 115.82 6.36599e+17 4.58953e+21 5.67152e+21
47.9179 103.941 6.36584e+17 4.80866e+21 5.71948e+21
47.958 104.566 6.36522e+17 4.93165e+21 5.57515e+21
47.998 117.383 6.36427e+17 4.9574e+21 5.25939e+21
48.038 117.383 6.36367e+17 5.07197e+21 5.24805e+21
48.0781 116.445 6.36351e+17 5.34868e+21 5.34884e+21
48.1181 104.879 6.36314e+17 5.6153e+21 5.61632e+21
48.1582 105.191 6.36221e+17 5.68666e+21 5.68742e+21
48.1982 108.161 6.36126e+17 5.61144e+21 5.61178e+21
48.2382 110.193 6.36084e+17 5.58085e+21 5.58138e+21
48.2783 110.506 6.36066e+17 5.6434e+21 5.64426e+21
48.3183 111.443 6.36004e+17 5.63608e+21 5.63708e+21
48.3584 112.381 6.35903e+17 5.43445e+21 5.43508e+21
48.3984 112.694 6.35831e+17 5.13995e+21 5.18522e+21
48.4384 112.381 6.35809e+17 4.94541e+21 5.16615e+21
48.4785 111.912 6.35779e+17 4.88128e+21 5.32527e+21
48.5185 111.756 6.35696e+17 4.80147e+21 5.52272e+21
48.5586 111.287 6.35603e+17 4.62496e+21 5.5381e+21
48.5986 108.317 6.35558e+17 4.46415e+21 5.47481e+21
48.6386 117.695 6.3554e+17 4.47237e+21 5.478e+21
48.6787 118.321 6.35479e+17 4.62659e+21 5.52277e+21
48.7187 119.258 6.35371e+17 4.76796e+21 5.45856e+21
48.7588 119.884 6.35282e+17 4.82408e+21 5.22876e+21
48.7988 119.884 6.35248e+17 4.89684e+21 5.09841e+21
48.8388 119.571 6.35211e+17 5.0942e+21 5.10222e+21
48.8789 118.164 6.35115e+17 5.35274e+21 5.35343e+21
48.9189 106.129 6.34991e+17 5.51017e+21 5.5114e+21
48.959 107.067 6.34914e+17 5.51268e+21 5.51316e+21
48.999 111.131 6.34885e+17 5.4732e+21 5.47343e+21
49.039 111.756 6.34832e+17 5.49575e+21 5.49636e+21
49.0791 112.381 6.34724e+17 5.5265e+21 5.52745e+21
49.1191 113.319 6.3462e+17 5.43427e+21 5.43521e+21
49.1592 113.944 6.34571e+17 5.20229e+21 5.20256e+21
49.1992 126.761 6.34547e+17 4.96074e+21 5.01586e+21
49.2392 126.761 6.34479e+17 4.817e+21 4.96163e+21
49.2793 114.257 6.34373e+17 4.73192e+21 5.16876e+21
49.3193 114.257 6.34295e+17 4.60006e+21 5.29806e+21
49.3594 115.195 6.34264e+17 4.4186e+21 5.2999e+21
49.3994 119.258 6.34218e+17 4.30228e+21 5.28023e+21
49.4394 120.196 6.34111e+17 4.33125e+21 5.31002e+21
49.4795 120.821 6.33986e+17 4.44637e+21 5.32747e+21
49.5195 121.759 6.33909e+17 4.53448e+21 5.22569e+21
49.5596 122.384 6.33862e+17 4.58222e+21 5.00861e+21
49.5996 122.697 6.33772e+17 4.67665e+21 4.87115e+21
49.6396 122.697 6.33622e+17 4.86835e+21 4.86859e+21
49.6797 122.072 6.3348e+17 5.08056e+21 5.08141e+21
49.7197 121.134 6.33401e+17 5.1999e+21 5.20066e+21
49.7598 115.663 6.33343e+17 5.21127e+21 5.21183e+21
49.7998 114.257 6.33235e+17 5.20229e+21 5.20297e+21
49.8398 127.699 6.33085e+17 5.23127e+21 5.232e+21
49.8799 128.011 6.3297e+17 5.24163e+21 5.24269e+21
49.9199 128.793 6.32915e+17 5.14566e+21 5.14646e+21
49.96 129.574 6.32861e+17 4.94432e+21 4.94482e+21
50 129.887 6.32754e+17 4.73798e+21 4.75862e+21
