#S 1 scored data
#N 5
#L  distance  fwhm  total_intensity  on_axis_intensity  peak_intensity
10 395.131 1.10783e+19 3.5496e+22 4.39209e+22
10.04 390.286 1.10806e+19 1.89066e+22 4.61816e+22
10.0801 389.036 1.10823e+19 2.47884e+22 4.4231e+22
10.1201 386.222 1.10831e+19 3.64118e+22 4.70849e+22
10.1602 383.721 1.10833e+19 2.58117e+22 4.52246e+22
10.2002 377.938 1.10846e+19 1.76771e+22 4.64564e+22
10.2402 391.224 1.10859e+19 3.12144e+22 4.66791e+22
10.2803 374.031 1.10876e+19 3.87093e+22 4.77785e+22
10.3203 371.686 1.1089e+19 2.02483e+22 4.90712e+22
10.3604 385.284 1.10901e+19 2.2446e+22 4.82515e+22
10.4004 349.96 1.10902e+19 4.30368e+22 4.97536e+22
10.4404 347.772 1.10906e+19 3.99413e+22 5.06155e+22
10.4805 358.713 1.10906e+19 1.91034e+22 5.11821e+22
10.5205 356.056 1.10915e+19 3.28983e+22 4.96832e+22
10.5606 281.5 1.10922e+19 5.56932e+22 5.58771e+22
10.6006 359.026 1.1093e+19 3.49568e+22 5.00896e+22
10.6406 336.518 1.10934e+19 1.90837e+22 5.48524e+22
10.6807 342.145 1.10936e+19 4.1623e+22 5.2565e+22
10.7207 327.765 1.10934e+19 5.6018e+22 5.99204e+22
10.7608 357.463 1.10933e+19 3.31907e+22 5.20597e+22
10.8008 320.888 1.10934e+19 1.89887e+22 5.77544e+22
10.8408 348.397 1.10939e+19 4.72153e+22 5.3843e+22
10.8809 263.056 1.10944e+19 6.04639e+22 6.06322e+22
10.9209 347.772 1.10945e+19 3.0514e+22 5.36647e+22
10.961 316.668 1.10946e+19 2.08599e+22 5.83213e+22
11.001 341.364 1.10945e+19 5.39706e+22 5.4209e+22
11.041 322.451 1.10944e+19 5.61342e+22 5.85172e+22
11.0811 340.895 1.10946e+19 2.65323e+22 5.04791e+22
11.1211 334.017 1.1095e+19 1.9923e+22 5.70891e+22
11.1612 334.486 1.10955e+19 4.63392e+22 5.27373e+22
11.2012 328.391 1.10956e+19 5.13613e+22 5.49649e+22
11.2412 329.954 1.10957e+19 2.62171e+22 5.26759e+22
11.2813 323.076 1.10955e+19 2.08837e+22 5.61326e+22
11.3213 332.454 1.10955e+19 4.71636e+22 5.25753e+22
11.3614 320.732 1.10955e+19 4.73171e+22 5.60899e+22
11.4014 329.954 1.10957e+19 2.49606e+22 5.24868e+22
11.4414 314.323 1.1096e+19 2.24071e+22 5.90561e+22
11.4815 325.89 1.10962e+19 3.9756e+22 5.5021e+22
11.5215 315.574 1.10965e+19 4.04798e+22 5.82057e+22
11.5616 306.352 1.10964e+19 2.54835e+22 5.68078e+22
11.6016 303.226 1.10963e+19 2.73537e+22 5.92589e+22
11.6416 313.073 1.10964e+19 4.63919e+22 5.76553e+22
11.6817 314.949 1.10966e+19 4.13418e+22 5.56173e+22
11.7217 311.822 1.10969e+19 2.75019e+22 5.63763e+22
11.7618 311.822 1.10972e+19 3.35077e+22 5.6903e+22
11.8018 309.634 1.10973e+19 4.78844e+22 5.58641e+22
11.8418 306.508 1.10973e+19 4.31871e+22 5.62258e+22
11.8819 302.288 1.10971e+19 2.87708e+22 5.67056e+22
11.9219 299.631 1.1097e+19 3.68765e+22 6.1002e+22
11.962 297.443 1.10971e+19 5.63928e+22 5.64714e+22
12.002 297.286 1.1097e+19 4.93946e+22 5.83196e+22
12.042 295.254 1.10972e+19 3.29948e+22 5.60455e+22
12.0821 291.191 1.10974e+19 3.70506e+22 5.92016e+22
12.1221 295.723 1.10974e+19 5.37839e+22 5.54119e+22
12.1622 292.754 1.10972e+19 5.32247e+22 5.67438e+22
12.2022 294.317 1.10972e+19 3.5532e+22 5.67302e+22
12.2422 291.191 1.10971e+19 3.79171e+22 5.89309e+22
12.2823 287.752 1.10972e+19 5.31774e+22 5.8953e+22
12.3223 288.846 1.10972e+19 5.21069e+22 5.88796e+22
12.3624 289.002 1.10973e+19 3.66818e+22 5.64413e+22
12.4024 285.876 1.10974e+19 3.3642e+22 5.65559e+22
12.4424 282.75 1.10971e+19 4.8069e+22 5.47872e+22
12.4825 279.155 1.10971e+19 4.95342e+22 5.85874e+22
12.5225 279.312 1.10971e+19 3.54123e+22 5.53023e+22
12.5626 276.967 1.1097e+19 3.20376e+22 5.72243e+22
12.6026 273.372 1.10973e+19 4.26417e+22 5.7238e+22
12.6426 273.685 1.10973e+19 4.76021e+22 5.59835e+22
12.6827 266.182 1.10973e+19 3.60257e+22 6.13458e+22
12.7227 266.495 1.10971e+19 3.24519e+22 5.86315e+22
12.7628 263.369 1.1097e+19 4.37371e+22 5.77612e+22
12.8028 263.994 1.10969e+19 4.80243e+22 5.92318e+22
12.8428 264.619 1.10968e+19 4.11039e+22 5.6992e+22
12.8829 261.181 1.10969e+19 3.45433e+22 5.79319e+22
12.9229 262.118 1.1097e+19 4.42359e+22 5.81268e+22
12.963 262.744 1.10969e+19 5.47636e+22 5.6731e+22
13.003 259.618 1.1097e+19 4.84424e+22 5.7737e+22
13.043 255.554 1.10969e+19 3.99242e+22 5.92635e+22
13.0831 256.648 1.10966e+19 4.67083e+22 5.97582e+22
13.1231 252.74 1.10966e+19 6.05228e+22 6.14907e+22
13.1632 253.678 1.10967e+19 5.82669e+22 5.86936e+22
13.2032 249.927 1.10966e+19 4.70438e+22 5.83527e+22
13.2432 246.176 1.10967e+19 4.71011e+22 6.11204e+22
13.2833 246.488 1.10967e+19 6.04893e+22 6.0635e+22
13.3233 243.05 1.10965e+19 6.29483e+22 6.30068e+22
13.3634 243.675 1.10963e+19 5.18367e+22 6.21605e+22
13.4034 239.767 1.10963e+19 4.8274e+22 6.41442e+22
13.4434 236.172 1.10961e+19 5.58002e+22 6.06292e+22
13.4835 232.421 1.10961e+19 5.80062e+22 6.49717e+22
13.5235 232.734 1.10961e+19 5.0089e+22 6.40233e+22
13.5636 233.046 1.10959e+19 4.42176e+22 6.46329e+22
13.6036 229.608 1.10957e+19 5.05097e+22 6.24393e+22
13.6436 225.7 1.10955e+19 5.31394e+22 6.49684e+22
13.6837 225.856 1.10955e+19 5.06651e+22 6.2558e+22
13.7237 227.107 1.10952e+19 4.0909e+22 6.4846e+22
13.7638 218.666 1.10951e+19 4.41651e+22 6.49781e+22
13.8038 219.135 1.10951e+19 5.3116e+22 6.57912e+22
13.8438 215.54 1.1095e+19 5.46985e+22 6.60263e+22
13.8839 215.54 1.10948e+19 4.61801e+22 6.83642e+22
13.9239 211.633 1.10945e+19 4.73786e+22 6.64815e+22
13.964 208.038 1.10944e+19 5.82022e+22 6.84158e+22
14.004 208.663 1.10941e+19 5.98347e+22 6.66734e+22
14.044 205.537 1.10938e+19 5.59977e+22 6.899e+22
14.0841 201.473 1.10939e+19 5.23082e+22 6.94443e+22
14.1241 202.411 1.10939e+19 6.25437e+22 7.01975e+22
14.1642 202.411 1.10937e+19 7.30957e+22 7.31915e+22
14.2042 198.972 1.10932e+19 7.14073e+22 7.14703e+22
14.2442 195.221 1.10931e+19 6.11723e+22 7.06809e+22
14.2843 195.065 1.10927e+19 6.20364e+22 7.26629e+22
14.3243 191.783 1.10923e+19 7.04924e+22 7.36576e+22
14.3644 192.095 1.10921e+19 7.12853e+22 7.57639e+22
14.4044 188.657 1.10919e+19 6.71074e+22 7.19115e+22
14.4444 188.5 1.10915e+19 5.96037e+22 7.28937e+22
14.4845 181.154 1.1091e+19 6.49763e+22 7.73272e+22
14.5245 181.467 1.10908e+19 6.80025e+22 7.55078e+22
14.5646 181.154 1.10901e+19 6.3712e+22 7.67272e+22
14.6046 178.341 1.10896e+19 5.54678e+22 7.42286e+22
14.6446 174.277 1.10892e+19 5.43343e+22 7.5945e+22
14.6847 173.339 1.10886e+19 5.91869e+22 7.8346e+22
14.7247 170.525 1.10881e+19 6.49038e+22 8.18815e+22
14.7648 169.9 1.10875e+19 6.16348e+22 8.08299e+22
14.8048 167.399 1.10869e+19 6.03302e+22 8.00828e+22
14.8448 163.023 1.1086e+19 6.42255e+22 8.4336e+22
14.8849 163.023 1.10854e+19 6.97727e+22 8.50286e+22
14.9249 159.897 1.10845e+19 7.54246e+22 8.43623e+22
14.965 156.458 1.10836e+19 7.01304e+22 8.76198e+22
15.005 156.458 1.10828e+19 7.27876e+22 8.6492e+22
15.045 157.084 1.10819e+19 8.07473e+22 8.31617e+22
15.0851 148.8 1.10813e+19 9.42249e+22 9.42979e+22
15.1251 148.956 1.10799e+19 9.19734e+22 9.20809e+22
15.1652 148.487 1.10785e+19 8.11837e+22 8.99937e+22
15.2052 145.986 1.10775e+19 7.94708e+22 8.88952e+22
15.2452 146.142 1.10765e+19 8.79186e+22 9.16462e+22
15.2853 142.079 1.10748e+19 8.7988e+22 9.42694e+22
15.3253 142.704 1.10731e+19 7.8145e+22 9.4374e+22
15.3654 143.016 1.10721e+19 7.22062e+22 8.90335e+22
15.4054 138.64 1.10703e+19 7.98131e+22 9.48688e+22
15.4454 135.514 1.10685e+19 8.22166e+22 9.90309e+22
15.4855 135.201 1.10664e+19 8.07495e+22 9.96909e+22
15.5255 132.388 1.10648e+19 7.15289e+22 9.67603e+22
15.5656 131.45 1.1063e+19 7.07283e+22 1.02529e+23
15.6056 127.699 1.10606e+19 7.51771e+22 1.01159e+23
15.6456 125.511 1.10584e+19 8.6086e+22 1.04572e+23
15.6857 124.573 1.1056e+19 8.9459e+22 1.06275e+23
15.7257 120.821 1.1054e+19 9.12259e+22 1.09895e+23
15.7658 119.884 1.1051e+19 9.7758e+22 1.13355e+23
15.8058 117.383 1.10486e+19 1.09138e+23 1.09393e+23
15.8458 116.132 1.10463e+19 1.19534e+23 1.19623e+23
15.8859 114.257 1.10437e+19 1.12717e+23 1.13462e+23
15.9259 113.632 1.10412e+19 1.03117e+23 1.12971e+23
15.966 109.88 1.10386e+19 1.0497e+23 1.14477e+23
16.006 106.911 1.10359e+19 1.14574e+23 1.19738e+23
16.046 105.66 1.1033e+19 1.11926e+23 1.25015e+23
16.0861 105.348 1.10307e+19 1.0983e+23 1.23236e+23
16.1261 102.378 1.10279e+19 1.01274e+23 1.21393e+23
16.1662 98.9392 1.10256e+19 1.02173e+23 1.23421e+23
16.2062 98.0014 1.10228e+19 1.0303e+23 1.30314e+23
16.2462 95.3442 1.10205e+19 1.04274e+23 1.38851e+23
16.2863 94.8753 1.10187e+19 9.5926e+22 1.36553e+23
16.3263 91.593 1.10169e+19 9.31493e+22 1.40083e+23
16.3664 90.1863 1.10146e+19 1.04323e+23 1.38632e+23
16.4064 89.561 1.10123e+19 1.27051e+23 1.33618e+23
16.4464 87.998 1.10111e+19 1.34834e+23 1.38985e+23
16.4865 87.0602 1.10095e+19 1.44197e+23 1.44282e+23
16.5265 84.2468 1.10081e+19 1.48738e+23 1.49815e+23
16.5666 79.5577 1.10065e+19 1.60303e+23 1.60398e+23
16.6066 79.2451 1.10057e+19 1.6406e+23 1.64243e+23
16.6466 78.3073 1.10047e+19 1.6443e+23 1.64562e+23
16.6867 76.7443 1.10039e+19 1.48396e+23 1.65748e+23
16.7267 73.6182 1.10028e+19 1.35123e+23 1.66944e+23
16.7668 72.2115 1.10023e+19 1.39165e+23 1.69842e+23
16.8068 69.5544 1.10019e+19 1.43068e+23 1.86051e+23
16.8468 68.7729 1.10014e+19 1.44958e+23 1.8574e+23
16.8869 68.304 1.10006e+19 1.39497e+23 1.83428e+23
16.9269 64.5527 1.10002e+19 1.46415e+23 1.82905e+23
16.967 62.3645 1.09999e+19 1.49968e+23 1.98023e+23
17.007 60.8015 1.09992e+19 1.7157e+23 2.12744e+23
17.047 59.2385 1.09985e+19 1.77666e+23 2.11898e+23
17.0871 56.7376 1.09979e+19 1.85574e+23 2.12451e+23
17.1271 54.862 1.09975e+19 1.91932e+23 2.10649e+23
17.1672 53.299 1.09969e+19 2.2189e+23 2.22011e+23
17.2072 51.736 1.09962e+19 2.40189e+23 2.4022e+23
17.2472 47.9847 1.09954e+19 2.56729e+23 2.56843e+23
17.2873 46.2654 1.09947e+19 2.55381e+23 2.5665e+23
17.3273 45.4839 1.09939e+19 2.43485e+23 2.67907e+23
17.3674 44.8587 1.09932e+19 2.33929e+23 2.74225e+23
17.4074 42.2015 1.09923e+19 2.30597e+23 2.69168e+23
17.4474 39.3881 1.09918e+19 2.13503e+23 3.00291e+23
17.4875 37.9814 1.0991e+19 2.01551e+23 3.28865e+23
17.5275 36.731 1.09904e+19 2.03742e+23 3.44837e+23
17.5676 33.6049 1.09899e+19 2.32796e+23 3.59333e+23
17.6076 32.6671 1.09897e+19 2.85519e+23 3.47918e+23
17.6476 30.4789 1.09891e+19 3.51637e+23 3.85473e+23
17.6877 29.5411 1.09886e+19 4.06123e+23 4.06309e+23
17.7277 27.0402 1.09883e+19 4.45959e+23 4.45971e+23
17.7678 24.2268 1.09881e+19 4.9377e+23 4.94089e+23
17.8078 23.289 1.09877e+19 5.02311e+23 5.04659e+23
17.8478 22.3512 1.09873e+19 4.99111e+23 5.48151e+23
17.8879 21.2571 1.09871e+19 4.57212e+23 5.68124e+23
17.9279 17.9747 1.0987e+19 3.97449e+23 5.67966e+23
17.968 16.4117 1.09866e+19 3.71947e+23 6.69521e+23
18.008 15.3176 1.09861e+19 3.96177e+23 7.85772e+23
18.048 12.0353 1.09856e+19 4.82694e+23 8.81832e+23
18.0881 10.4722 1.09855e+19 6.46356e+23 9.23924e+23
18.1281 10.1596 1.09853e+19 8.79005e+23 9.19305e+23
18.1682 8.90921 1.09849e+19 1.20504e+24 1.20563e+24
18.2082 5.15797 1.09842e+19 1.60601e+24 1.6069e+24
18.2482 3.59495 1.09841e+19 2.04516e+24 2.04677e+24
18.2883 3.28234 1.09839e+19 2.47319e+24 2.47565e+24
18.3283 2.96974 1.09835e+19 2.80858e+24 2.81095e+24
18.3684 2.96974 1.0983e+19 3.06306e+24 3.06578e+24
18.4084 2.96974 1.09828e+19 3.21137e+24 3.21458e+24
18.4484 2.96974 1.09827e+19 3.24397e+24 3.24672e+24
18.4885 2.96974 1.09826e+19 3.15374e+24 3.15665e+24
18.5285 2.96974 1.09823e+19 2.94967e+24 2.9528e+24
18.5686 3.28234 1.09821e+19 2.60284e+24 2.6048e+24
18.6086 3.59495 1.09818e+19 2.20222e+24 2.20378e+24
18.6486 4.22015 1.09817e+19 1.82074e+24 1.82219e+24
18.6887 6.72099 1.09814e+19 1.42656e+24 1.42702e+24
18.7287 9.22182 1.09811e+19 1.11989e+24 1.1203e+24
18.7688 10.7848 1.09808e+19 8.55628e+23 8.55967e+23
18.8088 11.41 1.09808e+19 6.34821e+23 8.42627e+23
18.8488 13.7546 1.09805e+19 5.05325e+23 7.89817e+23
18.8889 15.7865 1.09802e+19 4.34198e+23 7.01165e+23
18.9289 17.0369 1.09799e+19 4.17788e+23 6.09898e+23
18.969 19.0688 1.09798e+19 4.31125e+23 5.20493e+23
19.009 21.4134 1.09795e+19 4.42456e+23 5.17687e+23
19.049 22.6638 1.09794e+19 4.41943e+23 4.97657e+23
19.0891 24.0705 1.09791e+19 4.44578e+23 4.53366e+23
19.1291 25.1646 1.0979e+19 4.32626e+23 4.32713e+23
19.1692 27.9781 1.09789e+19 4.16688e+23 4.16867e+23
19.2092 29.8537 1.09787e+19 3.81726e+23 3.81829e+23
19.2492 31.2604 1.09786e+19 3.31343e+23 3.4733e+23
19.2893 33.9175 1.09784e+19 2.89506e+23 3.22762e+23
19.3293 35.7932 1.09783e+19 2.51427e+23 3.19394e+23
19.3694 37.0436 1.09781e+19 2.3827e+23 3.14254e+23
19.4094 38.294 1.09779e+19 2.27777e+23 3.00594e+23
19.4494 40.4822 1.09776e+19 2.22251e+23 2.82015e+23
19.4895 43.6083 1.09776e+19 2.22739e+23 2.55706e+23
19.5295 44.8587 1.09774e+19 2.19195e+23 2.50436e+23
19.5696 46.1091 1.09772e+19 2.31148e+23 2.45611e+23
19.6096 47.3595 1.09769e+19 2.41835e+23 2.41969e+23
19.6496 50.4855 1.09769e+19 2.3989e+23 2.39933e+23
19.6897 51.736 1.09768e+19 2.29524e+23 2.29536e+23
19.7297 53.6116 1.09766e+19 2.13314e+23 2.13349e+23
19.7698 56.425 1.09764e+19 1.97642e+23 2.04213e+23
19.8098 58.6133 1.09764e+19 1.84516e+23 2.00143e+23
19.8498 59.3948 1.09763e+19 1.73696e+23 1.97002e+23
19.8899 60.3326 1.09762e+19 1.6466e+23 1.92158e+23
19.9299 63.3023 1.09761e+19 1.51217e+23 1.89129e+23
19.97 65.4905 1.09759e+19 1.39848e+23 1.82722e+23
20.01 67.0536 1.09757e+19 1.43405e+23 1.76348e+23
20.0501 67.6788 1.09756e+19 1.47582e+23 1.73872e+23
20.0901 71.7426 1.09756e+19 1.55447e+23 1.65403e+23
20.1301 73.3056 1.09752e+19 1.58426e+23 1.59832e+23
20.1702 73.6182 1.09751e+19 1.55435e+23 1.64876e+23
20.2102 75.1813 1.09751e+19 1.55493e+23 1.62357e+23
20.2503 76.7443 1.09752e+19 1.49603e+23 1.52905e+23
20.2903 80.4955 1.09751e+19 1.52823e+23 1.52881e+23
20.3303 81.1207 1.0975e+19 1.4756e+23 1.47617e+23
20.3704 82.9964 1.09748e+19 1.3501e+23 1.43389e+23
20.4104 84.5594 1.09748e+19 1.23491e+23 1.42361e+23
20.4505 85.4972 1.09747e+19 1.108e+23 1.3968e+23
20.4905 89.4047 1.09746e+19 1.11045e+23 1.36339e+23
20.5305 90.03 1.09744e+19 1.07893e+23 1.36198e+23
20.5706 91.4367 1.09742e+19 1.08545e+23 1.33085e+23
20.6106 95.1879 1.09742e+19 1.09913e+23 1.24223e+23
20.6507 97.6888 1.09741e+19 1.06737e+23 1.21457e+23
20.6907 98.4703 1.0974e+19 1.11715e+23 1.23166e+23
20.7307 99.5644 1.09737e+19 1.12867e+23 1.20132e+23
20.7708 102.065 1.09736e+19 1.21238e+23 1.21277e+23
20.8108 103.785 1.09737e+19 1.22667e+23 1.22721e+23
20.8509 106.754 1.09737e+19 1.15827e+23 1.15848e+23
20.8909 107.692 1.09737e+19 1.10231e+23 1.11388e+23
20.9309 109.88 1.09735e+19 1.01064e+23 1.11359e+23
20.971 112.537 1.09735e+19 1.01102e+23 1.1005e+23
21.011 115.038 1.09734e+19 9.67162e+22 1.04431e+23
21.0511 115.82 1.09734e+19 9.19699e+22 1.06898e+23
21.0911 116.758 1.09731e+19 8.71097e+22 1.04603e+23
21.1311 120.821 1.0973e+19 8.12538e+22 1.03602e+23
21.1712 122.384 1.09729e+19 8.24815e+22 1.0121e+23
21.2112 124.26 1.09728e+19 8.31597e+22 9.86353e+22
21.2513 125.511 1.09728e+19 8.83851e+22 9.63717e+22
21.2913 128.949 1.09727e+19 9.14028e+22 9.57044e+22
21.3313 130.512 1.09726e+19 9.16113e+22 9.61199e+22
21.3714 131.137 1.09725e+19 9.00691e+22 9.4879e+22
21.4114 132.7 1.09725e+19 8.82225e+22 9.39094e+22
21.4515 133.795 1.09725e+19 8.93021e+22 9.26818e+22
21.4915 138.64 1.09724e+19 9.0839e+22 9.08528e+22
21.5315 139.265 1.09723e+19 9.04056e+22 9.04664e+22
21.5716 140.203 1.09722e+19 8.39255e+22 8.66132e+22
21.6116 142.079 1.09722e+19 7.86093e+22 8.60282e+22
21.6517 143.016 1.0972e+19 7.19467e+22 8.51245e+22
21.6917 144.579 1.09718e+19 7.29674e+22 8.60241e+22
21.7317 148.331 1.09717e+19 7.32353e+22 8.34587e+22
21.7718 148.956 1.09717e+19 7.24145e+22 8.35981e+22
21.8118 150.519 1.09716e+19 7.1119e+22 8.1027e+22
21.8519 152.707 1.09715e+19 6.53959e+22 7.95627e+22
21.8919 155.833 1.09715e+19 6.78344e+22 8.00993e+22
21.9319 157.709 1.09715e+19 6.8066e+22 7.962e+22
21.972 158.959 1.09715e+19 7.34841e+22 7.68804e+22
22.012 160.522 1.09714e+19 7.52255e+22 7.66948e+22
22.0521 162.241 1.09713e+19 7.37556e+22 7.65938e+22
22.0921 166.149 1.09712e+19 7.33048e+22 7.57936e+22
22.1321 167.087 1.09711e+19 7.05142e+22 7.55946e+22
22.1722 168.025 1.0971e+19 7.22396e+22 7.41941e+22
22.2122 171.463 1.0971e+19 7.21299e+22 7.21407e+22
22.2523 173.339 1.09709e+19 7.20275e+22 7.2053e+22
22.2923 176.309 1.09706e+19 6.78931e+22 7.02009e+22
22.3323 177.403 1.09705e+19 6.43403e+22 6.92651e+22
22.3724 178.341 1.09706e+19 5.85225e+22 7.12672e+22
22.4124 180.841 1.09706e+19 5.81358e+22 7.02696e+22
22.4525 183.967 1.09706e+19 5.68839e+22 6.84841e+22
22.4925 185.843 1.09705e+19 5.78546e+22 6.93831e+22
22.5325 186.781 1.09705e+19 5.81803e+22 6.86474e+22
22.5726 189.438 1.09705e+19 5.56388e+22 6.62658e+22
22.6126 192.095 1.09704e+19 5.71395e+22 6.40873e+22
22.6527 195.065 1.09703e+19 5.63643e+22 6.42927e+22
22.6927 195.846 1.097e+19 6.10781e+22 6.48476e+22
22.7327 197.097 1.09699e+19 6.30226e+22 6.31415e+22
22.7728 197.097 1.09698e+19 6.51307e+22 6.51492e+22
22.8128 200.067 1.09698e+19 6.32367e+22 6.35318e+22
22.8529 204.599 1.09698e+19 6.16514e+22 6.32079e+22
22.8929 205.537 1.09698e+19 5.81177e+22 6.24199e+22
22.9329 205.85 1.09697e+19 5.86351e+22 6.14829e+22
22.973 208.038 1.09696e+19 5.76386e+22 5.88989e+22
23.013 210.539 1.09696e+19 5.71952e+22 5.86648e+22
23.0531 211.164 1.09696e+19 5.52145e+22 5.99333e+22
23.0931 215.697 1.09694e+19 5.03871e+22 5.90799e+22
23.1331 215.853 1.09692e+19 4.85931e+22 5.97269e+22
23.1732 216.322 1.09691e+19 4.64015e+22 5.91352e+22
23.2132 217.729 1.09692e+19 4.87403e+22 5.73593e+22
23.2533 219.292 1.09692e+19 5.0063e+22 5.70727e+22
23.2933 224.293 1.09691e+19 5.19457e+22 5.75039e+22
23.3333 225.387 1.0969e+19 5.00174e+22 5.52952e+22
23.3734 226.169 1.09688e+19 4.99338e+22 5.48998e+22
23.4134 226.169 1.09688e+19 4.72658e+22 5.59322e+22
23.4535 228.982 1.09688e+19 5.01391e+22 5.58284e+22
23.4935 233.984 1.09688e+19 5.11204e+22 5.33737e+22
23.5335 235.078 1.09687e+19 5.42138e+22 5.42357e+22
23.5736 235.86 1.09685e+19 5.40726e+22 5.46609e+22
23.6136 238.204 1.09685e+19 5.29155e+22 5.29422e+22
23.6537 239.924 1.09685e+19 5.00973e+22 5.21277e+22
23.6937 240.236 1.09685e+19 4.93591e+22 5.30746e+22
23.7337 245.863 1.09683e+19 4.83157e+22 5.24853e+22
23.7738 246.488 1.0968e+19 4.93408e+22 5.07273e+22
23.8138 248.208 1.09678e+19 4.87409e+22 5.07461e+22
23.8539 249.614 1.09677e+19 4.66238e+22 5.10123e+22
23.8939 249.927 1.09678e+19 4.43573e+22 5.15654e+22
23.9339 255.085 1.09678e+19 4.14061e+22 5.11856e+22
23.974 256.492 1.09677e+19 4.09518e+22 5.04165e+22
24.014 258.992 1.09676e+19 4.13641e+22 4.95425e+22
24.0541 260.399 1.09676e+19 4.26839e+22 4.96466e+22
24.0941 260.555 1.09676e+19 4.25861e+22 4.91349e+22
24.1341 265.401 1.09676e+19 4.26496e+22 4.86127e+22
24.1742 267.433 1.09674e+19 4.05e+22 4.78745e+22
24.2142 270.246 1.09672e+19 4.16406e+22 4.65568e+22
24.2543 270.871 1.09668e+19 4.20233e+22 4.66711e+22
24.2943 275.873 1.09666e+19 4.54497e+22 4.61061e+22
24.3343 276.498 1.09666e+19 4.68784e+22 4.69247e+22
24.3744 276.498 1.09666e+19 4.82659e+22 4.82858e+22
24.4144 279.937 1.09667e+19 4.60922e+22 4.62526e+22
24.4545 280.875 1.09666e+19 4.54379e+22 4.6147e+22
24.4945 281.5 1.09665e+19 4.24912e+22 4.52235e+22
24.5345 285.876 1.09665e+19 4.32462e+22 4.56548e+22
24.5746 287.127 1.09665e+19 4.23116e+22 4.49578e+22
24.6146 291.503 1.09665e+19 4.27788e+22 4.3242e+22
24.6547 292.128 1.09662e+19 4.04946e+22 4.38035e+22
24.6947 291.816 1.09657e+19 3.90064e+22 4.43977e+22
24.7347 292.597 1.09654e+19 3.55352e+22 4.45879e+22
24.7748 293.066 1.0965e+19 3.56767e+22 4.39948e+22
24.8148 301.819 1.0965e+19 3.49536e+22 4.26429e+22
24.8549 301.819 1.09649e+19 3.72675e+22 4.31421e+22
24.8949 302.132 1.09649e+19 3.75507e+22 4.31218e+22
24.9349 302.601 1.09648e+19 3.83227e+22 4.25639e+22
24.975 303.382 1.09648e+19 3.66076e+22 4.12412e+22
25.015 312.135 1.09648e+19 3.68135e+22 4.09379e+22
25.0551 306.821 1.09648e+19 3.57929e+22 4.10573e+22
25.0951 312.604 1.09648e+19 3.81147e+22 4.07231e+22
25.1351 313.229 1.09644e+19 3.904e+22 4.10693e+22
25.1752 313.542 1.09639e+19 4.08409e+22 4.08657e+22
25.2152 315.886 1.09632e+19 4.02651e+22 4.14459e+22
25.2553 317.449 1.09629e+19 3.97731e+22 4.02703e+22
25.2953 317.449 1.09625e+19 3.78248e+22 4.10238e+22
25.3353 323.389 1.09624e+19 3.80311e+22 3.98499e+22
25.3754 324.327 1.09623e+19 3.79489e+22 3.90851e+22
25.4154 327.14 1.09622e+19 3.89891e+22 3.89958e+22
25.4555 328.078 1.09621e+19 3.91389e+22 3.91429e+22
25.4955 328.391 1.09621e+19 3.79196e+22 3.99576e+22
25.5355 329.641 1.09622e+19 3.58094e+22 3.94648e+22
25.5756 334.017 1.09622e+19 3.34537e+22 3.86176e+22
25.6156 337.456 1.09619e+19 3.20056e+22 3.85836e+22
25.6557 339.644 1.09614e+19 3.13479e+22 3.72633e+22
25.6957 339.957 1.09607e+19 3.23028e+22 3.80416e+22
25.7357 340.895 1.09597e+19 3.19153e+22 3.92521e+22
25.7758 343.239 1.09592e+19 3.23457e+22 3.87385e+22
25.8158 349.022 1.09585e+19 3.07235e+22 3.75706e+22
25.8559 350.429 1.0958e+19 3.05402e+22 3.65408e+22
25.8959 350.585 1.09574e+19 2.98261e+22 3.77004e+22
25.9359 352.617 1.09569e+19 3.19487e+22 3.62612e+22
25.976 355.274 1.09562e+19 3.26613e+22 3.59639e+22
26.016 356.212 1.09559e+19 3.55247e+22 3.55944e+22
26.0561 361.058 1.09556e+19 3.50271e+22 3.60391e+22
26.0961 361.214 1.09555e+19 3.5509e+22 3.65152e+22
26.1361 363.715 1.09555e+19 3.36437e+22 3.63605e+22
26.1762 365.747 1.09555e+19 3.37592e+22 3.58896e+22
26.2162 366.841 1.09552e+19 3.29352e+22 3.55077e+22
26.2563 371.217 1.09547e+19 3.44545e+22 3.50107e+22
26.2963 373.405 1.0954e+19 3.44837e+22 3.56111e+22
26.3363 372.468 1.09532e+19 3.46e+22 3.5124e+22
26.3764 376.219 1.0952e+19 3.35257e+22 3.41624e+22
26.4164 378.095 1.09507e+19 3.16224e+22 3.4124e+22
26.4565 379.345 1.09486e+19 3.04483e+22 3.41636e+22
26.4965 383.096 1.09458e+19 2.95003e+22 3.34782e+22
26.5365 389.036 1.09418e+19 3.0298e+22 3.29156e+22
26.5766 388.723 1.09373e+19 3.00987e+22 3.40924e+22
26.6166 389.348 1.0932e+19 3.12665e+22 3.39018e+22
26.6567 389.661 1.09265e+19 2.94726e+22 3.39204e+22
26.6967 389.348 1.09209e+19 2.90877e+22 3.34913e+22
26.7367 391.068 1.09154e+19 2.68918e+22 3.32538e+22
26.7768 393.1 1.09097e+19 2.69748e+22 3.29175e+22
26.8168 399.977 1.09035e+19 2.65557e+22 3.20225e+22
26.8569 399.195 1.08972e+19 2.82289e+22 3.28361e+22
26.8969 394.037 1.08897e+19 2.86191e+22 3.3082e+22
26.9369 399.821 1.08819e+19 2.92262e+22 3.29703e+22
26.977 403.572 1.08733e+19 2.90396e+22 3.26833e+22
27.017 404.353 1.08645e+19 2.81059e+22 3.28959e+22
27.0571 405.135 1.08553e+19 2.84988e+22 3.23865e+22
27.0971 406.854 1.08466e+19 2.8528e+22 3.17043e+22
27.1371 408.73 1.0838e+19 3.05318e+22 3.14313e+22
27.1772 409.199 1.08289e+19 3.09248e+22 3.17875e+22
27.2172 410.293 1.08202e+19 3.26642e+22 3.26663e+22
27.2573 416.701 1.08105e+19 3.12814e+22 3.16843e+22
27.2973 417.795 1.08001e+19 3.09674e+22 3.09684e+22
27.3373 419.358 1.07884e+19 2.9165e+22 3.09379e+22
27.3774 422.328 1.07764e+19 2.84402e+22 3.02766e+22
27.4174 428.111 1.07628e+19 2.82595e+22 2.98482e+22
27.4575 427.955 1.07488e+19 2.83553e+22 3.02433e+22
27.4975 428.58 1.07353e+19 2.89895e+22 3.03169e+22
27.5375 430.299 1.07212e+19 2.79258e+22 3.06296e+22
27.5776 433.425 1.07076e+19 2.78359e+22 3.02628e+22
27.6176 434.207 1.06938e+19 2.5489e+22 3.03924e+22
27.6577 434.988 1.06799e+19 2.53403e+22 3.0038e+22
27.6977 436.864 1.06644e+19 2.4409e+22 2.96797e+22
27.7377 440.459 1.06487e+19 2.5376e+22 2.9972e+22
27.7778 442.335 1.06315e+19 2.58971e+22 3.05097e+22
27.8178 445.93 1.06124e+19 2.65323e+22 3.02863e+22
27.8579 446.867 1.05929e+19 2.65849e+22 2.96104e+22
27.8979 448.118 1.05722e+19 2.53172e+22 2.94509e+22
27.9379 451.244 1.05516e+19 2.5233e+22 2.88229e+22
27.978 455.933 1.05304e+19 2.3812e+22 2.84968e+22
28.018 458.746 1.051e+19 2.48959e+22 2.87768e+22
28.0581 459.997 1.04884e+19 2.50497e+22 2.7947e+22
28.0981 460.778 1.04665e+19 2.65838e+22 2.84106e+22
28.1381 461.872 1.04442e+19 2.69154e+22 2.86813e+22
28.1782 463.748 1.04199e+19 2.7011e+22 2.84186e+22
28.2182 463.748 1.03948e+19 2.6856e+22 2.84643e+22
28.2583 468.75 1.0368e+19 2.57528e+22 2.82416e+22
28.2983 468.75 1.03415e+19 2.66219e+22 2.76296e+22
28.3383 468.75 1.03139e+19 2.62604e+22 2.75138e+22
28.3784 468.75 1.0287e+19 2.801e+22 2.83098e+22
28.4184 468.75 1.02603e+19 2.82251e+22 2.82356e+22
28.4585 468.124 1.02332e+19 2.8604e+22 2.86201e+22
28.4985 468.75 1.02067e+19 2.77677e+22 2.77794e+22
28.5385 468.75 1.01786e+19 2.60071e+22 2.74139e+22
28.5786 468.75 1.01501e+19 2.51037e+22 2.72389e+22
28.6186 468.75 1.01195e+19 2.31693e+22 2.69988e+22
28.6587 468.75 1.00883e+19 2.36606e+22 2.69052e+22
28.6987 468.75 1.00563e+19 2.30754e+22 2.73275e+22
28.7387 468.75 1.00241e+19 2.37524e+22 2.77159e+22
28.7788 468.75 9.99267e+18 2.36485e+22 2.69105e+22
28.8188 468.75 9.96111e+18 2.29512e+22 2.65525e+22
28.8589 468.75 9.93161e+18 2.25913e+22 2.60844e+22
28.8989 468.75 9.90164e+18 2.12417e+22 2.63193e+22
28.9389 468.75 9.87209e+18 2.18469e+22 2.63315e+22
28.979 468.75 9.84209e+18 2.14532e+22 2.58512e+22
29.019 468.75 9.81142e+18 2.28158e+22 2.60191e+22
29.0591 468.75 9.78076e+18 2.33476e+22 2.60683e+22
29.0991 468.75 9.74954e+18 2.34725e+22 2.56978e+22
29.1391 468.75 9.71974e+18 2.37854e+22 2.58981e+22
29.1792 468.75 9.68975e+18 2.26192e+22 2.59517e+22
29.2192 468.75 9.66196e+18 2.29534e+22 2.54002e+22
29.2593 468.75 9.63539e+18 2.22893e+22 2.56709e+22
29.2993 468.75 9.609e+18 2.33741e+22 2.55683e+22
29.3393 468.75 9.58356e+18 2.40811e+22 2.51416e+22
29.3794 468.75 9.55772e+18 2.4553e+22 2.54831e+22
29.4194 468.75 9.53226e+18 2.54547e+22 2.55922e+22
29.4595 468.75 9.5057e+18 2.42011e+22 2.56351e+22
29.4995 468.75 9.48031e+18 2.41224e+22 2.47905e+22
29.5395 468.75 9.4553e+18 2.28486e+22 2.47475e+22
29.5796 468.75 9.431e+18 2.27421e+22 2.46041e+22
29.6196 468.75 9.40893e+18 2.31586e+22 2.46015e+22
29.6597 468.75 9.38704e+18 2.3452e+22 2.42621e+22
29.6997 468.75 9.3662e+18 2.49704e+22 2.49833e+22
29.7397 468.75 9.34522e+18 2.43512e+22 2.44006e+22
29.7798 468.75 9.32456e+18 2.44636e+22 2.44779e+22
29.8198 468.75 9.30286e+18 2.30719e+22 2.4332e+22
29.8599 468.75 9.28095e+18 2.14196e+22 2.41023e+22
29.8999 468.75 9.26007e+18 2.08315e+22 2.41456e+22
29.9399 468.75 9.23861e+18 1.97069e+22 2.36339e+22
29.98 465.311 9.21874e+18 2.05214e+22 2.4592e+22
30.02 464.998 9.1992e+18 2.0466e+22 2.48457e+22
30.0601 466.249 9.17997e+18 2.10555e+22 2.44778e+22
30.1001 468.75 9.16046e+18 2.1067e+22 2.42744e+22
30.1401 468.75 9.14024e+18 1.97722e+22 2.37747e+22
30.1802 468.75 9.11935e+18 1.96112e+22 2.36048e+22
30.2202 468.75 9.09643e+18 1.83083e+22 2.33078e+22
30.2603 468.75 9.07405e+18 1.87079e+22 2.37342e+22
30.3003 468.75 9.05088e+18 1.94273e+22 2.29391e+22
30.3403 468.75 9.02758e+18 2.03251e+22 2.30104e+22
30.3804 468.75 9.00511e+18 2.19916e+22 2.31132e+22
30.4204 468.75 8.98239e+18 2.17681e+22 2.31139e+22
30.4605 468.75 8.95979e+18 2.2133e+22 2.29887e+22
30.5005 468.75 8.93578e+18 2.10437e+22 2.30009e+22
30.5405 468.75 8.91165e+18 2.01618e+22 2.28014e+22
30.5806 468.75 8.88593e+18 2.05563e+22 2.28986e+22
30.6206 468.75 8.85933e+18 2.02924e+22 2.29927e+22
30.6607 468.75 8.83346e+18 2.18166e+22 2.29851e+22
30.7007 468.75 8.8069e+18 2.22812e+22 2.29827e+22
30.7407 468.75 8.78181e+18 2.24412e+22 2.30902e+22
30.7808 468.75 8.75725e+18 2.2427e+22 2.30339e+22
30.8208 468.75 8.73339e+18 2.09693e+22 2.2641e+22
30.8609 468.75 8.70957e+18 2.09828e+22 2.26976e+22
30.9009 468.75 8.68527e+18 2.02997e+22 2.19606e+22
30.9409 468.75 8.66144e+18 2.04902e+22 2.21294e+22
30.981 468.75 8.63619e+18 2.14092e+22 2.22793e+22
31.021 468.75 8.61184e+18 2.10384e+22 2.21266e+22
31.0611 468.75 8.58808e+18 2.17433e+22 2.25728e+22
31.1011 468.75 8.56473e+18 2.11321e+22 2.19364e+22
31.1411 468.75 8.54309e+18 2.05912e+22 2.15662e+22
31.1812 468.75 8.52179e+18 2.03847e+22 2.10595e+22
31.2212 468.75 8.50151e+18 1.89981e+22 2.14928e+22
31.2613 468.75 8.48068e+18 1.88874e+22 2.1515e+22
31.3013 468.75 8.45988e+18 1.79831e+22 2.14078e+22
31.3413 468.75 8.43901e+18 1.77296e+22 2.17366e+22
31.3814 468.75 8.41734e+18 1.84255e+22 2.23164e+22
31.4214 468.75 8.39697e+18 1.8064e+22 2.21823e+22
31.4615 468.75 8.3767e+18 1.8721e+22 2.1801e+22
31.5015 468.75 8.35756e+18 1.8175e+22 2.12019e+22
31.5415 468.75 8.33947e+18 1.72283e+22 2.1492e+22
31.5816 468.75 8.32146e+18 1.70842e+22 2.16554e+22
31.6216 468.75 8.30381e+18 1.6388e+22 2.106e+22
31.6617 468.75 8.28513e+18 1.74445e+22 2.10242e+22
31.7017 468.75 8.26659e+18 1.83036e+22 2.06583e+22
31.7417 468.75 8.24722e+18 1.89049e+22 2.07162e+22
31.7818 468.75 8.22749e+18 1.99812e+22 2.06042e+22
31.8218 468.75 8.20892e+18 1.91823e+22 2.03427e+22
31.8619 468.75 8.19e+18 1.91275e+22 2.03979e+22
31.9019 468.75 8.17193e+18 1.89933e+22 2.05483e+22
31.9419 468.75 8.15369e+18 1.83321e+22 2.01683e+22
31.982 468.75 8.13486e+18 1.89737e+22 2.04005e+22
32.022 468.75 8.11537e+18 1.86752e+22 2.04888e+22
32.0621 468.75 8.09425e+18 1.91048e+22 2.06057e+22
32.1021 468.75 8.07311e+18 1.98792e+22 2.07867e+22
32.1421 468.75 8.05086e+18 1.96386e+22 2.09567e+22
32.1822 468.75 8.0289e+18 2.03211e+22 2.06053e+22
32.2222 468.75 8.00792e+18 1.95931e+22 1.9926e+22
32.2623 468.75 7.98652e+18 1.85749e+22 1.98369e+22
32.3023 468.75 7.96608e+18 1.86392e+22 2.0204e+22
32.3423 468.75 7.94522e+18 1.79863e+22 1.95726e+22
32.3824 468.75 7.924e+18 1.87377e+22 1.96938e+22
32.4224 468.75 7.90251e+18 1.94128e+22 1.95586e+22
32.4625 468.75 7.88035e+18 1.92237e+22 1.95788e+22
32.5025 468.75 7.85911e+18 1.97453e+22 1.97484e+22
32.5425 468.75 7.83761e+18 1.89285e+22 1.95964e+22
32.5826 468.75 7.81723e+18 1.83706e+22 1.93588e+22
32.6226 468.75 7.79826e+18 1.81193e+22 1.91731e+22
32.6627 468.75 7.77914e+18 1.66816e+22 1.96477e+22
32.7027 468.75 7.76125e+18 1.65544e+22 1.92245e+22
32.7427 468.75 7.74329e+18 1.63659e+22 1.92079e+22
32.7828 468.75 7.72518e+18 1.61692e+22 1.96921e+22
32.8228 468.75 7.70697e+18 1.70758e+22 1.9828e+22
32.8629 468.75 7.68829e+18 1.66927e+22 1.98414e+22
32.9029 468.75 7.6706e+18 1.63828e+22 1.93637e+22
32.9429 468.75 7.65283e+18 1.6152e+22 1.91617e+22
32.983 468.75 7.63606e+18 1.51464e+22 1.87763e+22
33.023 468.75 7.62057e+18 1.5403e+22 1.91334e+22
33.0631 468.75 7.60453e+18 1.53403e+22 1.88666e+22
33.1031 468.75 7.58892e+18 1.52899e+22 1.85435e+22
33.1431 468.75 7.57266e+18 1.64288e+22 1.84461e+22
33.1832 468.75 7.55572e+18 1.66234e+22 1.8663e+22
33.2232 468.75 7.5387e+18 1.72462e+22 1.88966e+22
33.2633 468.75 7.52134e+18 1.78376e+22 1.91111e+22
33.3033 468.75 7.505e+18 1.69596e+22 1.85838e+22
33.3433 468.75 7.48841e+18 1.68828e+22 1.84628e+22
33.3834 468.75 7.47199e+18 1.65726e+22 1.82823e+22
33.4234 468.75 7.45645e+18 1.61625e+22 1.8153e+22
33.4635 468.75 7.43984e+18 1.69316e+22 1.83316e+22
33.5035 468.75 7.42313e+18 1.6858e+22 1.86329e+22
33.5435 468.75 7.40588e+18 1.724e+22 1.85207e+22
33.5836 468.75 7.38763e+18 1.81563e+22 1.86925e+22
33.6236 468.75 7.36934e+18 1.77228e+22 1.8676e+22
33.6637 468.75 7.35061e+18 1.7789e+22 1.83679e+22
33.7037 468.75 7.33296e+18 1.75354e+22 1.80622e+22
33.7437 468.75 7.31564e+18 1.65182e+22 1.79382e+22
33.7838 468.75 7.29804e+18 1.68586e+22 1.7888e+22
33.8238 468.75 7.28132e+18 1.68806e+22 1.81138e+22
33.8639 468.75 7.26341e+18 1.68816e+22 1.75173e+22
33.9039 468.75 7.24491e+18 1.78046e+22 1.78181e+22
33.9439 468.75 7.22671e+18 1.7726e+22 1.78578e+22
33.984 468.75 7.20791e+18 1.79236e+22 1.79283e+22
34.024 468.75 7.18963e+18 1.81629e+22 1.82573e+22
34.0641 468.75 7.17148e+18 1.69263e+22 1.76654e+22
34.1041 468.75 7.15417e+18 1.64342e+22 1.76326e+22
34.1441 468.75 7.138e+18 1.60586e+22 1.75081e+22
34.1842 468.75 7.12145e+18 1.51208e+22 1.75132e+22
34.2242 468.75 7.10568e+18 1.54058e+22 1.75192e+22
34.2643 468.75 7.08972e+18 1.53493e+22 1.73819e+22
34.3043 468.75 7.07279e+18 1.51137e+22 1.76839e+22
34.3443 468.75 7.05668e+18 1.57374e+22 1.76358e+22
34.3844 468.75 7.04076e+18 1.53008e+22 1.76237e+22
34.4244 468.75 7.02541e+18 1.47456e+22 1.72252e+22
34.4645 468.75 7.01093e+18 1.46614e+22 1.72334e+22
34.5045 468.75 6.99679e+18 1.37459e+22 1.72498e+22
34.5445 468.75 6.98366e+18 1.36843e+22 1.72291e+22
34.5846 468.75 6.97014e+18 1.4047e+22 1.70601e+22
34.6246 468.75 6.95635e+18 1.37822e+22 1.69007e+22
34.6647 468.75 6.94287e+18 1.4614e+22 1.6905e+22
34.7047 468.75 6.92806e+18 1.53061e+22 1.71715e+22
34.7447 468.75 6.91326e+18 1.51229e+22 1.74506e+22
34.7848 468.75 6.89902e+18 1.55425e+22 1.74472e+22
34.8248 468.75 6.88458e+18 1.52268e+22 1.71403e+22
34.8649 468.75 6.8707e+18 1.45661e+22 1.65561e+22
34.9049 468.75 6.85659e+18 1.47643e+22 1.68124e+22
34.9449 468.75 6.84245e+18 1.43188e+22 1.63756e+22
34.985 468.75 6.82815e+18 1.42332e+22 1.63976e+22
35.025 468.75 6.81259e+18 1.51044e+22 1.62517e+22
35.0651 468.75 6.79714e+18 1.51547e+22 1.66479e+22
35.1051 468.75 6.78133e+18 1.55034e+22 1.64477e+22
35.1451 468.75 6.76477e+18 1.61205e+22 1.66465e+22
35.1852 468.75 6.74937e+18 1.55731e+22 1.66493e+22
35.2252 468.75 6.73435e+18 1.54891e+22 1.68662e+22
35.2653 468.75 6.71948e+18 1.55481e+22 1.66467e+22
35.3053 468.75 6.70507e+18 1.47837e+22 1.64129e+22
35.3453 468.75 6.69022e+18 1.50416e+22 1.63511e+22
35.3854 468.75 6.67562e+18 1.55535e+22 1.65678e+22
35.4254 468.75 6.66046e+18 1.55186e+22 1.63841e+22
35.4655 468.75 6.64448e+18 1.63389e+22 1.6343e+22
35.5055 468.75 6.62932e+18 1.6754e+22 1.67598e+22
35.5455 468.75 6.61397e+18 1.64136e+22 1.65214e+22
35.5856 468.75 6.59881e+18 1.66988e+22 1.67029e+22
35.6256 468.75 6.58491e+18 1.61757e+22 1.61798e+22
35.6657 468.75 6.57088e+18 1.51439e+22 1.60212e+22
35.7057 468.75 6.55694e+18 1.51659e+22 1.56891e+22
35.7457 468.75 6.54312e+18 1.47321e+22 1.56705e+22
35.7858 468.75 6.52884e+18 1.41901e+22 1.55961e+22
35.8258 468.75 6.51483e+18 1.47218e+22 1.55876e+22
35.8659 468.75 6.50031e+18 1.47189e+22 1.57773e+22
35.9059 468.75 6.48601e+18 1.45058e+22 1.57462e+22
35.9459 468.75 6.47312e+18 1.48245e+22 1.59868e+22
35.986 468.75 6.46021e+18 1.42417e+22 1.59807e+22
36.026 468.75 6.44784e+18 1.36235e+22 1.60081e+22
36.0661 468.75 6.43642e+18 1.35925e+22 1.59262e+22
36.1061 468.75 6.42451e+18 1.28382e+22 1.56899e+22
36.1461 468.75 6.41256e+18 1.25377e+22 1.56022e+22
36.1862 468.75 6.40035e+18 1.31259e+22 1.55862e+22
36.2262 468.75 6.38755e+18 1.30305e+22 1.55833e+22
36.2663 468.75 6.37502e+18 1.32603e+22 1.55011e+22
36.3063 468.75 6.36211e+18 1.40321e+22 1.58331e+22
36.3463 468.75 6.34949e+18 1.38117e+22 1.58973e+22
36.3864 468.75 6.33767e+18 1.3613e+22 1.55808e+22
36.4264 468.75 6.32512e+18 1.36976e+22 1.54731e+22
36.4665 468.75 6.31257e+18 1.2961e+22 1.57048e+22
36.5065 468.75 6.3002e+18 1.26149e+22 1.5187e+22
36.5465 468.75 6.2867e+18 1.27947e+22 1.52642e+22
36.5866 468.75 6.27284e+18 1.24116e+22 1.51546e+22
36.6266 468.75 6.25884e+18 1.27009e+22 1.51064e+22
36.6667 468.75 6.24466e+18 1.34443e+22 1.50058e+22
36.7067 468.75 6.23116e+18 1.32978e+22 1.51022e+22
36.7467 468.75 6.21764e+18 1.3511e+22 1.51312e+22
36.7868 468.75 6.20455e+18 1.3985e+22 1.52517e+22
36.8268 468.75 6.19244e+18 1.34161e+22 1.52051e+22
36.8669 468.75 6.1797e+18 1.31484e+22 1.5466e+22
36.9069 468.75 6.16677e+18 1.33958e+22 1.51222e+22
36.9469 468.75 6.1542e+18 1.30223e+22 1.48878e+22
36.987 468.75 6.14085e+18 1.31786e+22 1.47956e+22
37.027 468.75 6.12753e+18 1.39393e+22 1.46766e+22
37.0671 468.75 6.11467e+18 1.4082e+22 1.46913e+22
37.1071 468.75 6.10187e+18 1.45763e+22 1.48187e+22
37.1471 468.75 6.08988e+18 1.53132e+22 1.53161e+22
37.1872 468.75 6.07815e+18 1.50193e+22 1.50219e+22
37.2272 468.75 6.0664e+18 1.48554e+22 1.48567e+22
37.2673 468.75 6.05529e+18 1.50081e+22 1.50122e+22
37.3073 468.75 6.04356e+18 1.42234e+22 1.5106e+22
37.3473 468.75 6.03131e+18 1.37355e+22 1.47943e+22
37.3874 468.75 6.01966e+18 1.40428e+22 1.47159e+22
37.4274 468.75 6.00767e+18 1.37148e+22 1.43644e+22
37.4675 468.75 5.99573e+18 1.35967e+22 1.43619e+22
37.5075 468.75 5.98472e+18 1.42704e+22 1.45532e+22
37.5475 468.75 5.97391e+18 1.42028e+22 1.44925e+22
37.5876 468.75 5.96354e+18 1.38968e+22 1.4616e+22
37.6276 468.75 5.95342e+18 1.41298e+22 1.45459e+22
37.6677 468.75 5.94281e+18 1.36624e+22 1.45059e+22
37.7077 468.75 5.9324e+18 1.2916e+22 1.43742e+22
37.7477 468.75 5.92161e+18 1.29005e+22 1.42527e+22
37.7878 468.75 5.90992e+18 1.25616e+22 1.46165e+22
37.8278 468.75 5.89878e+18 1.21521e+22 1.44111e+22
37.8679 468.75 5.88784e+18 1.26443e+22 1.44529e+22
37.9079 468.75 5.8765e+18 1.28804e+22 1.45051e+22
37.9479 468.75 5.86581e+18 1.27371e+22 1.43425e+22
37.988 468.75 5.85526e+18 1.32423e+22 1.40371e+22
38.028 468.75 5.84439e+18 1.3343e+22 1.4042e+22
38.0681 468.75 5.83349e+18 1.2702e+22 1.40952e+22
38.1081 468.75 5.8218e+18 1.25662e+22 1.43897e+22
38.1481 468.75 5.80978e+18 1.23369e+22 1.42774e+22
38.1882 468.75 5.79797e+18 1.15327e+22 1.42754e+22
38.2282 468.75 5.78544e+18 1.13958e+22 1.41805e+22
38.2683 468.75 5.77309e+18 1.15654e+22 1.40421e+22
38.3083 468.75 5.76174e+18 1.12607e+22 1.39551e+22
38.3483 468.75 5.75018e+18 1.15009e+22 1.3707e+22
38.3884 468.75 5.73871e+18 1.20435e+22 1.41271e+22
38.4284 468.75 5.72779e+18 1.17988e+22 1.4052e+22
38.4685 468.75 5.71644e+18 1.1726e+22 1.40244e+22
38.5085 468.75 5.70492e+18 1.20169e+22 1.40003e+22
38.5485 468.75 5.69333e+18 1.15147e+22 1.40146e+22
38.5886 468.75 5.68135e+18 1.10616e+22 1.3758e+22
38.6286 468.75 5.66994e+18 1.13761e+22 1.3844e+22
38.6687 468.75 5.65897e+18 1.12969e+22 1.3966e+22
38.7087 468.75 5.64788e+18 1.11751e+22 1.36792e+22
38.7487 468.75 5.63776e+18 1.19348e+22 1.36594e+22
38.7888 468.75 5.62829e+18 1.24315e+22 1.36404e+22
38.8288 468.75 5.61833e+18 1.24461e+22 1.35012e+22
38.8689 468.75 5.60859e+18 1.30189e+22 1.33873e+22
38.9089 468.75 5.59895e+18 1.33332e+22 1.34213e+22
38.9489 468.75 5.58877e+18 1.28429e+22 1.3317e+22
38.989 468.75 5.57866e+18 1.27705e+22 1.34789e+22
39.029 468.75 5.5686e+18 1.28378e+22 1.35702e+22
39.0691 468.75 5.55855e+18 1.22391e+22 1.35366e+22
39.1091 468.75 5.54925e+18 1.21065e+22 1.34899e+22
39.1491 468.75 5.54007e+18 1.25906e+22 1.33881e+22
39.1892 468.75 5.53068e+18 1.25023e+22 1.36449e+22
39.2292 468.75 5.5219e+18 1.25196e+22 1.33709e+22
39.2693 468.75 5.51293e+18 1.32081e+22 1.35194e+22
39.3093 468.75 5.50313e+18 1.32831e+22 1.35867e+22
39.3493 468.75 5.4935e+18 1.2871e+22 1.35796e+22
39.3894 468.75 5.48381e+18 1.30383e+22 1.35005e+22
39.4294 468.75 5.47376e+18 1.2936e+22 1.33582e+22
39.4695 468.75 5.46412e+18 1.22168e+22 1.32751e+22
39.5095 468.75 5.4547e+18 1.21268e+22 1.3242e+22
39.5495 468.75 5.44541e+18 1.23209e+22 1.31348e+22
39.5896 468.75 5.43672e+18 1.20129e+22 1.32222e+22
39.6296 468.75 5.42768e+18 1.21786e+22 1.30949e+22
39.6697 468.75 5.41813e+18 1.28479e+22 1.29412e+22
39.7097 468.75 5.4089e+18 1.28548e+22 1.30006e+22
39.7497 468.75 5.39914e+18 1.27793e+22 1.31217e+22
39.7898 468.75 5.38851e+18 1.32036e+22 1.32097e+22
39.8298 468.75 5.37819e+18 1.2988e+22 1.29917e+22
39.8699 468.75 5.36803e+18 1.22418e+22 1.26494e+22
39.9099 468.75 5.35767e+18 1.21118e+22 1.28105e+22
39.9499 468.75 5.34774e+18 1.19219e+22 1.29392e+22
39.99 468.75 5.33799e+18 1.11854e+22 1.2842e+22
40.03 468.75 5.32817e+18 1.10317e+22 1.2753e+22
40.0701 468.75 5.31866e+18 1.134e+22 1.28651e+22
40.1101 468.75 5.30875e+18 1.1121e+22 1.321e+22
40.1502 468.75 5.29832e+18 1.10394e+22 1.30124e+22
40.1902 468.75 5.28844e+18 1.14659e+22 1.28751e+22
40.2302 468.75 5.2786e+18 1.13567e+22 1.2829e+22
40.2703 468.75 5.26833e+18 1.08917e+22 1.27077e+22
40.3103 468.75 5.2589e+18 1.09024e+22 1.26579e+22
40.3504 468.75 5.25027e+18 1.07215e+22 1.25421e+22
40.3904 468.75 5.24156e+18 1.00785e+22 1.29823e+22
40.4304 468.75 5.23321e+18 9.97253e+21 1.2875e+22
40.4705 468.75 5.2251e+18 1.02181e+22 1.27376e+22
40.5105 468.75 5.21671e+18 1.00428e+22 1.2626e+22
40.5506 468.75 5.20834e+18 1.014e+22 1.25714e+22
40.5906 468.75 5.19968e+18 1.08103e+22 1.25364e+22
40.6306 468.75 5.19045e+18 1.10366e+22 1.29392e+22
40.6707 468.75 5.18165e+18 1.08997e+22 1.29527e+22
40.7107 468.75 5.17321e+18 1.12116e+22 1.25408e+22
40.7508 468.75 5.16434e+18 1.13511e+22 1.25985e+22
40.7908 468.75 5.15584e+18 1.0821e+22 1.22178e+22
40.8308 468.75 5.14801e+18 1.05553e+22 1.22896e+22
40.8709 468.75 5.13979e+18 1.06753e+22 1.20961e+22
40.9109 468.75 5.1313e+18 1.03714e+22 1.23383e+22
40.951 468.75 5.12294e+18 1.01256e+22 1.22449e+22
40.991 468.75 5.1142e+18 1.05632e+22 1.24105e+22
41.031 468.75 5.10532e+18 1.08237e+22 1.2598e+22
41.0711 468.75 5.09658e+18 1.072e+22 1.23892e+22
41.1111 468.75 5.08763e+18 1.11072e+22 1.22782e+22
41.1512 468.75 5.07908e+18 1.15207e+22 1.23509e+22
41.1912 468.75 5.07122e+18 1.12085e+22 1.23733e+22
41.2312 468.75 5.06306e+18 1.10046e+22 1.24519e+22
41.2713 468.75 5.0547e+18 1.12403e+22 1.20983e+22
41.3113 468.75 5.04685e+18 1.09936e+22 1.19554e+22
41.3514 468.75 5.03861e+18 1.0551e+22 1.22127e+22
41.3914 468.75 5.02949e+18 1.08148e+22 1.19841e+22
41.4314 468.75 5.02035e+18 1.1176e+22 1.2015e+22
41.4715 468.75 5.01113e+18 1.1105e+22 1.20466e+22
41.5115 468.75 5.00156e+18 1.13982e+22 1.22866e+22
41.5516 468.75 4.99229e+18 1.20978e+22 1.25081e+22
41.5916 468.75 4.98316e+18 1.22568e+22 1.22601e+22
41.6316 468.75 4.97403e+18 1.2099e+22 1.2333e+22
41.6717 468.75 4.96549e+18 1.23389e+22 1.23434e+22
41.7117 468.75 4.9571e+18 1.23733e+22 1.23771e+22
41.7518 468.75 4.94812e+18 1.17748e+22 1.19435e+22
41.7918 468.75 4.93931e+18 1.14631e+22 1.19762e+22
41.8318 468.75 4.93087e+18 1.15585e+22 1.2008e+22
41.8719 468.75 4.92188e+18 1.12168e+22 1.19109e+22
41.9119 468.75 4.9128e+18 1.08625e+22 1.19712e+22
41.952 468.75 4.90445e+18 1.12045e+22 1.16779e+22
41.992 468.75 4.89632e+18 1.14525e+22 1.16742e+22
42.032 468.75 4.88835e+18 1.11912e+22 1.18614e+22
42.0721 468.75 4.88094e+18 1.12709e+22 1.19608e+22
42.1121 468.75 4.87361e+18 1.16046e+22 1.20924e+22
42.1522 468.75 4.86626e+18 1.13197e+22 1.18958e+22
42.1922 468.75 4.85918e+18 1.07832e+22 1.17906e+22
42.2322 468.75 4.85174e+18 1.07238e+22 1.1551e+22
42.2723 468.75 4.84369e+18 1.06172e+22 1.15707e+22
42.3123 468.75 4.83596e+18 1.0062e+22 1.163e+22
42.3524 468.75 4.82845e+18 9.85581e+21 1.1528e+22
42.3924 468.75 4.82052e+18 1.01762e+22 1.16391e+22
42.4324 468.75 4.81284e+18 1.0187e+22 1.18766e+22
42.4725 468.75 4.80582e+18 1.00714e+22 1.15293e+22
42.5125 468.75 4.7988e+18 1.04925e+22 1.17305e+22
42.5526 468.75 4.79176e+18 1.08313e+22 1.154e+22
42.5926 468.75 4.78491e+18 1.05784e+22 1.16092e+22
42.6326 468.75 4.77776e+18 1.04451e+22 1.17059e+22
42.6727 468.75 4.77037e+18 1.05832e+22 1.1527e+22
42.7127 468.75 4.76314e+18 1.02576e+22 1.16553e+22
42.7528 468.75 4.75557e+18 9.63809e+21 1.16162e+22
42.7928 468.75 4.74767e+18 9.50429e+21 1.14457e+22
42.8328 468.75 4.74033e+18 9.55773e+21 1.13978e+22
42.8729 468.75 4.73333e+18 9.19966e+21 1.15028e+22
42.9129 468.75 4.726e+18 9.02218e+21 1.14814e+22
42.953 468.75 4.71884e+18 9.43042e+21 1.15122e+22
42.993 468.75 4.71211e+18 9.61763e+21 1.14103e+22
43.033 468.75 4.70506e+18 9.39811e+21 1.13428e+22
43.0731 468.75 4.69759e+18 9.5193e+21 1.13785e+22
43.1131 468.75 4.69009e+18 9.79807e+21 1.15744e+22
43.1532 468.75 4.68227e+18 9.54712e+21 1.12994e+22
43.1932 468.75 4.67422e+18 9.14693e+21 1.12332e+22
43.2332 468.75 4.66644e+18 9.17766e+21 1.11784e+22
43.2733 468.75 4.65863e+18 9.192e+21 1.12091e+22
43.3133 468.75 4.65065e+18 8.85514e+21 1.13527e+22
43.3534 468.75 4.64329e+18 8.83908e+21 1.12174e+22
43.3934 468.75 4.6364e+18 9.30907e+21 1.11212e+22
43.4334 468.75 4.62905e+18 9.5094e+21 1.10793e+22
43.4735 468.75 4.6216e+18 9.51985e+21 1.10478e+22
43.5135 468.75 4.61458e+18 9.99031e+21 1.11082e+22
43.5536 468.75 4.6073e+18 1.04884e+22 1.10971e+22
43.5936 468.75 4.59958e+18 1.0406e+22 1.1085e+22
43.6336 468.75 4.59202e+18 1.02339e+22 1.09615e+22
43.6737 468.75 4.58461e+18 1.04398e+22 1.09604e+22
43.7137 468.75 4.57722e+18 1.04394e+22 1.11432e+22
43.7538 468.75 4.57028e+18 9.93674e+21 1.11112e+22
43.7938 468.75 4.56368e+18 9.71829e+21 1.09175e+22
43.8338 468.75 4.55698e+18 9.97529e+21 1.09008e+22
43.8739 468.75 4.55063e+18 9.94608e+21 1.08243e+22
43.9139 468.75 4.54469e+18 9.7323e+21 1.09845e+22
43.954 468.75 4.53836e+18 1.00109e+22 1.12274e+22
43.994 468.75 4.53161e+18 1.04767e+22 1.1005e+22
44.034 468.75 4.52519e+18 1.04841e+22 1.08419e+22
44.0741 468.75 4.51889e+18 1.0362e+22 1.08732e+22
44.1141 468.75 4.51217e+18 1.06167e+22 1.09763e+22
44.1542 468.75 4.50554e+18 1.07266e+22 1.10279e+22
44.1942 468.75 4.4994e+18 1.0297e+22 1.0833e+22
44.2342 468.75 4.49336e+18 1.00253e+22 1.07518e+22
44.2743 468.75 4.48741e+18 1.01575e+22 1.07351e+22
44.3143 468.75 4.48168e+18 1.00528e+22 1.07807e+22
44.3544 468.75 4.47573e+18 9.72499e+21 1.10122e+22
44.3944 468.75 4.46951e+18 9.84353e+21 1.08765e+22
44.4344 468.75 4.46349e+18 1.03138e+22 1.07125e+22
44.4745 468.75 4.45726e+18 1.04223e+22 1.05408e+22
44.5145 468.75 4.45035e+18 1.03489e+22 1.05584e+22
44.5546 468.75 4.44351e+18 1.07263e+22 1.08387e+22
44.5946 468.75 4.43716e+18 1.1111e+22 1.11154e+22
44.6346 468.75 4.43071e+18 1.08874e+22 1.08897e+22
44.6747 468.75 4.4241e+18 1.05464e+22 1.0564e+22
44.7147 468.75 4.4179e+18 1.05793e+22 1.05816e+22
44.7548 468.75 4.41196e+18 1.05123e+22 1.06221e+22
44.7948 468.75 4.4058e+18 9.96411e+21 1.08481e+22
44.8348 468.75 4.39959e+18 9.57007e+21 1.06864e+22
44.8749 468.75 4.39332e+18 9.6773e+21 1.04549e+22
44.9149 468.75 4.38662e+18 9.65816e+21 1.04011e+22
44.955 468.75 4.37976e+18 9.36046e+21 1.05005e+22
44.995 468.75 4.37314e+18 9.38311e+21 1.04089e+22
45.035 468.75 4.36627e+18 9.72208e+21 1.06549e+22
45.0751 468.75 4.3591e+18 9.74696e+21 1.05551e+22
45.1151 468.75 4.3524e+18 9.45257e+21 1.05137e+22
45.1552 468.75 4.34616e+18 9.4452e+21 1.04142e+22
45.1952 468.75 4.33961e+18 9.55964e+21 1.04377e+22
45.2352 468.75 4.33288e+18 9.20976e+21 1.05562e+22
45.2753 468.75 4.32646e+18 8.71663e+21 1.04306e+22
45.3153 468.75 4.31995e+18 8.63585e+21 1.0354e+22
45.3554 468.75 4.31302e+18 8.68948e+21 1.02794e+22
45.3954 468.75 4.30603e+18 8.41161e+21 1.04014e+22
45.4354 468.75 4.29907e+18 8.19476e+21 1.04166e+22
45.4755 468.75 4.29193e+18 8.50879e+21 1.05252e+22
45.5155 468.75 4.28504e+18 8.85279e+21 1.03426e+22
45.5556 468.75 4.2787e+18 8.79191e+21 1.02158e+22
45.5956 468.75 4.27239e+18 8.79657e+21 1.02763e+22
45.6356 468.75 4.26607e+18 9.14976e+21 1.05809e+22
45.6757 468.75 4.26035e+18 9.32933e+21 1.0466e+22
45.7157 468.75 4.25502e+18 9.0029e+21 1.01576e+22
45.7558 468.75 4.2493e+18 8.73887e+21 1.01682e+22
45.7958 468.75 4.24335e+18 8.80688e+21 1.00644e+22
45.8358 468.75 4.23767e+18 8.67826e+21 1.00217e+22
45.8759 468.75 4.23195e+18 8.24043e+21 1.02824e+22
45.9159 468.75 4.2259e+18 8.05202e+21 1.03275e+22
45.956 468.75 4.21992e+18 8.25545e+21 1.00914e+22
45.996 468.75 4.21415e+18 8.31658e+21 1.00427e+22
46.036 468.75 4.20835e+18 8.14597e+21 1.00216e+22
46.0761 468.75 4.20274e+18 8.29301e+21 1.01013e+22
46.1161 468.75 4.19748e+18 8.6919e+21 1.03244e+22
46.1562 468.75 4.19205e+18 8.76947e+21 1.01171e+22
46.1962 468.75 4.18629e+18 8.55604e+21 1.01968e+22
46.2362 468.75 4.18076e+18 8.58224e+21 9.99738e+21
46.2763 468.75 4.17534e+18 8.78764e+21 1.00057e+22
46.3163 468.75 4.16937e+18 8.60748e+21 9.95303e+21
46.3564 468.75 4.16304e+18 8.21083e+21 1.01353e+22
46.3964 468.75 4.15711e+18 8.1876e+21 9.93178e+21
46.4364 468.75 4.15144e+18 8.42036e+21 9.76595e+21
46.4765 468.75 4.14557e+18 8.39616e+21 9.8089e+21
46.5165 468.75 4.13983e+18 8.25238e+21 9.93611e+21
46.5566 468.75 4.1345e+18 8.54777e+21 9.96088e+21
46.5966 468.75 4.12927e+18 9.07815e+21 9.9905e+21
46.6366 468.75 4.12402e+18 9.25287e+21 9.80613e+21
46.6767 468.75 4.11889e+18 9.22735e+21 9.80777e+21
46.7167 468.75 4.11353e+18 9.48598e+21 9.996e+21
46.7568 468.75 4.10766e+18 9.85491e+21 9.97261e+21
46.7968 468.75 4.10176e+18 9.77039e+21 9.94815e+21
46.8368 468.75 4.09606e+18 9.42747e+21 9.92939e+21
46.8769 468.75 4.08999e+18 9.3832e+21 9.8755e+21
46.9169 468.75 4.08346e+18 9.47346e+21 9.8258e+21
46.957 468.75 4.07725e+18 9.25126e+21 9.96037e+21
46.997 468.75 4.07151e+18 8.8992e+21 9.86824e+21
47.037 468.75 4.06562e+18 8.95865e+21 9.77564e+21
47.0771 468.75 4.05952e+18 9.24163e+21 9.61215e+21
47.1171 468.75 4.05366e+18 9.23384e+21 9.76948e+21
47.1572 468.75 4.0479e+18 9.11521e+21 9.82111e+21
47.1972 468.75 4.04186e+18 9.33992e+21 9.81717e+21
47.2372 468.75 4.03575e+18 9.71384e+21 1.00564e+22
47.2773 468.75 4.02971e+18 9.67338e+21 9.93387e+21
47.3173 468.75 4.02345e+18 9.37835e+21 9.85065e+21
47.3574 468.75 4.01713e+18 9.3671e+21 9.70006e+21
47.3974 468.75 4.01128e+18 9.50163e+21 9.71589e+21
47.4374 468.75 4.00577e+18 9.28086e+21 9.54666e+21
47.4775 468.75 4.0001e+18 8.81985e+21 9.6927e+21
47.5175 468.75 3.99457e+18 8.7199e+21 9.70726e+21
47.5576 468.75 3.98964e+18 8.92419e+21 9.49589e+21
47.5976 468.75 3.98492e+18 8.90302e+21 9.48226e+21
47.6376 468.75 3.97982e+18 8.70333e+21 9.61792e+21
47.6777 468.75 3.97459e+18 8.82616e+21 9.40086e+21
47.7177 468.75 3.96952e+18 9.27219e+21 9.47978e+21
47.7578 468.75 3.96434e+18 9.45757e+21 9.45941e+21
47.7978 468.75 3.95886e+18 9.32286e+21 9.68849e+21
47.8378 468.75 3.95343e+18 9.34613e+21 9.73325e+21
47.8779 468.75 3.94812e+18 9.58948e+21 9.59193e+21
47.9179 468.75 3.94273e+18 9.56786e+21 9.56989e+21
47.958 468.75 3.93749e+18 9.14662e+21 9.54491e+21
47.998 468.75 3.93271e+18 8.85188e+21 9.70272e+21
48.038 468.75 3.92803e+18 8.84483e+21 9.53145e+21
48.0781 468.75 3.92305e+18 8.72176e+21 9.57453e+21
48.1181 468.75 3.91813e+18 8.31818e+21 9.47785e+21
48.1582 468.75 3.91359e+18 8.08001e+21 9.47221e+21
48.1982 468.75 3.90894e+18 8.24155e+21 9.50068e+21
48.2382 468.75 3.90379e+18 8.36711e+21 9.51937e+21
48.2783 468.75 3.89862e+18 8.20406e+21 9.42482e+21
48.3183 468.75 3.89374e+18 8.09271e+21 9.33348e+21
48.3584 468.75 3.88889e+18 8.32594e+21 9.27798e+21
48.3984 468.75 3.88397e+18 8.50666e+21 9.30251e+21
48.4384 468.75 3.87925e+18 8.27984e+21 9.29188e+21
48.4785 468.75 3.87475e+18 7.96059e+21 9.31495e+21
48.5185 468.75 3.87018e+18 7.93455e+21 9.26142e+21
48.5586 468.75 3.86568e+18 7.98325e+21 9.33232e+21
48.5986 468.75 3.86139e+18 7.6883e+21 9.46418e+21
48.6386 468.75 3.85688e+18 7.29612e+21 9.46914e+21
48.6787 468.75 3.85186e+18 7.24521e+21 9.37112e+21
48.7187 468.75 3.84673e+18 7.44798e+21 9.25652e+21
48.7588 468.75 3.84183e+18 7.45207e+21 9.33499e+21
48.7988 468.75 3.83675e+18 7.30424e+21 9.23705e+21
48.8388 468.75 3.83118e+18 7.44636e+21 9.2336e+21
48.8789 468.75 3.82568e+18 7.84282e+21 9.37205e+21
48.9189 468.75 3.82062e+18 8.04202e+21 9.32026e+21
48.959 468.75 3.81569e+18 7.92613e+21 9.17167e+21
48.999 468.75 3.8106e+18 7.91124e+21 9.17045e+21
49.039 468.75 3.80559e+18 8.11907e+21 9.2214e+21
49.0791 468.75 3.80078e+18 8.15402e+21 9.25325e+21
49.1191 468.75 3.79587e+18 7.84208e+21 9.09421e+21
49.1592 468.75 3.79082e+18 7.54796e+21 9.32048e+21
49.1992 468.75 3.78585e+18 7.56752e+21 9.27241e+21
49.2392 468.75 3.78077e+18 7.59637e+21 9.2352e+21
49.2793 468.75 3.77533e+18 7.3733e+21 9.30846e+21
49.3193 468.75 3.76986e+18 7.15509e+21 9.31175e+21
49.3594 468.75 3.76483e+18 7.30413e+21 9.27074e+21
49.3994 468.75 3.75999e+18 7.59724e+21 9.15028e+21
49.4394 468.75 3.75491e+18 7.62935e+21 9.06099e+21
49.4795 468.75 3.74984e+18 7.52522e+21 9.12061e+21
49.5195 468.75 3.74527e+18 7.66001e+21 9.02034e+21
49.5596 468.75 3.74096e+18 7.98304e+21 9.01464e+21
49.5996 468.75 3.7364e+18 8.02484e+21 8.89944e+21
49.6396 468.75 3.73168e+18 7.76138e+21 8.91416e+21
49.6797 468.75 3.72707e+18 7.60715e+21 9.01132e+21
49.7197 468.75 3.72241e+18 7.73844e+21 8.79314e+21
49.7598 468.75 3.71754e+18 7.77428e+21 8.91873e+21
49.7998 468.75 3.71267e+18 7.50938e+21 8.8725e+21
49.8398 468.75 3.70797e+18 7.30677e+21 8.94458e+21
49.8799 468.75 3.70319e+18 7.4732e+21 8.94858e+21
49.9199 468.75 3.69835e+18 7.77618e+21 9.08303e+21
49.96 468.75 3.69387e+18 7.82707e+21 9.12949e+21
50 468.75 3.68981e+18 7.80264e+21 9.06604e+21
