#S 1 scored data
#N 5
#L  distance  fwhm  total_intensity  on_axis_intensity  peak_intensity
10 467.499 8.76987e+16 1.71355e+20 5.28727e+20
10.04 464.686 8.76477e+16 1.31374e+20 5.89045e+20
10.0801 463.435 8.75252e+16 3.18525e+20 6.25693e+20
10.1201 460.622 8.74034e+16 2.60058e+20 5.30065e+20
10.1602 459.372 8.76279e+16 2.64836e+20 6.1926e+20
10.2002 466.561 8.77246e+16 2.02686e+20 5.67376e+20
10.2402 468.75 8.79854e+16 1.50762e+20 5.65699e+20
10.2803 465.936 8.79963e+16 3.1436e+20 5.64245e+20
10.3203 464.686 8.80218e+16 3.37226e+20 5.74908e+20
10.3604 461.716 8.78673e+16 1.95443e+20 5.10446e+20
10.4004 460.622 8.77919e+16 4.24002e+19 5.40968e+20
10.4404 468.124 8.78978e+16 1.00441e+20 5.17595e+20
10.4805 467.187 8.78845e+16 4.15691e+20 5.07884e+20
10.5205 467.656 8.81755e+16 4.61351e+20 5.8173e+20
10.5606 466.561 8.82886e+16 1.44914e+20 5.69333e+20
10.6006 451.556 8.84502e+16 1.03261e+20 6.33897e+20
10.6406 465.624 8.83853e+16 2.31041e+20 5.6717e+20
10.6807 464.061 8.83246e+16 2.45175e+20 5.41263e+20
10.7207 461.247 8.82614e+16 9.23985e+19 5.85836e+20
10.7608 459.997 8.8301e+16 8.14732e+19 5.61356e+20
10.8008 467.812 8.84302e+16 2.49302e+20 5.49138e+20
10.8408 466.874 8.86266e+16 3.13299e+20 5.89259e+20
10.8809 451.869 8.89051e+16 2.11152e+20 6.45188e+20
10.9209 465.936 8.89818e+16 2.36674e+20 5.64355e+20
10.961 464.373 8.90593e+16 2.95895e+20 5.93921e+20
11.001 461.247 8.89848e+16 2.38288e+20 5.60533e+20
11.041 460.935 8.8867e+16 3.00865e+20 5.46136e+20
11.0811 459.684 8.89296e+16 2.90816e+20 5.80177e+20
11.1211 456.558 8.89203e+16 1.55488e+20 6.54739e+20
11.1612 468.75 8.92358e+16 1.52039e+20 5.36943e+20
11.2012 468.75 8.9393e+16 4.03143e+20 5.19073e+20
11.2412 465.311 8.95892e+16 2.40046e+20 5.67992e+20
11.2813 463.904 8.96151e+16 4.47948e+19 5.71828e+20
11.3213 460.622 8.95492e+16 2.09781e+20 6.43269e+20
11.3614 462.81 8.94463e+16 4.2562e+20 5.22705e+20
11.4014 459.059 8.94693e+16 1.3637e+20 5.16708e+20
11.4414 426.236 8.94488e+16 1.09286e+20 6.44797e+20
11.4815 468.437 8.98028e+16 2.65135e+20 5.67909e+20
11.5215 468.281 8.99944e+16 2.44643e+20 5.50594e+20
11.5616 464.686 9.01577e+16 2.45127e+20 5.87697e+20
11.6016 466.874 9.02601e+16 2.81299e+20 5.8938e+20
11.6416 433.738 9.02953e+16 1.21369e+20 5.67756e+20
11.6817 461.247 9.02474e+16 2.30051e+20 5.62629e+20
11.7217 458.121 9.02848e+16 4.74569e+20 6.38297e+20
11.7618 460.309 9.02528e+16 1.86246e+20 5.57273e+20
11.8018 454.37 9.04366e+16 2.24907e+20 5.43074e+20
11.8418 466.561 9.05514e+16 3.12491e+20 6.36963e+20
11.8819 468.75 9.09154e+16 1.62811e+20 5.76299e+20
11.9219 468.124 9.11402e+16 2.7222e+20 5.60416e+20
11.962 465.311 9.12239e+16 3.28442e+20 5.41248e+20
12.002 463.748 9.12979e+16 6.63492e+19 5.92947e+20
12.042 463.123 9.11957e+16 1.50277e+20 5.93529e+20
12.0821 457.809 9.12052e+16 2.17228e+20 5.57375e+20
12.1221 455.62 9.12021e+16 2.67693e+20 5.55884e+20
12.1622 454.37 9.13355e+16 4.6216e+20 6.14564e+20
12.2022 456.246 9.15496e+16 1.02188e+20 5.26826e+20
12.2422 450.619 9.1723e+16 1.52868e+20 5.30735e+20
12.2823 400.602 9.19253e+16 3.37582e+20 6.60164e+20
12.3223 462.185 9.20474e+16 1.63022e+20 5.79298e+20
12.3624 464.373 9.21278e+16 4.3218e+20 5.42692e+20
12.4024 462.81 9.20877e+16 1.55567e+20 5.47111e+20
12.4424 439.052 9.20241e+16 1.24599e+20 5.91136e+20
12.4825 458.746 9.2034e+16 2.71824e+20 5.39948e+20
12.5225 468.75 9.22132e+16 2.05661e+20 5.9336e+20
12.5626 452.807 9.23137e+16 5.21827e+20 5.38084e+20
12.6026 415.92 9.2532e+16 1.53646e+20 6.02939e+20
12.6426 448.743 9.27242e+16 1.75978e+20 5.6335e+20
12.6827 465.936 9.28922e+16 1.92578e+20 6.03861e+20
12.7227 464.686 9.29654e+16 1.6898e+20 5.66138e+20
12.7628 427.955 9.29723e+16 5.55572e+20 5.6482e+20
12.8028 440.303 9.29459e+16 2.36036e+20 6.10579e+20
12.8428 452.494 9.29168e+16 3.1037e+20 5.56806e+20
12.8829 454.683 9.30047e+16 5.5627e+19 6.03397e+20
12.9229 453.745 9.3213e+16 1.42196e+20 5.31997e+20
12.963 434.363 9.34562e+16 4.77512e+20 6.1305e+20
13.003 433.738 9.36071e+16 3.63747e+20 6.0483e+20
13.043 466.249 9.39584e+16 4.61379e+20 5.42557e+20
13.0831 394.975 9.41167e+16 8.28034e+19 6.13443e+20
13.1231 464.373 9.41998e+16 1.31491e+20 5.64383e+20
13.1632 408.73 9.42347e+16 1.69015e+20 6.57093e+20
13.2032 458.121 9.4229e+16 5.66148e+20 5.69971e+20
13.2432 457.183 9.43023e+16 4.2533e+20 5.45823e+20
13.2833 369.185 9.43308e+16 4.50408e+20 6.94479e+20
13.3233 418.264 9.45699e+16 5.62459e+19 5.99892e+20
13.3634 449.056 9.48091e+16 4.66874e+19 5.42372e+20
13.4034 411.231 9.50952e+16 3.93875e+20 6.7773e+20
13.4434 468.124 9.54128e+16 4.44321e+20 5.89874e+20
13.4835 409.042 9.55713e+16 6.41912e+20 6.50209e+20
13.5235 406.542 9.57409e+16 3.45007e+20 6.41438e+20
13.5636 464.998 9.58063e+16 9.60824e+19 5.60847e+20
13.6036 307.446 9.58577e+16 1.3455e+19 7.30133e+20
13.6436 458.277 9.58236e+16 4.64268e+20 6.09842e+20
13.6837 454.37 9.5898e+16 4.24048e+20 5.95091e+20
13.7237 317.762 9.60404e+16 7.67092e+20 7.80514e+20
13.7638 394.663 9.62368e+16 3.28806e+20 5.95744e+20
13.8038 449.368 9.64512e+16 1.12829e+20 6.0209e+20
13.8438 231.171 9.67321e+16 7.30014e+18 8.03174e+20
13.8839 446.867 9.69713e+16 4.51809e+20 6.17393e+20
13.9239 464.373 9.71144e+16 4.2461e+20 5.95749e+20
13.964 277.749 9.72564e+16 7.89739e+20 7.97834e+20
14.004 334.017 9.72349e+16 4.08436e+20 6.59267e+20
14.044 460.935 9.73031e+16 1.14018e+20 5.62839e+20
14.0841 288.065 9.72695e+16 1.17593e+19 7.59795e+20
14.1241 344.021 9.73232e+16 3.8268e+20 7.22178e+20
14.1642 450.15 9.74676e+16 4.33235e+20 5.64909e+20
14.2042 341.832 9.75799e+16 6.77172e+20 6.7942e+20
14.2442 293.848 9.77237e+16 5.6742e+20 7.66305e+20
14.2843 446.711 9.79272e+16 8.9292e+19 5.70321e+20
14.3243 368.091 9.81456e+16 7.48248e+19 5.81888e+20
14.3644 317.762 9.8236e+16 2.12401e+20 7.82601e+20
14.4044 349.491 9.82784e+16 5.1909e+20 6.76798e+20
14.4444 418.42 9.83515e+16 4.8273e+20 6.17948e+20
14.4845 314.011 9.83499e+16 6.43092e+20 7.10434e+20
14.5245 309.791 9.83056e+16 1.54896e+20 8.08479e+20
14.5646 377.157 9.83373e+16 1.18653e+20 6.16763e+20
14.6046 429.362 9.8375e+16 8.52463e+19 5.71543e+20
14.6446 305.883 9.84937e+16 4.46717e+20 8.61957e+20
14.6847 337.612 9.85119e+16 6.3859e+20 6.9469e+20
14.7247 333.705 9.87421e+16 3.71099e+20 6.41001e+20
14.7648 284.939 9.88068e+16 3.91618e+20 7.94677e+20
14.8048 297.755 9.89591e+16 3.593e+19 7.99344e+20
14.8448 362.464 9.89364e+16 1.75394e+20 6.08701e+20
14.8849 394.037 9.9008e+16 2.41583e+20 6.02787e+20
14.9249 359.964 9.89924e+16 6.96958e+20 7.6722e+20
14.965 292.128 9.89935e+16 5.41365e+20 7.56763e+20
15.005 411.231 9.89695e+16 2.74619e+20 6.05171e+20
15.045 355.9 9.89788e+16 1.52969e+20 5.8387e+20
15.0851 256.804 9.90127e+16 2.08166e+19 8.26226e+20
15.1251 284.001 9.90771e+16 4.55412e+20 7.17348e+20
15.1652 403.415 9.91218e+16 4.11141e+20 6.30554e+20
15.2052 344.959 9.92509e+16 5.95771e+20 6.15812e+20
15.2452 233.984 9.92951e+16 5.96134e+20 8.23768e+20
15.2853 294.317 9.93855e+16 9.73655e+19 7.71464e+20
15.3253 395.6 9.9354e+16 1.25461e+20 6.17556e+20
15.3654 355.587 9.94035e+16 1.15407e+20 6.28547e+20
15.4054 273.06 9.93791e+16 4.10908e+20 8.32763e+20
15.4454 268.371 9.93618e+16 8.20259e+20 8.25719e+20
15.4855 389.661 9.93596e+16 3.69192e+20 5.96818e+20
15.5255 385.91 9.93429e+16 4.16603e+20 6.03011e+20
15.5656 264.619 9.9389e+16 1.17774e+20 8.12121e+20
15.6056 279.312 9.94091e+16 5.13232e+19 7.77426e+20
15.6456 381.221 9.94581e+16 4.23808e+20 6.02793e+20
15.6857 398.414 9.95305e+16 3.71121e+20 5.87226e+20
15.7257 323.076 9.95414e+16 6.24428e+20 6.36185e+20
15.7658 284.626 9.96189e+16 5.85036e+20 7.81613e+20
15.8058 374.968 9.95998e+16 1.10292e+20 7.37925e+20
15.8458 370.905 9.96366e+16 1.53055e+20 6.06008e+20
15.8859 388.723 9.95995e+16 1.33705e+20 5.95708e+20
15.9259 314.636 9.95837e+16 3.12609e+20 7.85708e+20
15.966 310.259 9.95897e+16 8.11677e+20 8.27693e+20
16.006 277.436 9.95772e+16 4.40948e+20 6.96066e+20
16.046 382.158 9.95799e+16 3.37954e+20 6.0668e+20
16.0861 377.782 9.96147e+16 1.61283e+20 5.7162e+20
16.1261 321.201 9.96417e+16 4.03464e+19 7.0938e+20
16.1662 301.819 9.97021e+16 3.70891e+20 7.59789e+20
16.2062 373.562 9.9703e+16 4.98275e+20 7.27256e+20
16.2462 369.342 9.97586e+16 5.9261e+20 6.12212e+20
16.2863 314.323 9.97487e+16 4.56756e+20 5.97086e+20
16.3263 312.76 9.97607e+16 4.04493e+20 8.07577e+20
16.3664 308.384 9.97553e+16 7.5007e+19 8.39817e+20
16.4064 274.935 9.97411e+16 1.02827e+20 7.37127e+20
16.4464 366.216 9.97371e+16 4.28964e+20 5.91857e+20
16.4865 362.152 9.97268e+16 4.02524e+20 6.04757e+20
16.5265 304.32 9.97297e+16 6.28156e+20 6.35782e+20
16.5666 358.4 9.97696e+16 6.08564e+20 7.79102e+20
16.6066 314.636 9.97423e+16 1.8952e+20 8.41085e+20
16.6466 281.187 9.9824e+16 1.25975e+20 7.56979e+20
16.6867 353.711 9.97978e+16 1.64616e+20 6.17319e+20
16.7267 351.211 9.98243e+16 3.06478e+20 6.11828e+20
16.7668 290.878 9.98575e+16 5.67124e+20 6.99297e+20
16.8068 345.271 9.98477e+16 6.63502e+20 7.64869e+20
16.8468 346.365 9.98655e+16 5.10943e+20 7.39193e+20
16.8869 287.908 9.98464e+16 9.92999e+19 7.07045e+20
16.9269 342.458 9.98393e+16 1.80551e+20 6.41576e+20
16.967 343.708 9.98399e+16 1.65519e+20 6.19685e+20
17.007 283.376 9.98287e+16 3.03839e+20 7.36826e+20
17.047 357.463 9.98583e+16 7.12602e+20 7.85046e+20
17.0871 333.392 9.98493e+16 6.33596e+20 7.76711e+20
17.1271 294.004 9.98413e+16 4.74784e+20 6.84373e+20
17.1672 348.71 9.99079e+16 1.01053e+20 6.55967e+20
17.2072 330.579 9.98856e+16 1.89449e+20 6.32522e+20
17.2472 342.458 9.99342e+16 1.64032e+20 6.31916e+20
17.2873 344.333 9.99274e+16 3.08985e+20 7.62663e+20
17.3273 319.95 9.99142e+16 7.22266e+20 7.5947e+20
17.3674 339.957 9.99369e+16 6.23273e+20 7.68708e+20
17.4074 340.895 9.99137e+16 4.96447e+20 6.78694e+20
17.4474 316.512 9.99088e+16 1.09626e+20 7.14886e+20
17.4875 336.831 9.99102e+16 2.0169e+20 6.73756e+20
17.5275 338.081 9.98897e+16 1.74694e+20 6.32667e+20
17.5676 313.073 9.99127e+16 3.23391e+20 7.13549e+20
17.6076 332.142 9.99154e+16 6.30241e+20 7.44522e+20
17.6476 327.453 9.99233e+16 6.51616e+20 7.55051e+20
17.6877 327.765 9.99733e+16 5.59969e+20 7.79637e+20
17.7277 323.076 9.99483e+16 1.47732e+20 7.92211e+20
17.7678 317.762 9.99754e+16 1.74181e+20 7.78592e+20
17.8078 343.708 9.99809e+16 1.68942e+20 6.64182e+20
17.8478 325.577 9.99612e+16 4.0662e+20 6.45713e+20
17.8879 320.263 9.99762e+16 4.80138e+20 6.14788e+20
17.9279 333.548 9.99508e+16 6.52769e+20 6.53716e+20
17.968 314.636 9.99389e+16 5.9341e+20 7.37555e+20
18.008 334.643 9.99577e+16 3.22666e+20 8.56307e+20
18.048 329.954 9.99267e+16 1.4567e+20 8.39905e+20
18.0881 305.258 9.9937e+16 9.48955e+19 7.65266e+20
18.1281 331.204 9.99603e+16 4.90888e+20 6.5972e+20
18.1682 320.263 9.995e+16 4.30956e+20 6.69724e+20
18.2082 306.508 9.99837e+16 6.85565e+20 7.08923e+20
18.2482 321.513 9.99678e+16 4.18768e+20 6.70181e+20
18.2883 302.757 9.99794e+16 4.65857e+20 7.23054e+20
18.3283 321.826 9.99828e+16 1.82613e+20 7.04023e+20
18.3684 316.824 9.99458e+16 1.13058e+20 6.99434e+20
18.4084 316.824 9.99438e+16 3.21909e+20 7.76767e+20
18.4484 312.448 9.9952e+16 4.14712e+20 8.45553e+20
18.4885 307.133 9.99132e+16 8.5075e+20 8.54687e+20
18.5285 313.229 9.9922e+16 5.24578e+20 7.55752e+20
18.5686 308.696 9.99145e+16 5.25479e+20 6.8519e+20
18.6086 283.063 9.98974e+16 1.34926e+20 7.25175e+20
18.6486 303.695 9.99265e+16 2.31151e+20 7.61868e+20
18.6887 298.381 9.9887e+16 1.80691e+20 7.18646e+20
18.7287 297.13 9.9905e+16 4.2697e+20 7.12771e+20
18.7688 299.631 9.98941e+16 4.96372e+20 6.24652e+20
18.8088 274.935 9.98718e+16 6.72316e+20 6.97626e+20
18.8488 294.629 9.98644e+16 5.4892e+20 7.35152e+20
18.8889 289.002 9.9855e+16 4.25241e+20 8.17745e+20
18.9289 233.359 9.98123e+16 1.99027e+20 7.99677e+20
18.969 290.253 9.97975e+16 1.04782e+20 7.58763e+20
19.009 264.463 9.97836e+16 4.0644e+20 7.66144e+20
19.049 285.564 9.97335e+16 4.24873e+20 8.51329e+20
19.0891 280.249 9.97458e+16 8.52349e+20 8.55839e+20
19.1291 259.93 9.97095e+16 5.1262e+20 7.79105e+20
19.1692 281.5 9.97016e+16 5.61242e+20 7.05462e+20
19.2092 255.241 9.97071e+16 1.5483e+20 7.43444e+20
19.2492 276.498 9.9627e+16 2.45317e+20 8.38166e+20
19.2893 271.497 9.96206e+16 1.67239e+20 7.72271e+20
19.3293 276.811 9.95781e+16 5.08507e+20 7.38848e+20
19.3694 272.747 9.95466e+16 4.75604e+20 6.76516e+20
19.4094 264.619 9.95051e+16 7.69787e+20 7.71008e+20
19.4494 287.127 9.94986e+16 4.75092e+20 7.55895e+20
19.4895 261.806 9.94395e+16 5.35566e+20 7.70056e+20
19.5295 267.745 9.93828e+16 2.01209e+20 6.50011e+20
19.5696 262.118 9.93488e+16 2.28656e+20 7.60909e+20
19.6096 262.431 9.92788e+16 2.69631e+20 7.66204e+20
19.6496 277.749 9.92698e+16 4.26133e+20 8.15981e+20
19.6897 251.803 9.9196e+16 6.366e+20 7.68678e+20
19.7297 272.747 9.91737e+16 6.79711e+20 7.39165e+20
19.7698 252.428 9.91661e+16 5.6754e+20 7.721e+20
19.8098 253.053 9.90568e+16 4.03388e+20 8.75115e+20
19.8498 268.683 9.90343e+16 2.25135e+20 7.56717e+20
19.8899 248.364 9.89642e+16 1.51739e+20 7.35368e+20
19.9299 263.838 9.88985e+16 4.07845e+20 8.11754e+20
19.97 237.423 9.88102e+16 4.39534e+20 8.51728e+20
20.01 264.619 9.87861e+16 8.17166e+20 8.19385e+20
20.0501 258.992 9.87181e+16 6.47049e+20 7.58147e+20
20.0901 259.774 9.86236e+16 6.4868e+20 7.4035e+20
20.1301 254.303 9.86005e+16 3.42357e+20 8.56686e+20
20.1702 197.097 9.85006e+16 2.72322e+20 8.26877e+20
20.2102 255.241 9.84809e+16 1.45088e+20 7.60812e+20
20.2503 228.982 9.84307e+16 4.60449e+20 7.56782e+20
20.2903 250.24 9.83438e+16 4.20449e+20 9.02274e+20
20.3303 244.613 9.83522e+16 8.22004e+20 8.57152e+20
20.3704 250.552 9.8239e+16 5.78403e+20 7.91917e+20
20.4104 245.238 9.81649e+16 6.31556e+20 7.40418e+20
20.4505 224.606 9.80949e+16 3.02975e+20 8.87227e+20
20.4905 240.861 9.80521e+16 2.96107e+20 8.49354e+20
20.5305 220.855 9.79695e+16 1.65168e+20 7.61843e+20
20.5706 235.86 9.78967e+16 5.14541e+20 8.00611e+20
20.6106 229.92 9.78923e+16 4.67634e+20 8.52976e+20
20.6507 236.172 9.77843e+16 8.73927e+20 8.76182e+20
20.6907 230.858 9.77498e+16 6.49665e+20 7.90146e+20
20.7307 231.171 9.7706e+16 6.73251e+20 7.95322e+20
20.7708 225.856 9.76355e+16 3.77635e+20 8.8554e+20
20.8108 199.285 9.76487e+16 2.98025e+20 8.34796e+20
20.8509 226.794 9.75761e+16 1.86445e+20 7.78244e+20
20.8909 219.292 9.75382e+16 4.42467e+20 7.82052e+20
20.9309 221.48 9.75339e+16 4.57789e+20 8.95901e+20
20.971 215.853 9.74469e+16 7.68116e+20 7.88629e+20
21.011 221.793 9.74079e+16 6.95157e+20 7.98951e+20
21.0511 210.851 9.73571e+16 6.14576e+20 8.48531e+20
21.0911 216.635 9.73475e+16 4.75404e+20 9.33015e+20
21.1311 211.946 9.72859e+16 2.79699e+20 7.74831e+20
21.1712 211.789 9.72386e+16 2.78176e+20 8.40899e+20
21.2112 206.475 9.72407e+16 3.86656e+20 8.96864e+20
21.2513 168.65 9.71679e+16 5.81631e+20 9.28449e+20
21.2913 207.413 9.71537e+16 6.85735e+20 7.81869e+20
21.3313 163.648 9.71287e+16 9.03929e+20 9.05799e+20
21.3714 222.418 9.70817e+16 5.83126e+20 9.00378e+20
21.4114 195.846 9.71061e+16 6.80787e+20 9.34758e+20
21.4515 202.255 9.7052e+16 2.41815e+20 8.01233e+20
21.4915 190.845 9.70044e+16 3.72128e+20 9.63484e+20
21.5315 197.253 9.70012e+16 2.17522e+20 8.6892e+20
21.5716 198.347 9.694e+16 6.04556e+20 8.83484e+20
21.6116 192.095 9.69149e+16 4.82277e+20 9.00558e+20
21.6517 186.468 9.68511e+16 9.46489e+20 9.83915e+20
21.6917 192.095 9.68449e+16 5.53883e+20 8.53329e+20
21.7317 202.411 9.68158e+16 7.50632e+20 8.36993e+20
21.7718 178.966 9.67274e+16 3.29711e+20 9.63485e+20
21.8118 203.036 9.67354e+16 4.22639e+20 9.32611e+20
21.8519 183.03 9.66733e+16 2.49462e+20 8.25651e+20
21.8919 198.035 9.66278e+16 5.86586e+20 9.01302e+20
21.9319 177.715 9.66305e+16 5.7148e+20 9.80319e+20
21.972 198.347 9.65505e+16 8.652e+20 8.66439e+20
22.012 172.714 9.6546e+16 8.60731e+20 9.22874e+20
22.0521 193.033 9.65308e+16 6.6963e+20 9.7212e+20
22.0921 173.339 9.64292e+16 6.68769e+20 9.9771e+20
22.1321 193.346 9.64216e+16 2.88698e+20 7.87006e+20
22.1722 182.092 9.63588e+16 4.1041e+20 1.00426e+21
22.2122 188.031 9.6325e+16 2.65624e+20 9.7515e+20
22.2523 182.717 9.62749e+16 6.60578e+20 9.31966e+20
22.2923 183.03 9.62086e+16 5.16527e+20 9.22466e+20
22.3323 177.403 9.62242e+16 1.00085e+21 1.04868e+21
22.3724 161.773 9.6145e+16 6.12242e+20 9.66401e+20
22.4124 178.028 9.6095e+16 7.98185e+20 8.79581e+20
22.4525 169.9 9.60981e+16 4.3065e+20 9.81712e+20
22.4925 173.026 9.60276e+16 4.45294e+20 9.47918e+20
22.5325 165.211 9.60234e+16 3.50556e+20 9.05095e+20
22.5726 167.712 9.60127e+16 5.34429e+20 9.01372e+20
22.6126 151.144 9.59375e+16 7.12179e+20 1.04593e+21
22.6527 168.181 9.59569e+16 7.66249e+20 8.90812e+20
22.6927 145.83 9.59176e+16 1.08797e+21 1.09021e+21
22.7327 163.023 9.58515e+16 6.65721e+20 9.40157e+20
22.7728 155.52 9.58407e+16 8.88715e+20 1.02819e+21
22.8128 157.396 9.57874e+16 3.66334e+20 9.8195e+20
22.8529 118.477 9.57796e+16 5.18102e+20 1.09508e+21
22.8929 158.021 9.57324e+16 2.80044e+20 9.19388e+20
22.9329 154.27 9.56703e+16 6.16593e+20 8.72465e+20
22.973 152.394 9.56909e+16 5.91188e+20 1.07636e+21
23.013 153.801 9.56251e+16 8.35765e+20 8.84481e+20
23.0531 147.08 9.55809e+16 9.33723e+20 1.07947e+21
23.0931 148.643 9.55865e+16 6.64127e+20 9.99837e+20
23.1331 147.393 9.55245e+16 8.19651e+20 1.03785e+21
23.1732 148.018 9.55116e+16 3.53616e+20 9.46257e+20
23.2132 141.766 9.55133e+16 5.90762e+20 1.14757e+21
23.2533 143.329 9.54207e+16 3.38763e+20 1.01822e+21
23.2933 149.581 9.54171e+16 8.04939e+20 9.66956e+20
23.3333 137.858 9.53927e+16 7.04347e+20 1.12429e+21
23.3734 136.764 9.53164e+16 1.05011e+21 1.05142e+21
23.4134 133.013 9.52988e+16 1.07201e+21 1.07321e+21
23.4535 152.707 9.52387e+16 8.12976e+20 1.07705e+21
23.4935 132.388 9.52182e+16 9.48521e+20 1.19134e+21
23.5335 147.08 9.51995e+16 4.2497e+20 1.03364e+21
23.5736 127.386 9.51068e+16 6.42719e+20 1.20172e+21
23.6136 133.482 9.51109e+16 3.45731e+20 1.0987e+21
23.6537 127.542 9.5088e+16 7.49182e+20 9.8858e+20
23.6937 142.391 9.50174e+16 6.61535e+20 1.12145e+21
23.7337 135.826 9.50254e+16 9.28137e+20 9.90829e+20
23.7738 136.764 9.49935e+16 1.01893e+21 1.1733e+21
23.8138 130.356 9.49386e+16 7.20631e+20 1.06153e+21
23.8539 122.853 9.49624e+16 9.17945e+20 1.17227e+21
23.8939 116.289 9.49094e+16 4.1704e+20 1.11383e+21
23.9339 131.606 9.48459e+16 6.63521e+20 1.27242e+21
23.974 124.885 9.48576e+16 4.1829e+20 1.03801e+21
24.014 126.448 9.48016e+16 8.10184e+20 1.10795e+21
24.0541 109.88 9.47685e+16 8.65318e+20 1.29358e+21
24.0941 126.448 9.47423e+16 1.00991e+21 1.10822e+21
24.1341 104.566 9.4677e+16 1.34197e+21 1.3442e+21
24.1742 121.447 9.46846e+16 8.88263e+20 1.09378e+21
24.2142 113.632 9.46451e+16 1.19192e+21 1.19405e+21
24.2543 115.82 9.45669e+16 6.5461e+20 1.21012e+21
24.2943 113.319 9.45836e+16 7.44525e+20 1.17949e+21
24.3343 115.507 9.45466e+16 6.12063e+20 1.23876e+21
24.3744 108.005 9.44931e+16 6.57126e+20 1.24495e+21
24.4144 110.506 9.45038e+16 9.79188e+20 1.24882e+21
24.4545 110.818 9.44559e+16 7.92639e+20 1.13156e+21
24.4945 104.566 9.43982e+16 1.31307e+21 1.40828e+21
24.5345 105.191 9.44212e+16 8.79199e+20 1.25142e+21
24.5746 106.754 9.43581e+16 1.01624e+21 1.16894e+21
24.6146 105.191 9.42999e+16 7.98287e+20 1.35054e+21
24.6547 106.754 9.43013e+16 5.49568e+20 1.17116e+21
24.6947 99.5644 9.42472e+16 7.33503e+20 1.46067e+21
24.7347 101.127 9.42206e+16 5.05667e+20 1.25656e+21
24.7748 99.5644 9.41971e+16 1.06304e+21 1.2775e+21
24.8148 95.8131 9.41217e+16 8.82916e+20 1.3569e+21
24.8549 94.2501 9.41272e+16 1.33323e+21 1.33473e+21
24.8949 90.8115 9.41095e+16 1.36353e+21 1.40368e+21
24.9349 88.9358 9.40326e+16 1.08709e+21 1.31511e+21
24.975 89.8737 9.40378e+16 1.36424e+21 1.40385e+21
25.015 90.1863 9.40239e+16 7.67951e+20 1.38507e+21
25.0551 88.4669 9.39649e+16 1.02865e+21 1.46174e+21
25.0951 90.4989 9.39661e+16 7.97256e+20 1.4392e+21
25.1351 83.6216 9.39459e+16 9.53357e+20 1.32259e+21
25.1752 84.872 9.38663e+16 1.27198e+21 1.5285e+21
25.2152 82.9964 9.38719e+16 1.05942e+21 1.36577e+21
25.2553 79.2451 9.38539e+16 1.63241e+21 1.63519e+21
25.2953 81.5896 9.37807e+16 1.17386e+21 1.35547e+21
25.3353 87.6854 9.37693e+16 1.24913e+21 1.34093e+21
25.3754 72.3678 9.37368e+16 1.11711e+21 1.66866e+21
25.4154 82.0586 9.36864e+16 6.86799e+20 1.43718e+21
25.4555 73.3056 9.36865e+16 9.53938e+20 1.77702e+21
25.4955 72.0552 9.36227e+16 6.06734e+20 1.57379e+21
25.5355 82.6838 9.35721e+16 1.09745e+21 1.53504e+21
25.5756 66.741 9.35954e+16 1.0809e+21 1.7229e+21
25.6156 77.0569 9.35445e+16 1.24814e+21 1.51202e+21
25.6557 65.4905 9.34981e+16 1.66455e+21 1.82538e+21
25.6957 77.0569 9.3508e+16 1.18652e+21 1.58395e+21
25.7357 69.2418 9.34698e+16 1.57349e+21 1.58605e+21
25.7758 71.43 9.34191e+16 1.16913e+21 1.6504e+21
25.8158 69.2418 9.34308e+16 1.10592e+21 1.59458e+21
25.8559 65.8031 9.33859e+16 1.32305e+21 1.84889e+21
25.8959 71.1174 9.3321e+16 1.03366e+21 1.70191e+21
25.9359 64.8653 9.33324e+16 1.72568e+21 1.82839e+21
25.976 66.4284 9.33038e+16 1.52943e+21 1.72164e+21
26.016 59.2385 9.32469e+16 1.866e+21 1.86663e+21
26.0561 60.1763 9.32374e+16 2.14373e+21 2.14607e+21
26.0961 58.6133 9.31935e+16 1.58409e+21 1.85118e+21
26.1361 60.1763 9.31485e+16 1.9592e+21 1.96149e+21
26.1762 60.4889 9.31564e+16 1.3737e+21 1.75594e+21
26.2162 57.3628 9.30948e+16 1.25632e+21 1.76008e+21
26.2563 54.862 9.30462e+16 1.35457e+21 2.11601e+21
26.2963 56.425 9.30658e+16 9.87898e+20 1.97062e+21
26.3363 54.2368 9.30295e+16 1.5837e+21 2.05216e+21
26.3764 51.2671 9.29788e+16 1.35245e+21 1.96907e+21
26.4164 49.8603 9.29804e+16 1.66413e+21 2.04011e+21
26.4565 48.9225 9.29483e+16 1.92606e+21 2.45718e+21
26.4965 43.9209 9.28864e+16 1.44101e+21 2.3607e+21
26.5365 43.9209 9.28918e+16 1.86726e+21 2.35746e+21
26.5766 45.4839 9.28692e+16 1.38839e+21 2.1282e+21
26.6166 43.6083 9.28018e+16 1.40534e+21 2.19986e+21
26.6567 40.1696 9.27943e+16 1.67571e+21 2.58079e+21
26.6967 39.857 9.27872e+16 1.41103e+21 2.34568e+21
26.7367 39.857 9.27336e+16 2.26017e+21 2.37084e+21
26.7768 39.857 9.27142e+16 2.19192e+21 2.49517e+21
26.8168 37.6688 9.26883e+16 2.55158e+21 2.5516e+21
26.8569 33.6049 9.26263e+16 3.16712e+21 3.17036e+21
26.8969 32.6671 9.26286e+16 2.56337e+21 2.83525e+21
26.9369 33.2923 9.26134e+16 3.07457e+21 3.07653e+21
26.977 33.9175 9.25473e+16 2.73957e+21 2.73986e+21
27.017 32.0419 9.25382e+16 2.31567e+21 2.82507e+21
27.0571 33.6049 9.25399e+16 2.80478e+21 2.97675e+21
27.0971 30.7915 9.24869e+16 2.20764e+21 2.9797e+21
27.1371 29.2285 9.24544e+16 2.7167e+21 2.98868e+21
27.1772 24.852 9.2453e+16 2.93654e+21 3.57957e+21
27.2172 31.1041 9.23951e+16 2.62897e+21 3.04384e+21
27.2573 28.2907 9.23539e+16 3.39732e+21 3.40079e+21
27.2973 25.3209 9.23654e+16 2.8281e+21 3.13264e+21
27.3373 24.2268 9.23296e+16 2.74772e+21 3.36037e+21
27.3774 24.2268 9.22761e+16 2.88764e+21 3.808e+21
27.4174 24.5394 9.22728e+16 2.06043e+21 4.06999e+21
27.4575 22.6638 9.2252e+16 2.49914e+21 4.28988e+21
27.4975 19.8504 9.22017e+16 2.29602e+21 4.39829e+21
27.5375 17.6621 9.21938e+16 2.42796e+21 4.79115e+21
27.5776 18.5999 9.21587e+16 3.38944e+21 4.83344e+21
27.6176 18.9125 9.21044e+16 3.22194e+21 4.90109e+21
27.6577 16.4117 9.21121e+16 4.31976e+21 4.90739e+21
27.6977 14.8487 9.21009e+16 4.84273e+21 4.94054e+21
27.7377 15.1613 9.20459e+16 4.67803e+21 5.23438e+21
27.7778 14.5361 9.20269e+16 5.94959e+21 5.95328e+21
27.8178 13.9109 9.20271e+16 5.67679e+21 5.8645e+21
27.8579 12.6605 9.19771e+16 6.17789e+21 6.41231e+21
27.8979 9.22182 9.19384e+16 7.52909e+21 7.53141e+21
27.9379 9.22182 9.19393e+16 7.36768e+21 7.93796e+21
27.978 7.34619 9.18938e+16 9.26559e+21 9.26612e+21
28.018 6.72099 9.18441e+16 1.05324e+22 1.05336e+22
28.0581 5.47057 9.18498e+16 1.08685e+22 1.08938e+22
28.0981 4.84536 9.18365e+16 1.33422e+22 1.33469e+22
28.1381 4.84536 9.17798e+16 1.35365e+22 1.35365e+22
28.1782 4.84536 9.17603e+16 1.38628e+22 1.38628e+22
28.2182 4.53276 9.17484e+16 1.55782e+22 1.55831e+22
28.2583 4.84536 9.16965e+16 1.44863e+22 1.44863e+22
28.2983 5.00166 9.16811e+16 1.50356e+22 1.50356e+22
28.3383 5.15797 9.16695e+16 1.59542e+22 1.59559e+22
28.3784 5.15797 9.16154e+16 1.47352e+22 1.47983e+22
28.4184 5.00166 9.15963e+16 1.61833e+22 1.61833e+22
28.4585 4.84536 9.16061e+16 1.66079e+22 1.66079e+22
28.4985 4.84536 9.1574e+16 1.58396e+22 1.58396e+22
28.5385 4.53276 9.15264e+16 1.75718e+22 1.75756e+22
28.5786 4.53276 9.15213e+16 1.68889e+22 1.68889e+22
28.6186 4.53276 9.15018e+16 1.59848e+22 1.59848e+22
28.6587 4.22015 9.14471e+16 1.67906e+22 1.67957e+22
28.6987 4.84536 9.14332e+16 1.47606e+22 1.47606e+22
28.7387 5.15797 9.14304e+16 1.37259e+22 1.37259e+22
28.7788 5.47057 9.13821e+16 1.36478e+22 1.36508e+22
28.8188 5.78317 9.13449e+16 1.13518e+22 1.14183e+22
28.8589 6.40838 9.13537e+16 1.10171e+22 1.10171e+22
28.8989 6.40838 9.13292e+16 1.07483e+22 1.07497e+22
28.9389 6.09578 9.12734e+16 9.05157e+21 9.34522e+21
28.979 6.72099 9.12615e+16 9.42399e+21 9.42541e+21
29.019 6.40838 9.12371e+16 8.83171e+21 8.83331e+21
29.0591 11.41 9.11877e+16 7.44805e+21 7.59624e+21
29.0991 12.3479 9.11819e+16 7.69794e+21 7.70159e+21
29.1391 12.3479 9.11718e+16 6.46751e+21 6.46802e+21
29.1792 14.2235 9.11236e+16 5.22959e+21 5.50806e+21
29.2192 14.8487 9.10991e+16 5.18367e+21 5.21884e+21
29.2593 16.4117 9.11069e+16 3.86227e+21 5.07547e+21
29.2993 15.4739 9.10797e+16 3.31409e+21 4.83755e+21
29.3393 16.4117 9.10307e+16 3.40572e+21 4.88476e+21
29.3794 16.7243 9.10224e+16 2.58233e+21 4.86913e+21
29.4194 16.4117 9.10094e+16 2.84419e+21 4.50685e+21
29.4595 22.3512 9.09623e+16 2.97657e+21 4.30861e+21
29.4995 20.4756 9.09413e+16 2.4317e+21 4.41113e+21
29.5395 22.0386 9.09485e+16 2.89406e+21 4.19105e+21
29.5796 23.6016 9.09181e+16 2.66678e+21 3.67835e+21
29.6196 25.1646 9.08663e+16 2.15605e+21 3.65085e+21
29.6597 24.852 9.08632e+16 2.53111e+21 3.34543e+21
29.6997 27.0402 9.0855e+16 2.09554e+21 3.08661e+21
29.7397 27.3529 9.08003e+16 1.93611e+21 3.04071e+21
29.7798 28.7596 9.07765e+16 2.44504e+21 3.15302e+21
29.8198 28.6033 9.0766e+16 2.11553e+21 2.84678e+21
29.8599 34.2301 9.07196e+16 2.4287e+21 2.67173e+21
29.8999 34.2301 9.06941e+16 2.98364e+21 2.98598e+21
29.9399 33.9175 9.06997e+16 2.57795e+21 2.78721e+21
29.98 34.8553 9.06733e+16 2.933e+21 2.93363e+21
30.02 34.8553 9.06245e+16 3.1593e+21 3.16159e+21
30.0601 34.5427 9.06159e+16 2.48281e+21 2.74647e+21
30.1001 36.731 9.06158e+16 2.66847e+21 2.669e+21
30.1401 38.9192 9.05737e+16 2.59718e+21 2.59829e+21
30.1802 39.5444 9.05419e+16 1.9485e+21 2.54552e+21
30.2202 42.2015 9.05425e+16 2.2431e+21 2.30728e+21
30.2603 45.9528 9.05225e+16 2.16765e+21 2.16799e+21
30.3003 44.8587 9.04802e+16 1.79516e+21 2.32319e+21
30.3403 45.9528 9.04685e+16 2.28303e+21 2.28448e+21
30.3804 46.4217 9.04771e+16 2.16516e+21 2.16578e+21
30.4204 48.2973 9.04381e+16 1.84752e+21 2.10294e+21
30.4605 45.1713 9.03897e+16 2.23432e+21 2.23636e+21
30.5005 51.736 9.03897e+16 1.89643e+21 1.89697e+21
30.5405 49.5477 9.03712e+16 1.482e+21 2.08812e+21
30.5806 51.736 9.03218e+16 1.68808e+21 1.99798e+21
30.6206 51.736 9.03064e+16 1.27775e+21 1.94643e+21
30.6607 55.4872 9.02971e+16 1.02294e+21 1.95475e+21
30.7007 57.988 9.02534e+16 1.28894e+21 2.10033e+21
30.7407 56.425 9.02236e+16 1.01546e+21 1.92659e+21
30.7808 56.7376 9.02307e+16 1.06415e+21 1.83692e+21
30.8208 57.988 9.02121e+16 1.43854e+21 2.0096e+21
30.8609 56.425 9.01614e+16 1.18472e+21 1.85895e+21
30.9009 56.425 9.01464e+16 1.28938e+21 1.7694e+21
30.9409 54.5494 9.0149e+16 1.57003e+21 1.943e+21
30.981 62.0519 9.01179e+16 1.18155e+21 1.67201e+21
31.021 71.1174 9.0085e+16 1.19231e+21 1.50602e+21
31.0611 60.1763 9.00826e+16 1.35757e+21 1.61456e+21
31.1011 68.6166 9.00776e+16 9.70957e+20 1.58494e+21
31.1411 62.0519 9.00383e+16 1.07717e+21 1.62384e+21
31.1812 65.1779 9.00082e+16 1.30339e+21 1.61601e+21
31.2212 68.9292 9.00179e+16 1.04593e+21 1.59243e+21
31.2613 67.3662 9e+16 1.32631e+21 1.55673e+21
31.3013 67.6788 8.99464e+16 1.61663e+21 1.61817e+21
31.3413 69.2418 8.99291e+16 1.33329e+21 1.57177e+21
31.3814 71.7426 8.99258e+16 1.55361e+21 1.55395e+21
31.4214 67.3662 8.98871e+16 1.74701e+21 1.7489e+21
31.4615 73.9308 8.98548e+16 1.31239e+21 1.47097e+21
31.5015 73.6182 8.98539e+16 1.35082e+21 1.3697e+21
31.5415 75.3376 8.98332e+16 1.44979e+21 1.45105e+21
31.5816 79.2451 8.97848e+16 1.01638e+21 1.37731e+21
31.6216 80.1829 8.97702e+16 1.06083e+21 1.34834e+21
31.6617 82.0586 8.97781e+16 1.22107e+21 1.37687e+21
31.7017 81.4333 8.97469e+16 9.21235e+20 1.28221e+21
31.7417 81.1207 8.97073e+16 1.07583e+21 1.24635e+21
31.7818 82.9964 8.97033e+16 1.31206e+21 1.31341e+21
31.8218 86.5913 8.97003e+16 1.02962e+21 1.20462e+21
31.8619 87.0602 8.96713e+16 1.12274e+21 1.214e+21
31.9019 88.3106 8.96438e+16 1.30543e+21 1.34548e+21
31.9419 92.9997 8.96445e+16 9.41817e+20 1.21934e+21
31.982 86.7476 8.96389e+16 8.81962e+20 1.37171e+21
32.022 93.3123 8.95954e+16 9.97399e+20 1.22932e+21
32.0621 93.7812 8.95664e+16 6.68883e+20 1.22175e+21
32.1021 95.5005 8.9574e+16 6.27488e+20 1.21854e+21
32.1421 91.1241 8.95554e+16 8.04109e+20 1.30546e+21
32.1822 99.2518 8.9509e+16 6.05152e+20 1.17897e+21
32.2222 96.7509 8.94914e+16 6.78063e+20 1.17524e+21
32.2623 96.7509 8.94878e+16 9.50105e+20 1.25677e+21
32.3023 100.502 8.94544e+16 7.83546e+20 1.12375e+21
32.3423 103.316 8.94192e+16 8.1172e+20 1.14225e+21
32.3824 106.285 8.94179e+16 1.06578e+21 1.27706e+21
32.4224 107.379 8.94077e+16 8.46437e+20 1.04452e+21
32.4625 103.941 8.9362e+16 7.29849e+20 1.21918e+21
32.5025 107.067 8.93376e+16 9.24234e+20 1.08844e+21
32.5425 107.379 8.93454e+16 7.31329e+20 1.01259e+21
32.5826 110.506 8.93313e+16 6.00264e+20 9.95408e+20
32.6226 113.006 8.92974e+16 8.42768e+20 1.1505e+21
32.6627 116.445 8.92822e+16 7.63895e+20 9.68284e+20
32.7027 110.974 8.92829e+16 6.88353e+20 1.00667e+21
32.7427 119.884 8.92683e+16 1.01367e+21 1.09835e+21
32.7828 107.692 8.92341e+16 1.01141e+21 1.01181e+21
32.8228 117.695 8.9219e+16 8.55406e+20 1.04063e+21
32.8629 120.196 8.92243e+16 1.11494e+21 1.11583e+21
32.9029 108.317 8.91997e+16 1.12138e+21 1.12235e+21
32.9429 118.008 8.91555e+16 8.2151e+20 1.00487e+21
32.983 120.196 8.91447e+16 9.21351e+20 9.32865e+20
33.023 115.195 8.91465e+16 9.5601e+20 9.68684e+20
33.0631 118.008 8.9117e+16 6.52555e+20 9.6776e+20
33.1031 118.321 8.90809e+16 6.98049e+20 9.26161e+20
33.1431 116.132 8.90727e+16 8.32161e+20 9.82267e+20
33.1832 133.951 8.90633e+16 6.27923e+20 8.74686e+20
33.2232 119.884 8.90249e+16 6.86865e+20 9.07961e+20
33.2633 122.541 8.89982e+16 9.17577e+20 9.1857e+20
33.3033 131.137 8.90026e+16 7.60812e+20 8.87231e+20
33.3433 124.573 8.89887e+16 7.17354e+20 8.76457e+20
33.3834 123.01 8.89509e+16 9.33041e+20 9.71322e+20
33.4234 132.075 8.89351e+16 7.85389e+20 8.72225e+20
33.4635 130.512 8.89391e+16 5.85321e+20 8.49735e+20
33.5035 129.574 8.89293e+16 7.13872e+20 9.87854e+20
33.5435 132.7 8.89037e+16 6.30607e+20 8.535e+20
33.5836 135.514 8.88852e+16 4.09962e+20 8.84977e+20
33.6236 135.826 8.8884e+16 5.23648e+20 9.38619e+20
33.6637 138.484 8.88728e+16 5.60429e+20 8.84661e+20
33.7037 136.764 8.88367e+16 4.06404e+20 8.68759e+20
33.7437 137.077 8.88155e+16 5.50082e+20 8.6933e+20
33.7838 139.421 8.88198e+16 6.94739e+20 8.95179e+20
33.8238 143.642 8.88046e+16 5.44911e+20 8.32777e+20
33.8639 144.892 8.87644e+16 6.02598e+20 7.94562e+20
33.9039 145.986 8.87434e+16 7.77733e+20 9.40091e+20
33.9439 150.206 8.87443e+16 6.12194e+20 7.60572e+20
33.984 144.579 8.87271e+16 5.12561e+20 8.49773e+20
34.024 147.705 8.8691e+16 6.59643e+20 8.27052e+20
34.0641 150.831 8.86745e+16 5.59381e+20 7.78516e+20
34.1041 151.457 8.86725e+16 4.07211e+20 7.43772e+20
34.1441 153.645 8.86468e+16 5.62082e+20 8.04052e+20
34.1842 158.021 8.86141e+16 5.91266e+20 7.73654e+20
34.2242 159.272 8.86097e+16 4.61204e+20 7.61051e+20
34.2643 160.522 8.86115e+16 6.27873e+20 7.64422e+20
34.3043 158.647 8.85926e+16 7.79025e+20 7.81409e+20
34.3443 158.959 8.85695e+16 6.33422e+20 7.66228e+20
34.3844 162.085 8.856e+16 6.79466e+20 7.20165e+20
34.4244 163.961 8.85595e+16 8.68662e+20 8.69602e+20
34.4645 165.368 8.85482e+16 7.24195e+20 7.24358e+20
34.5045 167.399 8.85203e+16 5.83924e+20 7.47e+20
34.5445 172.089 8.85029e+16 7.1996e+20 7.47806e+20
34.5846 174.12 8.85025e+16 6.62821e+20 6.88483e+20
34.6246 168.962 8.8484e+16 4.60973e+20 7.39596e+20
34.6647 172.714 8.84465e+16 5.50795e+20 7.22405e+20
34.7047 173.026 8.84303e+16 6.27834e+20 7.45923e+20
34.7447 176.152 8.84333e+16 4.74656e+20 6.88296e+20
34.7848 179.278 8.84169e+16 5.2716e+20 7.10375e+20
34.8248 178.653 8.83816e+16 7.09763e+20 7.10542e+20
34.8649 177.403 8.83625e+16 6.12858e+20 6.43054e+20
34.9049 186.156 8.83616e+16 5.41871e+20 7.05111e+20
34.9449 179.904 8.83457e+16 7.09568e+20 7.1018e+20
34.985 183.342 8.83148e+16 6.78778e+20 6.79401e+20
35.025 187.093 8.83013e+16 4.81445e+20 6.90109e+20
35.0651 187.093 8.83007e+16 5.25678e+20 6.92301e+20
35.1051 190.22 8.82848e+16 5.71691e+20 6.76678e+20
35.1451 176.778 8.82616e+16 3.89226e+20 6.82336e+20
35.1852 187.719 8.8252e+16 3.49903e+20 6.48339e+20
35.2252 175.215 8.82522e+16 4.67754e+20 7.10879e+20
35.2653 191.157 8.82475e+16 3.9355e+20 6.42873e+20
35.3053 194.283 8.82294e+16 3.28831e+20 6.52443e+20
35.3453 180.998 8.82072e+16 4.8675e+20 6.91593e+20
35.3854 191.47 8.82006e+16 5.22064e+20 6.60102e+20
35.4254 184.593 8.81963e+16 4.04294e+20 6.80267e+20
35.4655 188.657 8.81692e+16 4.85351e+20 6.31979e+20
35.5055 182.404 8.81402e+16 5.9088e+20 7.32181e+20
35.5455 202.098 8.81351e+16 4.53878e+20 6.02119e+20
35.5856 190.22 8.81289e+16 3.84311e+20 6.0914e+20
35.6256 190.376 8.80986e+16 4.91256e+20 6.31137e+20
35.6657 208.976 8.80699e+16 4.3419e+20 5.78058e+20
35.7057 195.534 8.80653e+16 3.01956e+20 6.01065e+20
35.7457 196.628 8.80644e+16 3.87256e+20 6.16439e+20
35.7858 199.285 8.80429e+16 4.55072e+20 6.33853e+20
35.8258 202.88 8.80159e+16 3.52256e+20 5.81836e+20
35.8659 197.566 8.80073e+16 3.97276e+20 6.09774e+20
35.9059 206.788 8.80055e+16 5.63329e+20 6.06442e+20
35.9459 201.473 8.79894e+16 5.21569e+20 5.92256e+20
35.986 205.225 8.79698e+16 4.5042e+20 5.78275e+20
36.026 207.1 8.79625e+16 5.88681e+20 6.16637e+20
36.0661 207.413 8.79612e+16 6.3391e+20 6.34563e+20
36.1061 211.477 8.79542e+16 4.76626e+20 5.74155e+20
36.1461 206.162 8.79377e+16 4.66518e+20 5.96713e+20
36.1862 208.976 8.79198e+16 5.67017e+20 6.03169e+20
36.2262 212.414 8.79156e+16 4.68919e+20 5.60163e+20
36.2663 213.04 8.79152e+16 3.57206e+20 5.77812e+20
36.3063 215.853 8.78929e+16 4.57414e+20 5.82451e+20
36.3463 219.604 8.7862e+16 4.95973e+20 5.82309e+20
36.3864 220.855 8.78522e+16 3.83838e+20 5.63058e+20
36.4264 223.043 8.78471e+16 4.30173e+20 5.5686e+20
36.4665 220.542 8.78196e+16 5.75022e+20 5.82331e+20
36.5065 221.167 8.77905e+16 5.21188e+20 5.43578e+20
36.5465 223.981 8.77842e+16 4.43696e+20 5.45733e+20
36.5866 224.919 8.77818e+16 5.58547e+20 5.61213e+20
36.6266 227.419 8.77619e+16 5.98097e+20 5.98723e+20
36.6667 231.171 8.77376e+16 4.48376e+20 4.98708e+20
36.7067 224.606 8.77292e+16 4.13674e+20 5.96521e+20
36.7467 235.235 8.77302e+16 4.97197e+20 5.42533e+20
36.7868 238.048 8.77219e+16 4.20239e+20 5.23586e+20
36.8268 238.048 8.77042e+16 2.97678e+20 4.9932e+20
36.8669 235.86 8.7692e+16 3.56613e+20 5.3971e+20
36.9069 236.485 8.76891e+16 4.0461e+20 5.41576e+20
36.9469 239.611 8.7686e+16 3.08801e+20 5.22437e+20
36.987 242.737 8.76744e+16 3.10038e+20 5.28587e+20
37.027 242.737 8.7657e+16 4.33448e+20 5.53278e+20
37.0671 246.176 8.76469e+16 4.19813e+20 5.08922e+20
37.1071 249.927 8.76482e+16 3.34975e+20 5.17145e+20
37.1471 243.362 8.76398e+16 4.04745e+20 5.27486e+20
37.1872 226.169 8.76096e+16 4.75237e+20 5.76402e+20
37.2272 248.051 8.75856e+16 3.72932e+20 4.90213e+20
37.2673 251.49 8.75844e+16 3.07065e+20 5.1478e+20
37.3073 253.991 8.75753e+16 3.7983e+20 5.10308e+20
37.3473 255.71 8.75427e+16 3.64714e+20 4.66318e+20
37.3874 258.367 8.75178e+16 2.51851e+20 4.90343e+20
37.4274 258.055 8.75143e+16 2.68945e+20 4.6074e+20
37.4675 255.241 8.75057e+16 3.49191e+20 5.14809e+20
37.5075 266.182 8.74831e+16 3.0044e+20 4.43408e+20
37.5475 259.305 8.74671e+16 2.60843e+20 4.7736e+20
37.5876 244.3 8.74647e+16 3.68108e+20 4.94362e+20
37.6276 255.866 8.74629e+16 4.25096e+20 4.80098e+20
37.6677 267.433 8.74545e+16 3.4912e+20 4.54584e+20
37.7077 269.934 8.74422e+16 3.59888e+20 4.92595e+20
37.7477 253.053 8.74326e+16 4.67906e+20 4.86663e+20
37.7878 274.31 8.74292e+16 4.43438e+20 4.53507e+20
37.8278 266.808 8.74281e+16 3.38327e+20 4.66094e+20
37.8679 271.184 8.74185e+16 3.67934e+20 4.79236e+20
37.9079 255.71 8.74006e+16 4.28953e+20 4.78317e+20
37.9479 274.623 8.73885e+16 3.48125e+20 4.67455e+20
37.988 260.868 8.73876e+16 2.81153e+20 4.49373e+20
38.028 261.337 8.73785e+16 3.58586e+20 4.81426e+20
38.0681 264.307 8.73502e+16 3.95527e+20 4.68887e+20
38.1081 272.591 8.73261e+16 3.19104e+20 4.60477e+20
38.1481 268.996 8.73239e+16 3.33127e+20 4.41023e+20
38.1882 271.809 8.73183e+16 4.49218e+20 4.71855e+20
38.2282 266.339 8.72872e+16 4.51022e+20 4.51252e+20
38.2683 269.777 8.7257e+16 3.73595e+20 4.75804e+20
38.3083 272.434 8.72517e+16 4.20469e+20 4.34674e+20
38.3483 273.06 8.72493e+16 5.05772e+20 5.0627e+20
38.3884 276.811 8.72302e+16 4.42021e+20 4.4218e+20
38.4284 277.436 8.72121e+16 3.51516e+20 4.38877e+20
38.4685 279.937 8.72078e+16 3.95277e+20 4.49973e+20
38.5085 276.186 8.72056e+16 4.28641e+20 4.28981e+20
38.5485 278.686 8.71999e+16 3.33658e+20 4.19022e+20
38.5886 288.377 8.71941e+16 2.79354e+20 4.15554e+20
38.6286 282.438 8.71857e+16 3.4751e+20 4.26638e+20
38.6687 286.033 8.71761e+16 3.62049e+20 4.23439e+20
38.7087 288.846 8.71744e+16 2.85352e+20 3.98917e+20
38.7487 289.628 8.71737e+16 2.9636e+20 4.41455e+20
38.7888 292.597 8.71575e+16 3.89252e+20 4.27995e+20
38.8288 293.691 8.71339e+16 3.82377e+20 4.09189e+20
38.8689 296.505 8.71241e+16 3.11479e+20 4.06679e+20
38.9089 292.128 8.7122e+16 3.44935e+20 4.06967e+20
38.9489 294.317 8.71032e+16 4.13783e+20 4.39324e+20
38.989 296.192 8.70717e+16 3.61769e+20 4.04025e+20
39.029 298.537 8.70545e+16 2.80317e+20 3.96179e+20
39.0691 301.038 8.70519e+16 3.08087e+20 4.39509e+20
39.1091 302.913 8.70361e+16 3.40505e+20 4.10037e+20
39.1491 306.196 8.70044e+16 2.67987e+20 3.98521e+20
39.1892 308.696 8.69854e+16 2.13438e+20 3.98055e+20
39.2292 309.322 8.69854e+16 2.63689e+20 4.12606e+20
39.2693 305.883 8.69793e+16 2.88976e+20 4.09229e+20
39.3093 307.759 8.69608e+16 2.31258e+20 4.00071e+20
39.3493 310.885 8.69493e+16 2.27431e+20 3.89436e+20
39.3894 311.51 8.69484e+16 3.071e+20 4.15825e+20
39.4294 314.323 8.69447e+16 3.2423e+20 4.04889e+20
39.4695 314.011 8.69392e+16 2.67133e+20 4.05503e+20
39.5095 318.856 8.69371e+16 2.79485e+20 3.81231e+20
39.5495 312.135 8.69286e+16 3.50436e+20 4.2632e+20
39.5896 315.574 8.69129e+16 3.35711e+20 4.03758e+20
39.6296 326.202 8.69067e+16 2.6161e+20 3.74336e+20
39.6697 319.95 8.69058e+16 2.68135e+20 4.07407e+20
39.7097 324.014 8.6885e+16 3.1762e+20 3.7795e+20
39.7497 326.671 8.68499e+16 2.82808e+20 3.78931e+20
39.7898 328.391 8.68326e+16 2.19034e+20 3.60584e+20
39.8298 330.891 8.68297e+16 2.46848e+20 3.67878e+20
39.8699 331.204 8.68083e+16 3.00595e+20 3.82769e+20
39.9099 334.33 8.67683e+16 2.71612e+20 3.79567e+20
39.9499 329.016 8.67437e+16 2.37993e+20 3.72976e+20
39.99 331.517 8.67392e+16 2.97615e+20 3.87891e+20
40.03 333.08 8.67263e+16 3.58111e+20 3.72681e+20
40.0701 336.206 8.66991e+16 3.24626e+20 3.66126e+20
40.1101 339.644 8.66812e+16 2.93687e+20 3.59731e+20
40.1502 340.895 8.66793e+16 3.51372e+20 3.7905e+20
40.1902 343.708 8.66741e+16 3.93254e+20 3.93603e+20
40.2302 346.209 8.66614e+16 3.37231e+20 3.53869e+20
40.2703 348.085 8.66553e+16 2.89719e+20 3.55252e+20
40.3103 341.52 8.66548e+16 3.29451e+20 3.62288e+20
40.3504 345.271 8.66467e+16 3.52804e+20 3.53037e+20
40.3904 347.147 8.66356e+16 2.91221e+20 3.55507e+20
40.4304 349.335 8.66344e+16 2.51514e+20 3.54268e+20
40.4705 350.898 8.66302e+16 2.98245e+20 3.56415e+20
40.5105 352.774 8.66058e+16 3.26928e+20 3.60438e+20
40.5506 357.15 8.65785e+16 2.80193e+20 3.4431e+20
40.5906 349.335 8.6569e+16 2.63074e+20 3.48063e+20
40.6306 361.214 8.65555e+16 3.2628e+20 3.5605e+20
40.6707 335.893 8.65138e+16 3.60943e+20 3.61211e+20
40.7107 365.59 8.64686e+16 3.15424e+20 3.31343e+20
40.7508 340.269 8.64505e+16 2.95068e+20 3.52818e+20
40.7908 362.152 8.64366e+16 3.48697e+20 3.50616e+20
40.8308 344.49 8.63949e+16 3.70614e+20 3.70893e+20
40.8709 367.31 8.63486e+16 3.10481e+20 3.19229e+20
40.9109 349.96 8.63322e+16 2.70912e+20 3.46058e+20
40.951 351.836 8.63281e+16 3.04267e+20 3.48711e+20
40.991 354.18 8.63049e+16 3.15579e+20 3.33175e+20
41.031 354.649 8.62769e+16 2.56512e+20 3.35063e+20
41.0711 352.461 8.627e+16 2.1983e+20 3.32022e+20
41.1111 381.846 8.62695e+16 2.55186e+20 3.28724e+20
41.1512 356.212 8.62546e+16 2.75806e+20 3.33376e+20
41.1912 357.619 8.62391e+16 2.34219e+20 3.37317e+20
41.2312 360.901 8.62376e+16 2.14199e+20 3.2769e+20
41.2713 361.995 8.62286e+16 2.61535e+20 3.51095e+20
41.3113 365.278 8.61981e+16 2.92353e+20 3.34112e+20
41.3514 368.091 8.61709e+16 2.56734e+20 3.23498e+20
41.3914 369.654 8.61618e+16 2.33291e+20 3.21192e+20
41.4314 364.653 8.61411e+16 2.72475e+20 3.40512e+20
41.4715 366.528 8.60881e+16 2.9798e+20 3.50785e+20
41.5115 370.592 8.60347e+16 2.55347e+20 3.08007e+20
41.5516 371.53 8.60095e+16 2.15865e+20 3.18682e+20
41.5916 373.718 8.59845e+16 2.37686e+20 3.20343e+20
41.6316 375.281 8.59272e+16 2.5795e+20 3.17674e+20
41.6717 378.095 8.58634e+16 2.19289e+20 3.15277e+20
41.7117 380.283 8.58307e+16 1.81305e+20 3.15467e+20
41.7518 382.94 8.58109e+16 2.04091e+20 2.97557e+20
41.7918 385.284 8.5768e+16 2.34816e+20 3.16496e+20
41.8318 387.785 8.57181e+16 2.12968e+20 2.95808e+20
41.8719 389.348 8.56964e+16 1.87256e+20 3.09772e+20
41.9119 384.659 8.56876e+16 2.19052e+20 3.11355e+20
41.952 387.473 8.56585e+16 2.62223e+20 3.15148e+20
41.992 389.661 8.56223e+16 2.50079e+20 2.9797e+20
42.032 391.537 8.56095e+16 2.20651e+20 3.03833e+20
42.0721 393.725 8.56008e+16 2.42407e+20 2.87069e+20
42.1121 394.975 8.55624e+16 2.83042e+20 3.18419e+20
42.1522 397.32 8.55128e+16 2.70191e+20 3.0103e+20
42.1922 399.977 8.54858e+16 2.27283e+20 2.83928e+20
42.2322 394.975 8.54589e+16 2.28708e+20 3.04759e+20
42.2723 397.32 8.53929e+16 2.61885e+20 2.95572e+20
42.3123 399.039 8.531e+16 2.54736e+20 3.00811e+20
42.3524 401.852 8.52544e+16 2.12707e+20 2.9094e+20
42.3924 405.135 8.52087e+16 2.08173e+20 2.94731e+20
42.4324 406.854 8.51271e+16 2.45886e+20 2.93224e+20
42.4725 409.042 8.50255e+16 2.56341e+20 2.90263e+20
42.5125 410.605 8.49562e+16 2.26667e+20 2.95745e+20
42.5526 412.794 8.49128e+16 2.23365e+20 2.99032e+20
42.5926 407.167 8.4846e+16 2.66983e+20 3.08905e+20
42.6326 410.293 8.4758e+16 2.92507e+20 2.97668e+20
42.6727 412.794 8.46977e+16 2.68164e+20 2.88264e+20
42.7127 414.669 8.46692e+16 2.51633e+20 2.89282e+20
42.7528 415.92 8.4626e+16 2.82797e+20 2.99008e+20
42.7928 417.483 8.45597e+16 3.10486e+20 3.10658e+20
42.8328 421.546 8.45108e+16 2.85706e+20 2.85795e+20
42.8729 424.047 8.44863e+16 2.499e+20 2.83315e+20
42.9129 426.548 8.44425e+16 2.58933e+20 2.72319e+20
42.953 427.799 8.4368e+16 2.84313e+20 2.84463e+20
42.993 431.081 8.43035e+16 2.68355e+20 2.74317e+20
43.033 432.488 8.42602e+16 2.2929e+20 2.76172e+20
43.0731 433.269 8.41922e+16 2.27521e+20 2.78087e+20
43.1131 430.299 8.40811e+16 2.57545e+20 2.7165e+20
43.1532 432.8 8.39746e+16 2.60586e+20 2.71376e+20
43.1932 434.207 8.39005e+16 2.31504e+20 2.68726e+20
43.2332 435.614 8.38141e+16 2.2587e+20 2.80543e+20
43.2733 437.802 8.36799e+16 2.58688e+20 2.70835e+20
43.3133 440.928 8.35418e+16 2.77443e+20 2.77549e+20
43.3534 443.741 8.34484e+16 2.55218e+20 2.55918e+20
43.3934 445.148 8.33687e+16 2.36607e+20 2.64688e+20
43.4334 448.118 8.32519e+16 2.56244e+20 2.64376e+20
43.4735 449.681 8.31226e+16 2.7794e+20 2.78066e+20
43.5135 452.182 8.30353e+16 2.59331e+20 2.60067e+20
43.5536 447.336 8.29753e+16 2.2591e+20 2.51679e+20
43.5936 450.306 8.2888e+16 2.24719e+20 2.58359e+20
43.6336 451.869 8.27801e+16 2.43084e+20 2.59638e+20
43.6737 453.432 8.27026e+16 2.34552e+20 2.62452e+20
43.7137 454.995 8.26489e+16 2.01499e+20 2.61323e+20
43.7538 457.652 8.25627e+16 1.90039e+20 2.60965e+20
43.7938 459.997 8.24409e+16 2.0901e+20 2.59284e+20
43.8338 461.56 8.23383e+16 2.17091e+20 2.55111e+20
43.8739 454.995 8.22611e+16 1.96676e+20 2.64269e+20
43.9139 458.434 8.21497e+16 1.8325e+20 2.56278e+20
43.954 459.84 8.19864e+16 2.0157e+20 2.73783e+20
43.994 460.778 8.18307e+16 2.2226e+20 2.69167e+20
44.034 443.429 8.17145e+16 2.13131e+20 2.52729e+20
44.0741 468.75 8.15863e+16 1.93926e+20 2.5815e+20
44.1141 468.75 8.14069e+16 1.99965e+20 2.54834e+20
44.1542 448.899 8.12237e+16 2.20657e+20 2.71272e+20
44.1942 445.304 8.10894e+16 2.18657e+20 2.66277e+20
44.2342 456.246 8.09735e+16 1.94082e+20 2.52287e+20
44.2743 468.75 8.08222e+16 1.83394e+20 2.50297e+20
44.3143 459.372 8.06575e+16 1.96754e+20 2.46498e+20
44.3544 455.62 8.05365e+16 2.02723e+20 2.52321e+20
44.3944 457.809 8.04479e+16 1.84037e+20 2.48155e+20
44.4344 459.215 8.03342e+16 1.66897e+20 2.55767e+20
44.4745 460.935 8.01936e+16 1.75693e+20 2.40466e+20
44.5145 463.123 8.00791e+16 1.92248e+20 2.40463e+20
44.5546 466.093 7.99967e+16 1.88249e+20 2.34577e+20
44.5946 467.499 7.98902e+16 1.73724e+20 2.44351e+20
44.6346 462.498 7.97395e+16 1.7839e+20 2.45227e+20
44.6747 465.624 7.95936e+16 2.00642e+20 2.40689e+20
44.7147 467.187 7.94797e+16 2.09887e+20 2.43597e+20
44.7548 468.75 7.93517e+16 1.981e+20 2.33199e+20
44.7948 468.75 7.91716e+16 1.91989e+20 2.34174e+20
44.8348 468.75 7.89785e+16 2.07175e+20 2.35672e+20
44.8749 468.437 7.88223e+16 2.21857e+20 2.41053e+20
44.9149 468.75 7.86783e+16 2.1382e+20 2.34406e+20
44.955 468.75 7.84951e+16 1.97052e+20 2.31238e+20
44.995 468.75 7.82886e+16 1.98094e+20 2.26317e+20
45.035 468.75 7.81183e+16 2.12382e+20 2.23883e+20
45.0751 468.437 7.79868e+16 2.13355e+20 2.29065e+20
45.1151 468.75 7.784e+16 1.97354e+20 2.3286e+20
45.1552 468.75 7.76645e+16 1.8942e+20 2.2912e+20
45.1952 464.998 7.75103e+16 2.01798e+20 2.34872e+20
45.2352 466.561 7.74016e+16 2.1461e+20 2.2604e+20
45.2753 467.812 7.72936e+16 2.09362e+20 2.30658e+20
45.3153 468.75 7.71507e+16 1.99107e+20 2.32031e+20
45.3554 464.998 7.70052e+16 2.06039e+20 2.36391e+20
45.3954 465.936 7.68946e+16 2.24605e+20 2.40756e+20
45.4354 467.968 7.67905e+16 2.30686e+20 2.33014e+20
45.4755 468.75 7.6646e+16 2.20532e+20 2.29821e+20
45.5155 468.75 7.64761e+16 2.15743e+20 2.27883e+20
45.5556 468.75 7.63299e+16 2.27604e+20 2.34456e+20
45.5956 468.75 7.62028e+16 2.38841e+20 2.39578e+20
45.6356 468.75 7.60441e+16 2.32054e+20 2.3207e+20
45.6757 468.75 7.58483e+16 2.17326e+20 2.28022e+20
45.7157 468.75 7.56672e+16 2.15672e+20 2.23004e+20
45.7558 468.75 7.55252e+16 2.25529e+20 2.2556e+20
45.7958 468.75 7.53808e+16 2.26624e+20 2.2667e+20
45.8358 468.75 7.5203e+16 2.1312e+20 2.2352e+20
45.8759 468.75 7.50269e+16 2.02665e+20 2.2137e+20
45.9159 468.75 7.48963e+16 2.08024e+20 2.19897e+20
45.956 468.75 7.47912e+16 2.17364e+20 2.17434e+20
45.996 468.75 7.46656e+16 2.14037e+20 2.14039e+20
46.036 468.75 7.45254e+16 2.02833e+20 2.13848e+20
46.0761 461.247 7.44146e+16 2.01595e+20 2.21003e+20
46.1161 458.277 7.43356e+16 2.12471e+20 2.17254e+20
46.1562 468.75 7.42443e+16 2.18692e+20 2.21246e+20
46.1962 468.75 7.41237e+16 2.11249e+20 2.16321e+20
46.2362 468.75 7.40087e+16 2.02208e+20 2.10425e+20
46.2763 467.03 7.39212e+16 2.04881e+20 2.11747e+20
46.3163 468.75 7.38291e+16 2.13077e+20 2.13145e+20
46.3564 468.75 7.37006e+16 2.11232e+20 2.12585e+20
46.3964 468.75 7.35585e+16 1.98888e+20 2.11364e+20
46.4364 468.75 7.34416e+16 1.90868e+20 2.06261e+20
46.4765 468.75 7.33404e+16 1.94003e+20 2.04862e+20
46.5165 468.75 7.32154e+16 1.97361e+20 2.02437e+20
46.5566 468.75 7.30661e+16 1.90012e+20 2.06521e+20
46.5966 468.75 7.29346e+16 1.78202e+20 2.05938e+20
46.6366 444.992 7.28381e+16 1.75131e+20 2.12195e+20
46.6767 468.437 7.27445e+16 1.80673e+20 2.09514e+20
46.7167 468.75 7.26294e+16 1.82298e+20 2.04234e+20
46.7568 431.706 7.25161e+16 1.74755e+20 2.06824e+20
46.7968 455.308 7.2435e+16 1.67837e+20 2.06759e+20
46.8368 456.558 7.23727e+16 1.7058e+20 2.11946e+20
46.8769 457.496 7.22955e+16 1.77383e+20 2.12304e+20
46.9169 432.8 7.22044e+16 1.76898e+20 2.07887e+20
46.957 454.683 7.21283e+16 1.6937e+20 2.08613e+20
46.997 464.373 7.20711e+16 1.65556e+20 2.05174e+20
47.037 457.183 7.20023e+16 1.69944e+20 2.08902e+20
47.0771 440.928 7.19078e+16 1.74129e+20 2.11567e+20
47.1171 463.748 7.18112e+16 1.69957e+20 2.07408e+20
47.1572 464.998 7.17333e+16 1.61876e+20 2.08536e+20
47.1972 466.249 7.16556e+16 1.59882e+20 2.0433e+20
47.2372 442.804 7.15523e+16 1.6427e+20 2.04579e+20
47.2773 443.116 7.14342e+16 1.65849e+20 2.06418e+20
47.3173 464.061 7.13334e+16 1.6025e+20 2.00864e+20
47.3574 464.686 7.12527e+16 1.54373e+20 2.02294e+20
47.3974 449.368 7.1164e+16 1.55793e+20 1.98797e+20
47.4374 451.244 7.10573e+16 1.61377e+20 2.00565e+20
47.4775 452.494 7.09578e+16 1.62436e+20 2.00716e+20
47.5175 453.745 7.08854e+16 1.57891e+20 1.95331e+20
47.5576 454.057 7.08236e+16 1.55481e+20 1.96655e+20
47.5976 460.153 7.07475e+16 1.59951e+20 1.99165e+20
47.6376 461.56 7.06643e+16 1.65867e+20 2.03967e+20
47.6777 462.81 7.05978e+16 1.65948e+20 2.01466e+20
47.7177 463.435 7.05465e+16 1.61839e+20 1.95257e+20
47.7578 462.498 7.04836e+16 1.61249e+20 1.9112e+20
47.7978 462.81 7.03999e+16 1.66411e+20 1.9204e+20
47.8378 463.748 7.03167e+16 1.70874e+20 1.93262e+20
47.8779 464.998 7.02486e+16 1.69255e+20 1.96582e+20
47.9179 468.437 7.01769e+16 1.65168e+20 1.93059e+20
47.958 468.75 7.00795e+16 1.65748e+20 1.91711e+20
47.998 468.75 6.99672e+16 1.71054e+20 1.92153e+20
48.038 468.75 6.98685e+16 1.74367e+20 1.90858e+20
48.0781 468.75 6.97846e+16 1.7212e+20 1.89071e+20
48.1181 468.75 6.96899e+16 1.69142e+20 1.93497e+20
48.1582 468.75 6.95747e+16 1.71312e+20 1.93569e+20
48.1982 468.75 6.94629e+16 1.76984e+20 1.89964e+20
48.2382 468.75 6.93756e+16 1.79603e+20 1.86069e+20
48.2783 468.75 6.92997e+16 1.77239e+20 1.86136e+20
48.3183 468.75 6.92106e+16 1.7518e+20 1.85603e+20
48.3584 468.75 6.91114e+16 1.78044e+20 1.87587e+20
48.3984 468.75 6.90263e+16 1.83142e+20 1.89567e+20
48.4384 468.75 6.89599e+16 1.84415e+20 1.88965e+20
48.4785 468.75 6.88886e+16 1.81326e+20 1.90434e+20
48.5185 468.75 6.87969e+16 1.79335e+20 1.8835e+20
48.5586 468.75 6.86998e+16 1.82001e+20 1.86494e+20
48.5986 468.75 6.86158e+16 1.8608e+20 1.88546e+20
48.6386 468.75 6.85345e+16 1.86233e+20 1.89214e+20
48.6787 468.75 6.84322e+16 1.82869e+20 1.92134e+20
48.7187 468.75 6.83085e+16 1.81333e+20 1.90664e+20
48.7588 468.75 6.81875e+16 1.8423e+20 1.86481e+20
48.7988 468.75 6.80804e+16 1.87891e+20 1.88488e+20
48.8388 468.75 6.79692e+16 1.87659e+20 1.87937e+20
48.8789 468.75 6.7837e+16 1.8455e+20 1.87821e+20
48.9189 468.75 6.76962e+16 1.83457e+20 1.87291e+20
48.959 468.75 6.75715e+16 1.86196e+20 1.86207e+20
48.999 468.75 6.74643e+16 1.88976e+20 1.88993e+20
49.039 468.75 6.73531e+16 1.87807e+20 1.87841e+20
49.0791 468.75 6.7229e+16 1.83964e+20 1.84622e+20
49.1191 468.75 6.71095e+16 1.8203e+20 1.82855e+20
49.1592 468.75 6.70105e+16 1.83436e+20 1.84871e+20
49.1992 468.75 6.69215e+16 1.84476e+20 1.84674e+20
49.2392 468.75 6.68223e+16 1.81893e+20 1.81919e+20
49.2793 468.75 6.67124e+16 1.77152e+20 1.80464e+20
49.3193 468.75 6.66098e+16 1.7457e+20 1.79486e+20
49.3594 468.75 6.652e+16 1.75211e+20 1.78404e+20
49.3994 468.75 6.64258e+16 1.75711e+20 1.81228e+20
49.4394 468.75 6.63128e+16 1.73212e+20 1.8138e+20
49.4795 468.75 6.6191e+16 1.69254e+20 1.77569e+20
49.5195 468.75 6.60786e+16 1.67588e+20 1.77858e+20
49.5596 468.75 6.5974e+16 1.68964e+20 1.78558e+20
49.5996 468.75 6.58595e+16 1.7025e+20 1.75633e+20
49.6396 468.75 6.57292e+16 1.68663e+20 1.72634e+20
49.6797 468.75 6.55996e+16 1.65644e+20 1.7204e+20
49.7197 468.75 6.54868e+16 1.645e+20 1.71666e+20
49.7598 468.75 6.53842e+16 1.65788e+20 1.73189e+20
49.7998 468.75 6.52752e+16 1.66534e+20 1.72446e+20
49.8398 468.75 6.51594e+16 1.64307e+20 1.70072e+20
49.8799 468.75 6.50536e+16 1.60411e+20 1.72122e+20
49.9199 468.75 6.49666e+16 1.5792e+20 1.74345e+20
49.96 468.75 6.48868e+16 1.57529e+20 1.7338e+20
50 468.75 6.47996e+16 1.56689e+20 1.72857e+20
