#S 1 scored data
#N 5
#L  distance  fwhm  total_intensity  on_axis_intensity  peak_intensity
10 359.651 1.21188e+19 5.38022e+22 7.70896e+22
10.04 330.891 1.21271e+19 2.26132e+22 8.33499e+22
10.0801 289.628 1.21353e+19 3.49844e+22 8.45178e+22
10.1201 351.523 1.2142e+19 6.62933e+22 7.44901e+22
10.1602 323.076 1.21437e+19 4.78854e+22 7.3306e+22
10.2002 368.091 1.21435e+19 1.3905e+22 8.04578e+22
10.2402 317.762 1.21451e+19 3.56945e+22 7.65684e+22
10.2803 341.52 1.21515e+19 5.7983e+22 7.78555e+22
10.3203 338.394 1.21579e+19 1.37709e+22 7.54007e+22
10.3604 336.206 1.21613e+19 1.4992e+22 6.87192e+22
10.4004 391.068 1.21618e+19 5.63709e+22 6.94745e+22
10.4404 342.145 1.21617e+19 4.74286e+22 7.11491e+22
10.4805 342.458 1.21627e+19 8.05055e+21 7.57814e+22
10.5205 339.644 1.21667e+19 4.36196e+22 7.5472e+22
10.5606 271.184 1.21693e+19 9.20737e+22 9.34792e+22
10.6006 304.633 1.21714e+19 4.8361e+22 8.0914e+22
10.6406 253.678 1.2172e+19 7.24903e+21 9.56079e+22
10.6807 328.703 1.21717e+19 5.94578e+22 8.65891e+22
10.7207 272.747 1.21722e+19 9.28919e+22 9.58108e+22
10.7608 309.947 1.21728e+19 2.97806e+22 8.36603e+22
10.8008 293.691 1.21752e+19 7.63751e+21 8.60708e+22
10.8408 317.918 1.21762e+19 6.79163e+22 7.72547e+22
10.8809 358.4 1.21753e+19 7.96759e+22 8.48115e+22
10.9209 334.017 1.21741e+19 1.58542e+22 7.97031e+22
10.961 353.243 1.21731e+19 1.88198e+22 8.67175e+22
11.001 255.241 1.2173e+19 9.53775e+22 9.62548e+22
11.041 300.881 1.21732e+19 7.61195e+22 8.26374e+22
11.0811 273.997 1.21718e+19 7.29338e+21 9.79158e+22
11.1211 298.381 1.21698e+19 3.33419e+22 7.91687e+22
11.1612 268.683 1.21677e+19 9.23855e+22 9.25872e+22
11.2012 292.597 1.21649e+19 6.84023e+22 8.58997e+22
11.2412 241.174 1.21646e+19 6.91318e+21 9.68709e+22
11.2813 213.977 1.2162e+19 4.04866e+22 9.89789e+22
11.3213 259.93 1.21589e+19 9.76994e+22 9.94431e+22
11.3614 232.577 1.21567e+19 4.73178e+22 1.01073e+23
11.4014 241.799 1.21526e+19 6.73421e+21 9.61913e+22
11.4414 275.717 1.21498e+19 5.63644e+22 9.13545e+22
11.4815 287.752 1.21478e+19 7.7347e+22 8.88787e+22
11.5215 257.742 1.21443e+19 3.06918e+22 8.75195e+22
11.5616 255.241 1.21414e+19 1.44061e+22 8.87824e+22
11.6016 279.624 1.21383e+19 6.64125e+22 8.79514e+22
11.6416 251.959 1.21341e+19 8.2942e+22 9.51606e+22
11.6817 224.45 1.21309e+19 2.40084e+22 9.35e+22
11.7217 245.863 1.21284e+19 2.07708e+22 9.75228e+22
11.7618 206.319 1.21248e+19 8.82079e+22 9.81848e+22
11.8018 228.045 1.21217e+19 8.06714e+22 9.54375e+22
11.8418 223.981 1.21193e+19 1.53169e+22 9.67851e+22
11.8819 234.609 1.21154e+19 2.74114e+22 9.50125e+22
11.9219 251.49 1.21125e+19 8.4327e+22 9.20519e+22
11.962 243.675 1.21105e+19 6.78532e+22 9.03552e+22
12.002 229.295 1.2107e+19 1.26361e+22 9.41634e+22
12.042 225.856 1.2104e+19 2.8683e+22 9.44658e+22
12.0821 247.739 1.21019e+19 7.73575e+22 9.43989e+22
12.1221 258.992 1.2099e+19 5.39155e+22 9.28354e+22
12.1622 244.3 1.20964e+19 8.87163e+21 9.87424e+22
12.2022 240.861 1.20945e+19 3.8262e+22 9.29731e+22
12.2422 222.418 1.20921e+19 7.58435e+22 9.52452e+22
12.2823 248.989 1.20894e+19 4.1148e+22 8.92103e+22
12.3223 245.238 1.20875e+19 9.50716e+21 9.74657e+22
12.3624 241.487 1.20857e+19 4.84925e+22 9.24859e+22
12.4024 242.112 1.20834e+19 7.89979e+22 9.12967e+22
12.4424 238.673 1.20812e+19 4.03262e+22 9.28044e+22
12.4825 235.547 1.20799e+19 1.22224e+22 9.15379e+22
12.5225 235.547 1.20778e+19 5.43604e+22 9.37404e+22
12.5626 232.421 1.20758e+19 8.54306e+22 9.20231e+22
12.6026 228.67 1.20751e+19 4.3567e+22 9.67367e+22
12.6426 228.67 1.20737e+19 1.58618e+22 9.08021e+22
12.6827 224.919 1.20712e+19 6.35865e+22 1.00034e+23
12.7227 232.108 1.20699e+19 9.11754e+22 9.39218e+22
12.7628 228.045 1.20694e+19 4.2118e+22 1.04343e+23
12.8028 253.991 1.20675e+19 1.98405e+22 9.64014e+22
12.8428 225.231 1.20661e+19 7.52536e+22 1.03111e+23
12.8829 251.49 1.20657e+19 9.74834e+22 9.8473e+22
12.9229 247.426 1.20642e+19 4.16713e+22 1.00909e+23
12.963 248.676 1.20626e+19 2.30726e+22 9.9145e+22
13.003 254.303 1.20625e+19 8.0035e+22 9.76094e+22
13.043 255.241 1.20624e+19 9.70153e+22 9.90404e+22
13.0831 251.803 1.20611e+19 4.20346e+22 9.91693e+22
13.1231 252.428 1.20602e+19 2.78307e+22 9.98148e+22
13.1632 248.989 1.20602e+19 8.17923e+22 1.00528e+23
13.2032 248.989 1.20596e+19 9.46896e+22 9.87426e+22
13.2432 245.863 1.20592e+19 4.1978e+22 9.56852e+22
13.2833 242.268 1.20595e+19 2.9961e+22 9.6737e+22
13.3233 247.739 1.20597e+19 8.21198e+22 9.75261e+22
13.3634 248.52 1.2059e+19 9.50668e+22 9.5761e+22
13.4034 244.925 1.20586e+19 4.50775e+22 9.20505e+22
13.4434 245.55 1.20593e+19 3.14945e+22 9.5568e+22
13.4835 241.955 1.20599e+19 7.81527e+22 9.58813e+22
13.5235 242.112 1.20601e+19 9.05974e+22 9.50059e+22
13.5636 238.986 1.20604e+19 4.57664e+22 9.4158e+22
13.6036 235.235 1.20605e+19 3.39591e+22 9.23847e+22
13.6436 235.547 1.20606e+19 7.77002e+22 8.95168e+22
13.6837 231.952 1.20611e+19 8.9893e+22 9.01906e+22
13.7237 227.732 1.2062e+19 4.73292e+22 9.14828e+22
13.7638 228.357 1.20626e+19 3.34188e+22 8.92803e+22
13.8038 220.23 1.20624e+19 7.29759e+22 9.15002e+22
13.8438 220.542 1.20624e+19 8.66291e+22 8.84043e+22
13.8839 217.103 1.20626e+19 4.88639e+22 9.37186e+22
13.9239 213.665 1.2063e+19 3.54538e+22 8.89975e+22
13.964 213.977 1.20638e+19 7.30088e+22 9.42662e+22
14.004 210.539 1.2064e+19 8.73769e+22 8.97547e+22
14.044 215.853 1.20635e+19 4.89742e+22 9.18886e+22
14.0841 207.413 1.20632e+19 3.12186e+22 9.1822e+22
14.1241 212.727 1.20632e+19 6.94338e+22 9.21894e+22
14.1642 203.974 1.20631e+19 9.32692e+22 9.48478e+22
14.2042 200.535 1.20624e+19 5.97486e+22 9.19696e+22
14.2442 200.848 1.20621e+19 3.28305e+22 9.57717e+22
14.2843 197.409 1.20613e+19 6.14727e+22 9.22992e+22
14.3243 197.878 1.20596e+19 8.9786e+22 9.40365e+22
14.3644 194.283 1.20589e+19 6.51915e+22 9.44238e+22
14.4044 194.752 1.20593e+19 3.6966e+22 9.17419e+22
14.4444 191.001 1.20585e+19 6.01749e+22 9.34681e+22
14.4845 187.406 1.20562e+19 9.23438e+22 9.24279e+22
14.5245 187.719 1.20546e+19 7.54462e+22 9.13984e+22
14.5646 184.28 1.20539e+19 4.49209e+22 8.95311e+22
14.6046 180.529 1.20519e+19 5.89717e+22 8.87457e+22
14.6446 180.841 1.20491e+19 8.81569e+22 9.34193e+22
14.6847 177.403 1.20474e+19 7.53056e+22 8.97996e+22
14.7247 177.559 1.20459e+19 4.64182e+22 9.41307e+22
14.7648 173.964 1.20423e+19 6.02111e+22 9.4249e+22
14.8048 170.213 1.20384e+19 9.47055e+22 9.49602e+22
14.8448 170.525 1.20366e+19 8.8221e+22 9.84344e+22
14.8849 166.774 1.20353e+19 5.3066e+22 9.78346e+22
14.9249 167.087 1.20314e+19 5.07475e+22 9.6799e+22
14.965 163.179 1.20262e+19 7.9494e+22 1.02536e+23
15.005 159.584 1.2023e+19 8.36234e+22 9.54623e+22
15.045 155.52 1.20201e+19 5.86851e+22 1.03475e+23
15.0851 156.458 1.20146e+19 5.66642e+22 9.85036e+22
15.1251 152.551 1.20087e+19 8.77898e+22 1.03532e+23
15.1652 153.176 1.20042e+19 9.99764e+22 1.0416e+23
15.2052 149.268 1.19981e+19 7.36938e+22 1.07586e+23
15.2452 150.206 1.19899e+19 5.74356e+22 1.05346e+23
15.2853 150.519 1.19816e+19 8.0935e+22 1.05231e+23
15.3253 146.768 1.19752e+19 1.02281e+23 1.13111e+23
15.3654 147.08 1.19685e+19 8.76465e+22 1.03012e+23
15.4054 143.173 1.19577e+19 7.37707e+22 1.13775e+23
15.4454 139.578 1.19469e+19 9.57068e+22 1.05059e+23
15.4855 135.201 1.19386e+19 1.18251e+23 1.18727e+23
15.5255 136.139 1.19289e+19 1.00538e+23 1.09014e+23
15.5656 132.388 1.1917e+19 7.19003e+22 1.10544e+23
15.6056 132.7 1.19051e+19 7.64796e+22 1.06669e+23
15.6456 129.262 1.18938e+19 9.6625e+22 1.09493e+23
15.6857 125.511 1.18797e+19 9.23682e+22 1.10389e+23
15.7257 125.823 1.18644e+19 7.4093e+22 1.14831e+23
15.7658 122.072 1.18524e+19 7.91157e+22 1.14597e+23
15.8058 122.384 1.18386e+19 1.0355e+23 1.14003e+23
15.8458 118.79 1.18206e+19 1.09386e+23 1.18516e+23
15.8859 118.633 1.18043e+19 8.9628e+22 1.20534e+23
15.9259 115.195 1.17893e+19 8.05036e+22 1.20508e+23
15.966 111.443 1.1774e+19 9.91298e+22 1.27097e+23
16.006 111.443 1.17567e+19 1.15302e+23 1.33285e+23
16.046 108.005 1.17397e+19 1.08106e+23 1.27789e+23
16.0861 108.005 1.1727e+19 1.03839e+23 1.30738e+23
16.1261 104.566 1.17123e+19 1.24174e+23 1.27742e+23
16.1662 100.502 1.16948e+19 1.4187e+23 1.42275e+23
16.2062 100.815 1.16818e+19 1.29014e+23 1.2918e+23
16.2462 97.3761 1.16718e+19 1.0527e+23 1.29308e+23
16.2863 97.3761 1.166e+19 1.01312e+23 1.31466e+23
16.3263 93.6249 1.16463e+19 1.1035e+23 1.43172e+23
16.3664 90.1863 1.16357e+19 1.0892e+23 1.43e+23
16.4064 90.1863 1.16272e+19 1.01218e+23 1.42776e+23
16.4464 88.3106 1.1617e+19 1.10722e+23 1.40892e+23
16.4865 85.6535 1.16081e+19 1.37952e+23 1.53957e+23
16.5265 83.9342 1.15999e+19 1.55677e+23 1.55833e+23
16.5666 83.9342 1.15914e+19 1.51047e+23 1.54612e+23
16.6066 79.8703 1.15835e+19 1.43195e+23 1.66615e+23
16.6466 80.1829 1.15753e+19 1.46037e+23 1.55712e+23
16.6867 76.9006 1.15685e+19 1.46669e+23 1.62696e+23
16.7267 76.7443 1.15618e+19 1.35068e+23 1.62364e+23
16.7668 73.3056 1.15543e+19 1.27302e+23 1.71927e+23
16.8068 72.6804 1.1547e+19 1.38942e+23 1.78215e+23
16.8468 69.5544 1.15385e+19 1.60022e+23 1.73619e+23
16.8869 68.6166 1.15303e+19 1.7301e+23 1.76677e+23
16.9269 65.8031 1.15233e+19 1.77763e+23 1.87179e+23
16.967 62.6771 1.15157e+19 1.84535e+23 1.96913e+23
17.007 62.3645 1.15065e+19 1.91226e+23 1.9683e+23
17.047 59.2385 1.14967e+19 1.86344e+23 2.01627e+23
17.0871 57.6754 1.14881e+19 1.72603e+23 2.09694e+23
17.1271 56.425 1.14799e+19 1.65868e+23 2.1344e+23
17.1672 53.299 1.14715e+19 1.73456e+23 2.24604e+23
17.2072 52.0486 1.14627e+19 1.88756e+23 2.26949e+23
17.2472 50.7982 1.14541e+19 2.07337e+23 2.37507e+23
17.2873 48.4536 1.1447e+19 2.3195e+23 2.41285e+23
17.3273 45.7965 1.144e+19 2.58305e+23 2.58356e+23
17.3674 44.8587 1.14325e+19 2.73483e+23 2.73546e+23
17.4074 41.7326 1.14264e+19 2.71945e+23 2.81354e+23
17.4474 40.4822 1.14217e+19 2.61616e+23 2.86609e+23
17.4875 39.857 1.14158e+19 2.50292e+23 2.76189e+23
17.5275 38.294 1.1409e+19 2.38551e+23 3.11228e+23
17.5676 34.5427 1.14037e+19 2.32887e+23 3.40941e+23
17.6076 33.9175 1.13987e+19 2.49236e+23 3.54817e+23
17.6476 32.6671 1.1393e+19 2.93829e+23 3.54171e+23
17.6877 29.5411 1.13873e+19 3.51305e+23 3.76932e+23
17.7277 28.2907 1.13809e+19 4.02804e+23 4.04634e+23
17.7678 26.7276 1.13731e+19 4.47439e+23 4.47698e+23
17.8078 23.6016 1.13674e+19 4.86146e+23 4.86345e+23
17.8478 22.0386 1.13625e+19 5.0213e+23 5.02177e+23
17.8879 21.2571 1.1355e+19 4.79982e+23 5.31114e+23
17.9279 19.5378 1.13484e+19 4.38555e+23 5.65524e+23
17.968 16.8806 1.13434e+19 4.20028e+23 6.06322e+23
18.008 15.4739 1.13382e+19 4.46695e+23 7.15459e+23
18.048 13.9109 1.13318e+19 5.12891e+23 8.19091e+23
18.0881 10.7848 1.13269e+19 6.29256e+23 8.79732e+23
18.1281 10.1596 1.13238e+19 8.388e+23 9.16553e+23
18.1682 8.90921 1.13184e+19 1.16103e+24 1.16172e+24
18.2082 6.40838 1.13136e+19 1.54661e+24 1.54736e+24
18.2482 3.59495 1.13095e+19 1.93227e+24 1.93285e+24
18.2883 3.28234 1.1304e+19 2.31358e+24 2.31433e+24
18.3283 3.28234 1.12998e+19 2.71724e+24 2.7192e+24
18.3684 2.96974 1.12968e+19 3.10415e+24 3.108e+24
18.4084 2.96974 1.12914e+19 3.34601e+24 3.35092e+24
18.4484 2.96974 1.12852e+19 3.34844e+24 3.35255e+24
18.4885 2.96974 1.12822e+19 3.1633e+24 3.16565e+24
18.5285 3.12604 1.1278e+19 2.9169e+24 2.91809e+24
18.5686 3.12604 1.12732e+19 2.65905e+24 2.66046e+24
18.6086 3.28234 1.12701e+19 2.33818e+24 2.34037e+24
18.6486 3.90755 1.1266e+19 1.91722e+24 1.91949e+24
18.6887 6.40838 1.12617e+19 1.46638e+24 1.46785e+24
18.7287 9.37812 1.1258e+19 1.09661e+24 1.09723e+24
18.7688 10.4722 1.12549e+19 8.3391e+23 8.94282e+23
18.8088 11.41 1.12505e+19 6.29413e+23 8.88855e+23
18.8488 13.5983 1.1247e+19 4.65469e+23 8.37373e+23
18.8889 16.0991 1.12448e+19 3.81174e+23 7.42937e+23
18.9289 17.0369 1.12401e+19 3.96049e+23 6.23799e+23
18.969 19.8504 1.12362e+19 4.53148e+23 5.48251e+23
19.009 21.4134 1.12341e+19 4.74293e+23 5.61464e+23
19.049 22.8201 1.12313e+19 4.55063e+23 5.49114e+23
19.0891 23.9142 1.12284e+19 4.46825e+23 4.72304e+23
19.1291 24.2268 1.12261e+19 4.60195e+23 4.60195e+23
19.1692 27.5092 1.12226e+19 4.50364e+23 4.50393e+23
19.2092 29.3848 1.12198e+19 3.90767e+23 4.06944e+23
19.2492 30.9478 1.12184e+19 3.1709e+23 3.61818e+23
19.2893 32.3545 1.12152e+19 2.79598e+23 3.31217e+23
19.3293 34.5427 1.12121e+19 2.69813e+23 3.63487e+23
19.3694 35.9495 1.12098e+19 2.41993e+23 3.48626e+23
19.4094 38.1377 1.12071e+19 1.96258e+23 3.1821e+23
19.4494 38.9192 1.12043e+19 1.80087e+23 2.99067e+23
19.4895 43.2957 1.12021e+19 2.137e+23 2.61995e+23
19.5295 44.2335 1.12001e+19 2.5651e+23 2.66416e+23
19.5696 46.1091 1.1198e+19 2.59599e+23 2.66527e+23
19.6096 45.7965 1.11964e+19 2.34305e+23 2.82218e+23
19.6496 50.4855 1.11943e+19 2.28964e+23 2.5301e+23
19.6897 51.1108 1.11919e+19 2.48544e+23 2.48599e+23
19.7297 53.299 1.11905e+19 2.49705e+23 2.4986e+23
19.7698 57.5191 1.11891e+19 2.10428e+23 2.37525e+23
19.8098 57.8317 1.11874e+19 1.64418e+23 2.26144e+23
19.8498 60.8015 1.11854e+19 1.53578e+23 2.04987e+23
19.8899 60.3326 1.11834e+19 1.66669e+23 2.23827e+23
19.9299 64.5527 1.1182e+19 1.6059e+23 2.19517e+23
19.97 65.1779 1.11808e+19 1.30883e+23 1.94339e+23
20.01 64.5527 1.11796e+19 1.18246e+23 1.9266e+23
20.0501 67.9914 1.1178e+19 1.44456e+23 1.79949e+23
20.0901 67.9914 1.11766e+19 1.76431e+23 1.82499e+23
20.1301 71.7426 1.11754e+19 1.74291e+23 1.87921e+23
20.1702 72.0552 1.1174e+19 1.49605e+23 1.85726e+23
20.2102 75.1813 1.11725e+19 1.45558e+23 1.77398e+23
20.2503 75.6502 1.1171e+19 1.70406e+23 1.71508e+23
20.2903 78.6199 1.11701e+19 1.82338e+23 1.82642e+23
20.3303 80.4955 1.11688e+19 1.53289e+23 1.60481e+23
20.3704 82.9964 1.11677e+19 1.12858e+23 1.66218e+23
20.4104 87.0602 1.11667e+19 1.03674e+23 1.49281e+23
20.4505 87.6854 1.11657e+19 1.23298e+23 1.60508e+23
20.4905 87.6854 1.11653e+19 1.30086e+23 1.68481e+23
20.5305 91.4367 1.11647e+19 1.04785e+23 1.52922e+23
20.5706 95.8131 1.11634e+19 8.18553e+22 1.46572e+23
20.6106 96.1257 1.11624e+19 9.35657e+22 1.37766e+23
20.6507 99.2518 1.11616e+19 1.23582e+23 1.33876e+23
20.6907 99.0955 1.11605e+19 1.34446e+23 1.3958e+23
20.7307 102.69 1.11601e+19 1.16594e+23 1.45512e+23
20.7708 102.847 1.1159e+19 1.03927e+23 1.46126e+23
20.8108 107.067 1.1158e+19 1.19346e+23 1.35108e+23
20.8509 101.44 1.11576e+19 1.37252e+23 1.37303e+23
20.8909 105.66 1.1157e+19 1.29073e+23 1.41102e+23
20.9309 109.724 1.11562e+19 1.0106e+23 1.22194e+23
20.971 109.568 1.11557e+19 8.60022e+22 1.26709e+23
21.011 109.255 1.1155e+19 9.86238e+22 1.2982e+23
21.0511 113.475 1.11542e+19 1.07447e+23 1.29892e+23
21.0911 113.944 1.11538e+19 8.93994e+22 1.20356e+23
21.1311 117.383 1.11525e+19 6.46559e+22 1.20731e+23
21.1712 121.447 1.11519e+19 6.4731e+22 1.17075e+23
21.2112 122.072 1.11517e+19 9.27584e+22 1.14879e+23
21.2513 122.384 1.11512e+19 1.09143e+23 1.21878e+23
21.2913 125.511 1.11509e+19 9.10531e+22 1.23173e+23
21.3313 130.2 1.11504e+19 6.90073e+22 1.15051e+23
21.3714 130.668 1.11497e+19 7.66681e+22 1.06834e+23
21.4114 133.013 1.11496e+19 1.09564e+23 1.18235e+23
21.4515 133.326 1.1149e+19 1.24823e+23 1.25264e+23
21.4915 138.327 1.11482e+19 9.9625e+22 1.12487e+23
21.5315 138.015 1.11479e+19 6.91657e+22 1.09118e+23
21.5716 142.079 1.11473e+19 6.8848e+22 1.04686e+23
21.6116 146.455 1.1147e+19 9.21695e+22 1.00145e+23
21.6517 145.83 1.11468e+19 1.01219e+23 1.06329e+23
21.6917 139.89 1.11464e+19 7.63589e+22 1.08138e+23
21.7317 140.359 1.11462e+19 5.00847e+22 1.05365e+23
21.7718 146.455 1.1146e+19 5.30612e+22 9.89116e+22
21.8118 148.643 1.11457e+19 7.55484e+22 9.78701e+22
21.8519 148.331 1.11455e+19 8.54859e+22 1.04881e+23
21.8919 152.082 1.11451e+19 6.8205e+22 9.77159e+22
21.9319 152.394 1.11446e+19 5.24014e+22 9.72897e+22
21.972 156.771 1.11445e+19 6.34175e+22 9.37434e+22
22.012 157.084 1.11444e+19 8.80588e+22 9.48624e+22
22.0521 160.366 1.11443e+19 9.62784e+22 9.65014e+22
22.0921 164.43 1.11443e+19 7.75554e+22 9.51676e+22
22.1321 164.899 1.11442e+19 5.99823e+22 9.29753e+22
22.1722 168.025 1.11442e+19 6.76569e+22 8.94064e+22
22.2122 168.962 1.1144e+19 8.68934e+22 9.28433e+22
22.2523 173.026 1.11437e+19 8.88874e+22 8.90783e+22
22.2923 173.652 1.11436e+19 6.65944e+22 9.09193e+22
22.3323 177.715 1.11436e+19 4.73963e+22 8.6738e+22
22.3724 177.715 1.11437e+19 5.30416e+22 8.91423e+22
22.4124 181.779 1.11437e+19 6.93251e+22 8.92486e+22
22.4525 185.687 1.11437e+19 6.98806e+22 8.66357e+22
22.4925 185.843 1.11437e+19 5.14435e+22 8.14561e+22
22.5325 189.125 1.11437e+19 3.94422e+22 8.17477e+22
22.5726 189.594 1.11437e+19 5.1441e+22 8.05086e+22
22.6126 194.283 1.11438e+19 7.12924e+22 7.91033e+22
22.6527 194.596 1.11438e+19 7.2955e+22 8.25089e+22
22.6927 187.719 1.11438e+19 5.62046e+22 7.97764e+22
22.7327 188.031 1.11438e+19 4.67639e+22 7.77069e+22
22.7728 191.783 1.11438e+19 6.0366e+22 8.12025e+22
22.8128 195.534 1.11438e+19 8.05028e+22 8.32332e+22
22.8529 196.315 1.1144e+19 7.9729e+22 7.98597e+22
22.8929 200.067 1.1144e+19 5.96391e+22 7.34057e+22
22.9329 200.067 1.11439e+19 4.6085e+22 7.73695e+22
22.973 204.443 1.11438e+19 5.45271e+22 7.48655e+22
23.013 205.537 1.11438e+19 7.02922e+22 7.59807e+22
23.0531 208.507 1.1144e+19 6.74513e+22 7.4254e+22
23.0931 209.445 1.1144e+19 4.85454e+22 7.38128e+22
23.1331 213.977 1.11441e+19 3.5689e+22 7.05487e+22
23.1732 216.791 1.1144e+19 4.30673e+22 7.25856e+22
23.2132 217.103 1.11438e+19 5.82449e+22 7.80757e+22
23.2533 220.855 1.11437e+19 5.74189e+22 7.18476e+22
23.2933 222.105 1.11436e+19 4.35772e+22 7.01769e+22
23.3333 225.856 1.11435e+19 3.52532e+22 6.86497e+22
23.3734 226.794 1.11437e+19 4.52213e+22 7.06957e+22
23.4134 226.482 1.11437e+19 6.16798e+22 7.35747e+22
23.4535 234.609 1.11437e+19 6.33117e+22 6.52023e+22
23.4935 235.078 1.11433e+19 5.26675e+22 7.09743e+22
23.5335 235.235 1.11429e+19 4.36995e+22 6.67419e+22
23.5736 238.673 1.11428e+19 4.93345e+22 6.57067e+22
23.6136 228.357 1.11425e+19 6.20266e+22 6.97285e+22
23.6537 243.362 1.11424e+19 6.55931e+22 6.56062e+22
23.6937 235.235 1.11422e+19 5.73238e+22 6.47266e+22
23.7337 237.11 1.11421e+19 4.35078e+22 6.42151e+22
23.7738 238.673 1.11421e+19 4.04774e+22 6.58092e+22
23.8138 240.861 1.11421e+19 4.88612e+22 6.71597e+22
23.8539 245.55 1.11421e+19 5.61352e+22 6.14165e+22
23.8939 246.645 1.11416e+19 5.07831e+22 6.47501e+22
23.9339 249.145 1.11407e+19 3.5346e+22 6.20341e+22
23.974 251.49 1.11403e+19 3.00663e+22 5.96833e+22
24.014 254.616 1.11398e+19 3.95369e+22 5.91726e+22
24.0541 256.648 1.11395e+19 5.1581e+22 6.39023e+22
24.0941 259.305 1.11397e+19 4.88934e+22 5.92627e+22
24.1341 261.181 1.11396e+19 3.44379e+22 5.84113e+22
24.1742 263.213 1.11397e+19 3.02421e+22 6.0383e+22
24.2142 267.12 1.11389e+19 4.28452e+22 5.87713e+22
24.2543 268.996 1.1138e+19 5.81385e+22 5.96028e+22
24.2943 271.497 1.11372e+19 5.53073e+22 5.54385e+22
24.3343 273.06 1.11362e+19 4.05157e+22 5.81573e+22
24.3744 277.592 1.11361e+19 3.53323e+22 5.48338e+22
24.4144 279.468 1.11363e+19 4.59291e+22 5.41842e+22
24.4545 279.937 1.11364e+19 5.80077e+22 5.93396e+22
24.4945 282.907 1.11363e+19 5.50223e+22 5.50659e+22
24.5345 286.97 1.11359e+19 4.30644e+22 5.47379e+22
24.5746 289.628 1.11357e+19 3.51117e+22 5.25402e+22
24.6146 291.191 1.11347e+19 3.80005e+22 5.49658e+22
24.6547 291.972 1.11337e+19 4.53427e+22 5.63333e+22
24.6947 296.661 1.11328e+19 4.68362e+22 5.23466e+22
24.7347 284.313 1.1132e+19 3.99283e+22 5.54405e+22
24.7748 301.194 1.1132e+19 2.99098e+22 5.18269e+22
24.8148 300.881 1.11319e+19 2.84964e+22 5.11778e+22
24.8549 292.91 1.11319e+19 3.63508e+22 5.07256e+22
24.8949 294.317 1.11313e+19 4.35036e+22 5.39281e+22
24.9349 310.885 1.11301e+19 3.94944e+22 4.83667e+22
24.975 314.011 1.1129e+19 2.9555e+22 4.82593e+22
25.015 302.913 1.11276e+19 2.82495e+22 5.15983e+22
25.0551 305.102 1.11267e+19 3.81089e+22 4.94707e+22
25.0951 306.821 1.11266e+19 4.74062e+22 4.98227e+22
25.1351 310.728 1.11269e+19 4.46791e+22 4.85711e+22
25.1752 313.073 1.11274e+19 3.61362e+22 4.70316e+22
25.2152 316.199 1.11271e+19 3.3421e+22 4.64349e+22
25.2553 316.98 1.11257e+19 3.9639e+22 4.66865e+22
25.2953 320.419 1.11236e+19 4.69699e+22 4.86899e+22
25.3353 324.17 1.11216e+19 4.75062e+22 4.7556e+22
25.3754 325.577 1.11203e+19 4.09564e+22 4.44879e+22
25.4154 327.296 1.11199e+19 3.34901e+22 4.68658e+22
25.4555 329.954 1.112e+19 3.31351e+22 4.66326e+22
25.4955 334.174 1.11203e+19 3.92299e+22 4.52643e+22
25.5355 335.111 1.112e+19 4.28916e+22 4.46274e+22
25.5756 339.019 1.11191e+19 3.72979e+22 4.39004e+22
25.6156 339.332 1.11172e+19 2.85892e+22 4.35426e+22
25.6557 343.239 1.11145e+19 2.65324e+22 4.18891e+22
25.6957 343.864 1.11124e+19 3.17156e+22 4.49222e+22
25.7357 348.397 1.11109e+19 3.58777e+22 4.50662e+22
25.7758 349.022 1.11104e+19 3.36482e+22 4.24726e+22
25.8158 352.774 1.11105e+19 2.83851e+22 4.23445e+22
25.8559 357.15 1.11101e+19 2.59828e+22 4.16454e+22
25.8959 357.619 1.1109e+19 2.93871e+22 4.07149e+22
25.9359 361.527 1.11062e+19 3.51745e+22 4.09557e+22
25.976 362.464 1.11033e+19 3.74618e+22 4.17441e+22
26.016 366.216 1.11001e+19 3.38581e+22 4.15998e+22
26.0561 370.905 1.10974e+19 2.97902e+22 3.97092e+22
26.0961 371.217 1.10966e+19 3.15629e+22 4.05473e+22
26.1361 371.217 1.10968e+19 3.76273e+22 4.04315e+22
26.1762 375.281 1.10973e+19 4.07213e+22 4.08727e+22
26.2162 375.906 1.10962e+19 3.8109e+22 3.87712e+22
26.2563 380.595 1.10936e+19 3.37446e+22 3.9209e+22
26.2963 385.284 1.10886e+19 3.20663e+22 3.83077e+22
26.3363 385.128 1.10828e+19 3.42431e+22 3.79644e+22
26.3764 373.405 1.10794e+19 3.72755e+22 3.86379e+22
26.4164 377 1.10771e+19 3.68665e+22 3.91296e+22
26.4565 378.251 1.10767e+19 3.22142e+22 3.85282e+22
26.4965 394.037 1.10763e+19 2.80535e+22 3.69655e+22
26.5365 398.726 1.10749e+19 2.81637e+22 3.82804e+22
26.5766 387.004 1.10706e+19 3.05829e+22 3.75501e+22
26.6166 387.785 1.10641e+19 3.09618e+22 3.86013e+22
26.6567 391.537 1.10579e+19 2.85113e+22 3.73971e+22
26.6967 392.162 1.10516e+19 2.55683e+22 3.80945e+22
26.7367 396.538 1.10485e+19 2.46474e+22 3.59807e+22
26.7768 400.602 1.10479e+19 2.64199e+22 3.74142e+22
26.8168 401.227 1.10471e+19 2.87916e+22 3.64319e+22
26.8569 402.321 1.10435e+19 2.88639e+22 3.65539e+22
26.8969 405.916 1.10368e+19 2.69896e+22 3.66649e+22
26.9369 410.136 1.10274e+19 2.63846e+22 3.76558e+22
26.977 410.762 1.10163e+19 2.82255e+22 3.58733e+22
27.017 414.982 1.10083e+19 3.06216e+22 3.57711e+22
27.0571 415.451 1.10034e+19 3.17422e+22 3.60804e+22
27.0971 415.607 1.10009e+19 3.13875e+22 3.69079e+22
27.1371 419.827 1.09987e+19 3.04596e+22 3.64228e+22
27.1772 424.829 1.09945e+19 3.05822e+22 3.45667e+22
27.2172 424.673 1.0985e+19 3.20599e+22 3.53012e+22
27.2573 429.049 1.09712e+19 3.30206e+22 3.60693e+22
27.2973 429.362 1.09572e+19 3.22633e+22 3.64926e+22
27.3373 433.738 1.09439e+19 3.09471e+22 3.48409e+22
27.3774 438.115 1.09349e+19 3.01855e+22 3.60443e+22
27.4174 439.052 1.09294e+19 2.98808e+22 3.32283e+22
27.4575 442.491 1.0923e+19 2.9608e+22 3.43189e+22
27.4975 443.272 1.09117e+19 2.88088e+22 3.33695e+22
27.5375 442.804 1.08953e+19 2.73664e+22 3.46256e+22
27.5776 447.493 1.08751e+19 2.62687e+22 3.45794e+22
27.6176 452.807 1.08544e+19 2.59509e+22 3.3982e+22
27.6577 452.494 1.08389e+19 2.55103e+22 3.45527e+22
27.6977 441.084 1.08285e+19 2.45261e+22 3.36551e+22
27.7377 445.148 1.08202e+19 2.36749e+22 3.26398e+22
27.7778 445.773 1.08098e+19 2.34533e+22 3.38476e+22
27.8178 449.368 1.0793e+19 2.38849e+22 3.28292e+22
27.8579 450.306 1.07673e+19 2.44811e+22 3.37139e+22
27.8979 454.995 1.07376e+19 2.43093e+22 3.20938e+22
27.9379 455.933 1.07095e+19 2.35731e+22 3.17283e+22
27.978 459.372 1.06867e+19 2.37937e+22 3.40897e+22
28.018 460.309 1.06706e+19 2.53516e+22 3.27125e+22
28.0581 463.592 1.06566e+19 2.69353e+22 3.32658e+22
28.0981 464.998 1.06374e+19 2.74318e+22 3.14439e+22
28.1381 468.75 1.06094e+19 2.67536e+22 3.27869e+22
28.1782 468.75 1.05749e+19 2.59954e+22 3.22095e+22
28.2182 468.75 1.05379e+19 2.68188e+22 3.21271e+22
28.2583 461.247 1.05059e+19 2.90172e+22 3.24805e+22
28.2983 462.498 1.04816e+19 3.02822e+22 3.19126e+22
28.3383 465.936 1.04614e+19 2.93458e+22 3.1273e+22
28.3784 467.03 1.04392e+19 2.72032e+22 3.04786e+22
28.4184 468.75 1.04099e+19 2.59393e+22 3.04944e+22
28.4585 468.75 1.03714e+19 2.69175e+22 3.02208e+22
28.4985 468.75 1.03283e+19 2.8833e+22 3.21151e+22
28.5385 468.75 1.02888e+19 2.88533e+22 3.185e+22
28.5786 468.75 1.02569e+19 2.6355e+22 3.13399e+22
28.6186 468.75 1.02324e+19 2.33436e+22 2.99605e+22
28.6587 468.75 1.02097e+19 2.22258e+22 3.00299e+22
28.6987 468.75 1.01804e+19 2.368e+22 2.99199e+22
28.7387 468.75 1.01408e+19 2.54917e+22 2.97249e+22
28.7788 468.75 1.00946e+19 2.47348e+22 3.10358e+22
28.8188 468.75 1.00486e+19 2.16285e+22 3.07611e+22
28.8589 468.75 1.00104e+19 1.90809e+22 3.06565e+22
28.8989 468.75 9.98228e+18 1.94306e+22 2.9823e+22
28.9389 468.75 9.95891e+18 2.21825e+22 2.96084e+22
28.979 468.75 9.9326e+18 2.42e+22 2.98936e+22
29.019 468.75 9.89885e+18 2.30126e+22 2.92509e+22
29.0591 468.75 9.8581e+18 2.00451e+22 2.92289e+22
29.0991 468.75 9.81645e+18 1.87317e+22 2.93828e+22
29.1391 468.75 9.78127e+18 2.08477e+22 2.90101e+22
29.1792 463.592 9.75456e+18 2.47664e+22 2.8814e+22
29.2192 466.718 9.73327e+18 2.67033e+22 2.88991e+22
29.2593 467.812 9.71104e+18 2.47718e+22 2.87301e+22
29.2993 468.75 9.68253e+18 2.15603e+22 2.88559e+22
29.3393 468.75 9.64781e+18 2.09243e+22 2.88439e+22
29.3794 468.75 9.61262e+18 2.40669e+22 2.91024e+22
29.4194 468.75 9.58272e+18 2.82809e+22 2.87438e+22
29.4595 461.404 9.56102e+18 2.92922e+22 2.93305e+22
29.4995 463.904 9.54479e+18 2.60951e+22 2.77794e+22
29.5395 467.812 9.52735e+18 2.21685e+22 2.93226e+22
29.5796 468.75 9.50371e+18 2.14639e+22 2.86141e+22
29.6196 468.75 9.47442e+18 2.47346e+22 2.81211e+22
29.6597 468.75 9.44425e+18 2.85044e+22 2.85437e+22
29.6997 459.215 9.4194e+18 2.83362e+22 2.8574e+22
29.7397 460.622 9.40223e+18 2.40483e+22 2.70993e+22
29.7798 463.592 9.38925e+18 1.95953e+22 2.72687e+22
29.8198 464.217 9.37453e+18 1.90026e+22 2.79353e+22
29.8599 468.75 9.3541e+18 2.2431e+22 2.87007e+22
29.8999 468.75 9.32848e+18 2.56559e+22 2.75844e+22
29.9399 459.215 9.30264e+18 2.46733e+22 2.79786e+22
29.98 461.247 9.28165e+18 2.01071e+22 2.77354e+22
30.02 462.185 9.26624e+18 1.60803e+22 2.89804e+22
30.0601 465.311 9.25298e+18 1.63828e+22 2.73559e+22
30.1001 466.249 9.23663e+18 2.03948e+22 2.8401e+22
30.1401 468.75 9.21419e+18 2.35216e+22 2.88745e+22
30.1802 468.75 9.18756e+18 2.23472e+22 2.74706e+22
30.2202 468.75 9.16168e+18 1.79236e+22 2.68929e+22
30.2603 463.123 9.14026e+18 1.4781e+22 2.85836e+22
30.3003 465.936 9.12352e+18 1.64502e+22 2.68714e+22
30.3403 467.656 9.10719e+18 2.13874e+22 2.68569e+22
30.3804 468.75 9.08615e+18 2.46893e+22 2.75209e+22
30.4204 468.75 9.05863e+18 2.32938e+22 2.82141e+22
30.4605 468.75 9.02739e+18 1.8754e+22 2.63601e+22
30.5005 468.75 8.99761e+18 1.61527e+22 2.70091e+22
30.5405 468.75 8.97322e+18 1.86206e+22 2.68937e+22
30.5806 468.75 8.95315e+18 2.40646e+22 2.83749e+22
30.6206 468.75 8.93272e+18 2.74892e+22 2.75424e+22
30.6607 468.75 8.90732e+18 2.56219e+22 2.72842e+22
30.7007 468.75 8.87579e+18 2.05096e+22 2.71966e+22
30.7407 468.75 8.84176e+18 1.75586e+22 2.83397e+22
30.7808 468.75 8.81075e+18 1.98269e+22 2.56454e+22
30.8208 468.75 8.78549e+18 2.52684e+22 2.73404e+22
30.8609 468.75 8.76442e+18 2.84849e+22 2.8541e+22
30.9009 468.75 8.74279e+18 2.61098e+22 2.61454e+22
30.9409 468.75 8.7166e+18 2.04747e+22 2.7133e+22
30.981 468.75 8.68608e+18 1.67983e+22 2.75379e+22
31.021 468.75 8.65507e+18 1.84385e+22 2.55336e+22
31.0611 468.75 8.62797e+18 2.34321e+22 2.56242e+22
31.1011 468.75 8.60658e+18 2.63555e+22 2.67852e+22
31.1411 466.249 8.58843e+18 2.40556e+22 2.69971e+22
31.1812 468.75 8.56931e+18 1.83083e+22 2.62145e+22
31.2212 468.75 8.54663e+18 1.43635e+22 2.63138e+22
31.2613 468.75 8.52115e+18 1.56825e+22 2.59803e+22
31.3013 468.75 8.4965e+18 2.03687e+22 2.73939e+22
31.3413 462.029 8.47578e+18 2.34213e+22 2.6864e+22
31.3814 464.53 8.4592e+18 2.14327e+22 2.63423e+22
31.4214 466.093 8.4442e+18 1.60986e+22 2.5754e+22
31.4615 466.249 8.42745e+18 1.25499e+22 2.75308e+22
31.5015 468.75 8.4076e+18 1.40041e+22 2.61462e+22
31.5415 468.75 8.38636e+18 1.89264e+22 2.64289e+22
31.5816 461.404 8.36659e+18 2.23694e+22 2.70256e+22
31.6216 463.904 8.3501e+18 2.08852e+22 2.53257e+22
31.6617 466.874 8.33595e+18 1.60857e+22 2.48685e+22
31.7017 467.343 8.32112e+18 1.27248e+22 2.63753e+22
31.7417 468.75 8.30326e+18 1.43941e+22 2.55016e+22
31.7818 468.75 8.28245e+18 1.97396e+22 2.51683e+22
31.8218 468.75 8.26096e+18 2.3769e+22 2.48085e+22
31.8619 468.75 8.24164e+18 2.29124e+22 2.61493e+22
31.9019 468.75 8.22508e+18 1.81215e+22 2.59313e+22
31.9419 468.75 8.20945e+18 1.44189e+22 2.52344e+22
31.982 468.75 8.19188e+18 1.56463e+22 2.54759e+22
32.022 468.75 8.17065e+18 2.09143e+22 2.56876e+22
32.0621 468.75 8.14664e+18 2.55361e+22 2.61903e+22
32.1021 468.75 8.12262e+18 2.52046e+22 2.52522e+22
32.1421 468.75 8.10071e+18 2.05039e+22 2.56858e+22
32.1822 468.75 8.08115e+18 1.5899e+22 2.60982e+22
32.2222 468.75 8.06196e+18 1.57967e+22 2.5349e+22
32.2623 468.75 8.04101e+18 2.03337e+22 2.49455e+22
32.3023 468.75 8.01766e+18 2.51088e+22 2.56617e+22
32.3423 468.75 7.99306e+18 2.56611e+22 2.57157e+22
32.3824 468.75 7.96925e+18 2.12606e+22 2.37475e+22
32.4224 468.75 7.94728e+18 1.59072e+22 2.42805e+22
32.4625 468.75 7.92656e+18 1.43451e+22 2.52039e+22
32.5025 468.75 7.90575e+18 1.76083e+22 2.3835e+22
32.5425 468.75 7.88385e+18 2.23341e+22 2.38406e+22
32.5826 468.75 7.86133e+18 2.36587e+22 2.37138e+22
32.6226 468.75 7.83966e+18 2.01898e+22 2.49113e+22
32.6627 468.75 7.81987e+18 1.48378e+22 2.41101e+22
32.7027 468.75 7.80187e+18 1.22755e+22 2.41743e+22
32.7427 468.75 7.78435e+18 1.44757e+22 2.40471e+22
32.7828 468.75 7.76604e+18 1.88834e+22 2.47985e+22
32.8228 468.75 7.74674e+18 2.11491e+22 2.44899e+22
32.8629 468.75 7.72729e+18 1.8872e+22 2.37492e+22
32.9029 468.75 7.70917e+18 1.4086e+22 2.41133e+22
32.9429 468.75 7.69305e+18 1.10919e+22 2.46199e+22
32.983 468.75 7.67845e+18 1.25107e+22 2.25232e+22
33.023 468.75 7.66426e+18 1.69351e+22 2.33876e+22
33.0631 468.75 7.64931e+18 2.00711e+22 2.41363e+22
33.1031 468.75 7.63344e+18 1.90978e+22 2.28973e+22
33.1431 468.437 7.61715e+18 1.4948e+22 2.24018e+22
33.1832 467.187 7.60105e+18 1.16586e+22 2.32504e+22
33.2232 466.874 7.58552e+18 1.24023e+22 2.3194e+22
33.2633 468.75 7.57032e+18 1.65995e+22 2.22938e+22
33.3033 468.75 7.55525e+18 2.06462e+22 2.32758e+22
33.3433 468.75 7.54018e+18 2.09515e+22 2.19608e+22
33.3834 468.75 7.52499e+18 1.75651e+22 2.28299e+22
33.4234 468.75 7.50959e+18 1.37181e+22 2.26241e+22
33.4635 468.75 7.4935e+18 1.31971e+22 2.25168e+22
33.5035 468.75 7.47635e+18 1.66869e+22 2.29936e+22
33.5435 468.75 7.4581e+18 2.1209e+22 2.30811e+22
33.5836 468.75 7.43931e+18 2.29425e+22 2.29913e+22
33.6236 468.75 7.4209e+18 2.04296e+22 2.18879e+22
33.6637 468.75 7.40334e+18 1.61702e+22 2.30191e+22
33.7037 468.75 7.38638e+18 1.39824e+22 2.32873e+22
33.7437 468.75 7.36914e+18 1.59095e+22 2.12941e+22
33.7838 468.75 7.35082e+18 2.01628e+22 2.19223e+22
33.8238 468.75 7.33141e+18 2.29209e+22 2.29668e+22
33.8639 468.75 7.31142e+18 2.17729e+22 2.1813e+22
33.9039 468.75 7.29168e+18 1.76871e+22 2.18965e+22
33.9439 468.75 7.27258e+18 1.42072e+22 2.20976e+22
33.984 468.75 7.25395e+18 1.41035e+22 2.11496e+22
34.024 468.75 7.2356e+18 1.72452e+22 2.09618e+22
34.0641 468.75 7.21742e+18 2.05044e+22 2.06273e+22
34.1041 468.75 7.19985e+18 2.08521e+22 2.18348e+22
34.1441 468.75 7.18319e+18 1.77943e+22 2.07948e+22
34.1842 468.75 7.16717e+18 1.38259e+22 2.09237e+22
34.2242 468.75 7.15092e+18 1.21637e+22 2.02845e+22
34.2643 468.75 7.13373e+18 1.38586e+22 2.15422e+22
34.3043 468.75 7.11587e+18 1.70949e+22 2.07002e+22
34.3443 468.75 7.09852e+18 1.864e+22 2.08428e+22
34.3844 468.75 7.08316e+18 1.70598e+22 1.99537e+22
34.4244 468.75 7.07024e+18 1.35463e+22 2.12423e+22
34.4645 468.75 7.05868e+18 1.10945e+22 2.09764e+22
34.5045 468.75 7.04658e+18 1.15802e+22 2.02399e+22
34.5445 468.75 7.03245e+18 1.43509e+22 2.03724e+22
34.5846 468.75 7.01649e+18 1.67973e+22 2.10396e+22
34.6246 468.75 7.00032e+18 1.67177e+22 2.03289e+22
34.6647 468.75 6.9858e+18 1.42505e+22 1.98214e+22
34.7047 468.75 6.97358e+18 1.1531e+22 2.00673e+22
34.7447 468.75 6.96249e+18 1.10304e+22 2.03137e+22
34.7848 468.75 6.95072e+18 1.31161e+22 1.96501e+22
34.8248 468.75 6.93701e+18 1.60747e+22 1.97582e+22
34.8649 468.75 6.9218e+18 1.73794e+22 1.95293e+22
34.9049 468.75 6.90649e+18 1.61122e+22 1.95425e+22
34.9449 468.75 6.89219e+18 1.35165e+22 1.93596e+22
34.985 468.75 6.87877e+18 1.20763e+22 1.96079e+22
35.025 468.75 6.86493e+18 1.31325e+22 1.95069e+22
35.0651 468.75 6.84958e+18 1.59248e+22 1.92002e+22
35.1051 468.75 6.83285e+18 1.82351e+22 1.93832e+22
35.1451 468.75 6.81619e+18 1.8246e+22 1.94078e+22
35.1852 468.75 6.80117e+18 1.62468e+22 1.89427e+22
35.2252 468.75 6.78792e+18 1.40596e+22 1.90441e+22
35.2653 468.75 6.77481e+18 1.37034e+22 1.97321e+22
35.3053 468.75 6.75964e+18 1.54843e+22 1.88014e+22
35.3453 468.75 6.74152e+18 1.80201e+22 1.96904e+22
35.3854 468.75 6.72183e+18 1.9194e+22 1.9219e+22
35.4254 468.75 6.70333e+18 1.82197e+22 1.96536e+22
35.4655 468.75 6.68823e+18 1.59049e+22 1.96244e+22
35.5055 468.75 6.67629e+18 1.42707e+22 1.89229e+22
35.5455 468.75 6.66511e+18 1.45429e+22 1.8751e+22
35.5856 468.75 6.65174e+18 1.63771e+22 1.85508e+22
35.6256 468.75 6.63506e+18 1.8117e+22 1.95973e+22
35.6657 468.75 6.61655e+18 1.82116e+22 1.90283e+22
35.7057 468.75 6.59922e+18 1.6566e+22 1.9511e+22
35.7457 468.75 6.58521e+18 1.44303e+22 1.92589e+22
35.7858 468.75 6.57419e+18 1.34222e+22 1.88139e+22
35.8258 468.75 6.5639e+18 1.40631e+22 1.81592e+22
35.8659 468.75 6.55186e+18 1.55581e+22 1.9204e+22
35.9059 468.75 6.53764e+18 1.63935e+22 1.82923e+22
35.9459 468.75 6.52275e+18 1.57899e+22 1.8868e+22
35.986 468.75 6.50941e+18 1.40561e+22 1.89636e+22
36.026 468.124 6.49837e+18 1.25322e+22 1.91119e+22
36.0661 467.968 6.48835e+18 1.2132e+22 1.93034e+22
36.1061 468.75 6.47717e+18 1.29809e+22 1.81184e+22
36.1461 468.75 6.46365e+18 1.40513e+22 1.89734e+22
36.1862 468.75 6.44898e+18 1.43545e+22 1.83518e+22
36.2262 468.75 6.43547e+18 1.34964e+22 1.90962e+22
36.2663 468.75 6.42485e+18 1.21642e+22 1.84686e+22
36.3063 468.75 6.4163e+18 1.13221e+22 1.91677e+22
36.3463 468.75 6.40701e+18 1.15556e+22 1.89555e+22
36.3864 468.75 6.39431e+18 1.25017e+22 1.86337e+22
36.4264 468.75 6.37788e+18 1.33108e+22 1.8768e+22
36.4665 468.75 6.36034e+18 1.32968e+22 1.81798e+22
36.5065 468.75 6.34508e+18 1.25681e+22 1.85774e+22
36.5465 468.75 6.33394e+18 1.17871e+22 1.71657e+22
36.5866 468.75 6.32532e+18 1.16488e+22 1.83363e+22
36.6266 468.75 6.31571e+18 1.22543e+22 1.84149e+22
36.6667 468.75 6.30207e+18 1.31375e+22 1.82718e+22
36.7067 468.75 6.2844e+18 1.3674e+22 1.84197e+22
36.7467 468.75 6.26553e+18 1.35858e+22 1.86874e+22
36.7868 468.75 6.24906e+18 1.31535e+22 1.86805e+22
36.8268 468.75 6.23653e+18 1.2854e+22 1.74783e+22
36.8669 468.75 6.22633e+18 1.30872e+22 1.84041e+22
36.9069 468.75 6.21528e+18 1.36969e+22 1.82332e+22
36.9469 468.75 6.20106e+18 1.43484e+22 1.83513e+22
36.987 468.75 6.18429e+18 1.46005e+22 1.86561e+22
37.027 468.75 6.16764e+18 1.44992e+22 1.8789e+22
37.0671 468.75 6.15371e+18 1.42469e+22 1.83957e+22
37.1071 468.75 6.14276e+18 1.42436e+22 1.77911e+22
37.1471 468.75 6.13265e+18 1.45035e+22 1.8014e+22
37.1872 468.75 6.12072e+18 1.48916e+22 1.70721e+22
37.2272 468.75 6.10608e+18 1.50641e+22 1.79166e+22
37.2673 468.75 6.09045e+18 1.50035e+22 1.76618e+22
37.3073 468.75 6.07677e+18 1.48034e+22 1.76852e+22
37.3473 468.75 6.06675e+18 1.47522e+22 1.72629e+22
37.3874 468.75 6.05932e+18 1.48465e+22 1.77977e+22
37.4274 468.75 6.0514e+18 1.49782e+22 1.77194e+22
37.4675 468.75 6.04028e+18 1.48871e+22 1.72571e+22
37.5075 468.75 6.02585e+18 1.45845e+22 1.82357e+22
37.5475 468.75 6.01077e+18 1.42249e+22 1.74457e+22
37.5876 468.75 5.99842e+18 1.40819e+22 1.8057e+22
37.6276 468.75 5.99013e+18 1.41708e+22 1.74213e+22
37.6677 468.75 5.98428e+18 1.43318e+22 1.77459e+22
37.7077 468.75 5.97732e+18 1.42234e+22 1.76193e+22
37.7477 468.75 5.9667e+18 1.37599e+22 1.72132e+22
37.7878 468.75 5.9526e+18 1.30956e+22 1.74708e+22
37.8278 468.75 5.93783e+18 1.2628e+22 1.67833e+22
37.8679 468.75 5.92551e+18 1.25819e+22 1.71979e+22
37.9079 467.812 5.91665e+18 1.28829e+22 1.69816e+22
37.9479 468.75 5.90947e+18 1.31301e+22 1.69559e+22
37.988 468.75 5.90081e+18 1.29329e+22 1.6773e+22
38.028 468.75 5.88879e+18 1.22263e+22 1.71216e+22
38.0681 468.75 5.87409e+18 1.13937e+22 1.72874e+22
38.1081 468.75 5.85951e+18 1.09597e+22 1.67707e+22
38.1481 468.75 5.84747e+18 1.11862e+22 1.70966e+22
38.1882 468.75 5.83824e+18 1.18273e+22 1.65833e+22
38.2282 468.75 5.82953e+18 1.22667e+22 1.65705e+22
38.2683 468.75 5.81861e+18 1.20419e+22 1.71397e+22
38.3083 468.75 5.80437e+18 1.11983e+22 1.6364e+22
38.3483 468.75 5.78849e+18 1.03341e+22 1.7236e+22
38.3884 468.75 5.77395e+18 1.00996e+22 1.69346e+22
38.4284 468.75 5.76287e+18 1.07111e+22 1.66936e+22
38.4685 468.75 5.75465e+18 1.17033e+22 1.60499e+22
38.5085 468.75 5.74649e+18 1.2334e+22 1.61383e+22
38.5485 468.75 5.73552e+18 1.20845e+22 1.64795e+22
38.5886 468.75 5.72104e+18 1.11717e+22 1.66038e+22
38.6286 468.75 5.70514e+18 1.03063e+22 1.66101e+22
38.6687 468.75 5.69111e+18 1.02685e+22 1.61923e+22
38.7087 468.75 5.68103e+18 1.1188e+22 1.62192e+22
38.7487 468.75 5.67408e+18 1.25284e+22 1.55613e+22
38.7888 468.75 5.66733e+18 1.33398e+22 1.57634e+22
38.8288 468.75 5.65785e+18 1.30971e+22 1.63434e+22
38.8689 468.75 5.6451e+18 1.20003e+22 1.57757e+22
38.9089 468.75 5.63105e+18 1.09983e+22 1.61254e+22
38.9489 468.75 5.61877e+18 1.09406e+22 1.56821e+22
38.989 468.75 5.60993e+18 1.20841e+22 1.58423e+22
39.029 468.75 5.60365e+18 1.36813e+22 1.5353e+22
39.0691 468.75 5.59726e+18 1.46958e+22 1.56859e+22
39.1091 468.75 5.58835e+18 1.43707e+22 1.5933e+22
39.1491 468.75 5.57669e+18 1.30402e+22 1.58126e+22
39.1892 468.75 5.56429e+18 1.16999e+22 1.57375e+22
39.2292 468.75 5.55367e+18 1.14856e+22 1.5837e+22
39.2693 468.75 5.54596e+18 1.26134e+22 1.53388e+22
39.3093 468.75 5.53986e+18 1.43692e+22 1.52805e+22
39.3493 468.75 5.53278e+18 1.54955e+22 1.55135e+22
39.3894 468.75 5.52284e+18 1.51564e+22 1.5361e+22
39.4294 468.75 5.51041e+18 1.36146e+22 1.53075e+22
39.4695 468.75 5.49778e+18 1.19159e+22 1.53912e+22
39.5095 468.75 5.48737e+18 1.13457e+22 1.52378e+22
39.5495 468.75 5.47977e+18 1.2246e+22 1.47777e+22
39.5896 468.75 5.47331e+18 1.40211e+22 1.47479e+22
39.6296 468.75 5.46525e+18 1.52767e+22 1.52978e+22
39.6697 468.75 5.45401e+18 1.50939e+22 1.51137e+22
39.7097 468.75 5.44027e+18 1.3451e+22 1.46515e+22
39.7497 468.75 5.42656e+18 1.14587e+22 1.49674e+22
39.7898 468.75 5.41531e+18 1.04339e+22 1.50109e+22
39.8298 468.75 5.40704e+18 1.10475e+22 1.44255e+22
39.8699 468.75 5.39995e+18 1.2748e+22 1.45975e+22
39.9099 468.75 5.39138e+18 1.42198e+22 1.47337e+22
39.9499 468.75 5.37972e+18 1.42634e+22 1.50677e+22
39.99 468.75 5.36573e+18 1.27215e+22 1.48457e+22
40.03 468.75 5.35188e+18 1.05678e+22 1.45098e+22
40.0701 468.75 5.34058e+18 9.21887e+21 1.45735e+22
40.1101 468.75 5.33223e+18 9.54981e+21 1.46329e+22
40.1502 468.75 5.32519e+18 1.11672e+22 1.51983e+22
40.1902 468.75 5.31686e+18 1.28425e+22 1.51953e+22
40.2302 468.75 5.30586e+18 1.31962e+22 1.47328e+22
40.2703 468.75 5.29289e+18 1.19407e+22 1.4628e+22
40.3103 468.75 5.28025e+18 9.81719e+21 1.47525e+22
40.3504 468.75 5.27002e+18 8.29138e+21 1.52799e+22
40.3904 468.75 5.2626e+18 8.35753e+21 1.49573e+22
40.4304 468.75 5.25637e+18 9.90114e+21 1.50538e+22
40.4705 468.75 5.24909e+18 1.17721e+22 1.54353e+22
40.5105 468.75 5.23944e+18 1.25682e+22 1.5296e+22
40.5506 468.75 5.22807e+18 1.17019e+22 1.41497e+22
40.5906 468.75 5.21695e+18 9.72493e+21 1.44922e+22
40.6306 468.75 5.20793e+18 8.04063e+21 1.52412e+22
40.6707 468.75 5.20131e+18 7.82042e+21 1.53938e+22
40.7107 468.75 5.19566e+18 9.28456e+21 1.40253e+22
40.7508 468.75 5.18897e+18 1.13768e+22 1.46792e+22
40.7908 468.75 5.18019e+18 1.27026e+22 1.49924e+22
40.8308 468.75 5.16987e+18 1.22957e+22 1.42788e+22
40.8709 468.75 5.15981e+18 1.04847e+22 1.44409e+22
40.9109 468.75 5.15146e+18 8.59546e+21 1.42856e+22
40.951 468.75 5.14495e+18 7.99314e+21 1.48642e+22
40.991 468.75 5.13894e+18 9.2273e+21 1.41005e+22
41.031 468.75 5.13169e+18 1.14924e+22 1.39585e+22
41.0711 468.75 5.1224e+18 1.33242e+22 1.44735e+22
41.1111 468.75 5.11183e+18 1.34809e+22 1.42939e+22
41.1512 468.75 5.10163e+18 1.19512e+22 1.47937e+22
41.1912 468.75 5.09315e+18 9.82372e+21 1.46509e+22
41.2312 468.75 5.08634e+18 8.68493e+21 1.43189e+22
41.2713 468.75 5.07986e+18 9.3795e+21 1.39815e+22
41.3113 468.75 5.07196e+18 1.1546e+22 1.42666e+22
41.3514 468.75 5.06189e+18 1.37983e+22 1.45921e+22
41.3914 468.75 5.05034e+18 1.46412e+22 1.46771e+22
41.4314 468.75 5.03908e+18 1.36068e+22 1.48103e+22
41.4715 468.75 5.02963e+18 1.13998e+22 1.49743e+22
41.5115 468.75 5.02218e+18 9.59267e+21 1.4935e+22
41.5516 468.75 5.01552e+18 9.42803e+21 1.44678e+22
41.5916 468.75 5.00793e+18 1.10991e+22 1.39593e+22
41.6316 468.75 4.99837e+18 1.35015e+22 1.44897e+22
41.6717 468.75 4.98719e+18 1.5074e+22 1.51565e+22
41.7117 468.75 4.97587e+18 1.4781e+22 1.48076e+22
41.7518 468.75 4.96583e+18 1.27836e+22 1.41672e+22
41.7918 468.75 4.95764e+18 1.04676e+22 1.45741e+22
41.8318 468.75 4.95058e+18 9.31015e+21 1.46874e+22
41.8719 468.75 4.9434e+18 1.01072e+22 1.37112e+22
41.9119 468.75 4.93514e+18 1.22705e+22 1.3855e+22
41.952 468.75 4.92579e+18 1.4343e+22 1.44891e+22
41.992 468.75 4.9162e+18 1.48901e+22 1.49204e+22
42.032 468.75 4.9074e+18 1.35131e+22 1.35358e+22
42.0721 468.75 4.89974e+18 1.11068e+22 1.38815e+22
42.1121 468.75 4.89284e+18 9.15375e+21 1.40081e+22
42.1522 468.75 4.88582e+18 8.9154e+21 1.39998e+22
42.1922 468.75 4.87809e+18 1.04048e+22 1.34724e+22
42.2322 468.75 4.86981e+18 1.25614e+22 1.33705e+22
42.2723 468.75 4.86171e+18 1.3862e+22 1.3891e+22
42.3123 468.75 4.85453e+18 1.33949e+22 1.35605e+22
42.3524 468.75 4.84839e+18 1.14102e+22 1.37895e+22
42.3924 468.75 4.84266e+18 9.11495e+21 1.37188e+22
42.4324 468.75 4.83642e+18 7.94634e+21 1.38151e+22
42.4725 468.75 4.82906e+18 8.50595e+21 1.4096e+22
42.5125 468.75 4.82084e+18 1.03521e+22 1.41602e+22
42.5526 468.75 4.81259e+18 1.21431e+22 1.39208e+22
42.5926 468.75 4.80525e+18 1.2631e+22 1.3537e+22
42.6326 468.75 4.79917e+18 1.14448e+22 1.37864e+22
42.6727 468.75 4.79383e+18 9.2877e+21 1.39382e+22
42.7127 468.75 4.78832e+18 7.52183e+21 1.42045e+22
42.7528 468.75 4.78179e+18 7.18116e+21 1.4004e+22
42.7928 468.75 4.77404e+18 8.44138e+21 1.37628e+22
42.8328 468.75 4.76553e+18 1.03665e+22 1.38439e+22
42.8729 468.75 4.75714e+18 1.16431e+22 1.3936e+22
42.9129 468.75 4.74945e+18 1.14146e+22 1.34066e+22
42.953 468.75 4.74259e+18 9.78681e+21 1.35942e+22
42.993 468.75 4.73613e+18 7.83038e+21 1.40616e+22
43.033 468.75 4.72946e+18 6.76314e+21 1.43662e+22
43.0731 468.75 4.72223e+18 7.27917e+21 1.36788e+22
43.1131 468.75 4.71442e+18 8.98264e+21 1.31754e+22
43.1532 468.75 4.70632e+18 1.07669e+22 1.3532e+22
43.1932 468.75 4.6982e+18 1.14904e+22 1.35623e+22
43.2332 468.75 4.69016e+18 1.06702e+22 1.26659e+22
43.2733 468.75 4.68213e+18 8.90107e+21 1.28209e+22
43.3133 468.75 4.67408e+18 7.33156e+21 1.34635e+22
43.3534 468.75 4.66606e+18 7.02665e+21 1.37287e+22
43.3934 468.75 4.65831e+18 8.17136e+21 1.26975e+22
43.4334 468.75 4.65097e+18 1.00618e+22 1.29205e+22
43.4735 468.75 4.64394e+18 1.15517e+22 1.27964e+22
43.5135 468.75 4.63693e+18 1.17187e+22 1.29702e+22
43.5536 468.75 4.62956e+18 1.05493e+22 1.27954e+22
43.5936 468.75 4.62166e+18 8.81806e+21 1.25074e+22
43.6336 468.75 4.6134e+18 7.69991e+21 1.30157e+22
43.6737 468.75 4.60522e+18 7.94255e+21 1.28519e+22
43.7137 468.75 4.59755e+18 9.42969e+21 1.30725e+22
43.7538 468.75 4.59068e+18 1.13133e+22 1.29439e+22
43.7938 468.75 4.58445e+18 1.24361e+22 1.26785e+22
43.8338 468.75 4.57851e+18 1.21938e+22 1.25237e+22
43.8739 468.75 4.57245e+18 1.07809e+22 1.28096e+22
43.9139 468.75 4.56599e+18 9.1546e+21 1.27306e+22
43.954 468.75 4.55917e+18 8.38223e+21 1.25471e+22
43.994 468.75 4.55216e+18 8.9514e+21 1.29204e+22
44.034 468.75 4.54524e+18 1.05835e+22 1.2959e+22
44.0741 468.75 4.53857e+18 1.22786e+22 1.30407e+22
44.1141 468.75 4.53228e+18 1.30504e+22 1.30735e+22
44.1542 468.75 4.52639e+18 1.24577e+22 1.24759e+22
44.1942 468.75 4.52089e+18 1.08993e+22 1.2248e+22
44.2342 468.75 4.51566e+18 9.40932e+21 1.24576e+22
44.2743 468.75 4.51046e+18 8.87315e+21 1.25084e+22
44.3143 468.75 4.50496e+18 9.6287e+21 1.22361e+22
44.3544 468.75 4.49885e+18 1.11839e+22 1.26557e+22
44.3944 468.75 4.49213e+18 1.25766e+22 1.29092e+22
44.4344 468.75 4.48506e+18 1.2994e+22 1.30167e+22
44.4745 468.75 4.47822e+18 1.21663e+22 1.22812e+22
44.5145 468.75 4.47211e+18 1.06379e+22 1.19544e+22
44.5546 468.75 4.46683e+18 9.2985e+21 1.21902e+22
44.5946 468.75 4.46202e+18 8.92168e+21 1.229e+22
44.6346 468.75 4.45702e+18 9.68112e+21 1.21315e+22
44.6747 468.75 4.45121e+18 1.10218e+22 1.20838e+22
44.7147 468.75 4.44432e+18 1.2116e+22 1.21816e+22
44.7548 468.75 4.43674e+18 1.22522e+22 1.22703e+22
44.7948 468.75 4.42907e+18 1.13492e+22 1.23405e+22
44.8348 468.75 4.42197e+18 9.93588e+21 1.19314e+22
44.8749 468.75 4.41564e+18 8.77137e+21 1.21226e+22
44.9149 468.75 4.40982e+18 8.51005e+21 1.23023e+22
44.955 468.75 4.40397e+18 9.17735e+21 1.20103e+22
44.995 468.75 4.39763e+18 1.02933e+22 1.20912e+22
45.035 468.75 4.39072e+18 1.11194e+22 1.23529e+22
45.0751 468.75 4.38348e+18 1.1097e+22 1.2038e+22
45.1151 468.75 4.3763e+18 1.02423e+22 1.18897e+22
45.1552 468.75 4.36937e+18 8.98638e+21 1.19226e+22
45.1952 468.75 4.36259e+18 8.02341e+21 1.24167e+22
45.2352 468.75 4.35562e+18 7.84754e+21 1.24381e+22
45.2753 468.75 4.34833e+18 8.44896e+21 1.16575e+22
45.3153 468.75 4.34089e+18 9.40259e+21 1.19092e+22
45.3554 468.75 4.33376e+18 1.00364e+22 1.24929e+22
45.3954 468.75 4.32739e+18 9.94232e+21 1.19986e+22
45.4354 468.75 4.3218e+18 9.15977e+21 1.20061e+22
45.4755 468.75 4.31653e+18 8.10467e+21 1.23046e+22
45.5155 468.75 4.31076e+18 7.39026e+21 1.20982e+22
45.5556 468.75 4.30395e+18 7.33607e+21 1.22379e+22
45.5956 468.75 4.29615e+18 7.91405e+21 1.19093e+22
45.6356 468.75 4.28808e+18 8.7173e+21 1.20467e+22
45.6757 468.75 4.2808e+18 9.20436e+21 1.23664e+22
45.7157 468.75 4.27498e+18 9.10006e+21 1.17971e+22
45.7558 468.75 4.27062e+18 8.45475e+21 1.21706e+22
45.7958 468.75 4.26683e+18 7.66085e+21 1.22346e+22
45.8358 468.75 4.26249e+18 7.1775e+21 1.20649e+22
45.8759 468.75 4.2568e+18 7.22699e+21 1.19824e+22
45.9159 468.75 4.24979e+18 7.77688e+21 1.18023e+22
45.956 468.75 4.2423e+18 8.45101e+21 1.19829e+22
45.996 468.75 4.23543e+18 8.85933e+21 1.23862e+22
46.036 468.75 4.22992e+18 8.80125e+21 1.17722e+22
46.0761 468.75 4.2257e+18 8.33136e+21 1.19435e+22
46.1161 468.75 4.22197e+18 7.78208e+21 1.20856e+22
46.1562 468.75 4.21772e+18 7.46785e+21 1.21143e+22
46.1962 468.75 4.21241e+18 7.57415e+21 1.20182e+22
46.2362 468.75 4.20623e+18 8.06392e+21 1.19822e+22
46.2763 468.75 4.19988e+18 8.63228e+21 1.20793e+22
46.3163 468.75 4.1941e+18 9.00683e+21 1.18749e+22
46.3564 468.75 4.18912e+18 9.01704e+21 1.17002e+22
46.3964 468.75 4.18453e+18 8.70826e+21 1.19076e+22
46.4364 468.75 4.17961e+18 8.33747e+21 1.23605e+22
46.4765 468.75 4.17386e+18 8.12641e+21 1.16179e+22
46.5165 468.75 4.16743e+18 8.24975e+21 1.16621e+22
46.5566 468.75 4.16098e+18 8.65313e+21 1.19288e+22
46.5966 468.75 4.15528e+18 9.11271e+21 1.2262e+22
46.6366 468.75 4.15056e+18 9.43311e+21 1.14082e+22
46.6767 468.75 4.14636e+18 9.47074e+21 1.17838e+22
46.7167 468.75 4.14172e+18 9.27722e+21 1.17312e+22
46.7568 468.75 4.13576e+18 9.03458e+21 1.20111e+22
46.7968 468.75 4.12837e+18 8.90885e+21 1.1576e+22
46.8368 468.75 4.12025e+18 9.02589e+21 1.19171e+22
46.8769 468.75 4.11264e+18 9.31392e+21 1.18331e+22
46.9169 468.75 4.10654e+18 9.61193e+21 1.19446e+22
46.957 468.75 4.10209e+18 9.80949e+21 1.12633e+22
46.997 468.75 4.09843e+18 9.81475e+21 1.18366e+22
47.037 468.75 4.09416e+18 9.69097e+21 1.199e+22
47.0771 468.75 4.08821e+18 9.56962e+21 1.16256e+22
47.1171 468.75 4.08042e+18 9.53558e+21 1.14679e+22
47.1572 468.75 4.07173e+18 9.63357e+21 1.15095e+22
47.1972 468.75 4.06357e+18 9.77926e+21 1.14808e+22
47.2372 468.75 4.05702e+18 9.87854e+21 1.19916e+22
47.2773 468.75 4.05228e+18 9.89991e+21 1.13003e+22
47.3173 468.75 4.04843e+18 9.80936e+21 1.16266e+22
47.3574 468.75 4.04415e+18 9.71658e+21 1.17548e+22
47.3974 468.75 4.0385e+18 9.70467e+21 1.17363e+22
47.4374 468.75 4.03141e+18 9.75442e+21 1.1695e+22
47.4775 468.75 4.02375e+18 9.84872e+21 1.13903e+22
47.5175 468.75 4.01667e+18 9.88131e+21 1.16277e+22
47.5576 468.75 4.01093e+18 9.80012e+21 1.14322e+22
47.5976 468.75 4.00641e+18 9.62039e+21 1.11915e+22
47.6376 468.75 4.00228e+18 9.4085e+21 1.13867e+22
47.6777 468.75 3.99754e+18 9.30151e+21 1.17763e+22
47.7177 468.75 3.99168e+18 9.33618e+21 1.13946e+22
47.7578 468.75 3.98509e+18 9.46217e+21 1.13288e+22
47.7978 468.75 3.97866e+18 9.60438e+21 1.13527e+22
47.8378 468.75 3.97327e+18 9.60983e+21 1.17643e+22
47.8779 468.75 3.96917e+18 9.40848e+21 1.13366e+22
47.9179 468.75 3.96575e+18 9.08103e+21 1.0912e+22
47.958 468.75 3.96198e+18 8.733e+21 1.11921e+22
47.998 468.75 3.957e+18 8.53093e+21 1.13025e+22
48.038 468.75 3.95075e+18 8.56143e+21 1.1284e+22
48.0781 468.75 3.94398e+18 8.76367e+21 1.13466e+22
48.1181 468.75 3.93787e+18 9.00891e+21 1.0972e+22
48.1582 468.75 3.9333e+18 9.08151e+21 1.12861e+22
48.1982 468.75 3.93021e+18 8.88394e+21 1.12782e+22
48.2382 468.75 3.92768e+18 8.47057e+21 1.0754e+22
48.2783 468.75 3.92442e+18 7.97369e+21 1.13491e+22
48.3183 468.75 3.91952e+18 7.64269e+21 1.12244e+22
48.3584 468.75 3.91305e+18 7.6286e+21 1.06601e+22
48.3984 468.75 3.90598e+18 7.88345e+21 1.07341e+22
48.4384 468.75 3.89963e+18 8.26291e+21 1.08696e+22
48.4785 468.75 3.89488e+18 8.50741e+21 1.10722e+22
48.5185 468.75 3.89163e+18 8.40987e+21 1.10542e+22
48.5586 468.75 3.8889e+18 7.98167e+21 1.05727e+22
48.5986 468.75 3.88539e+18 7.38983e+21 1.08594e+22
48.6386 468.75 3.88029e+18 6.91924e+21 1.1193e+22
48.6787 468.75 3.8737e+18 6.8049e+21 1.08602e+22
48.7187 468.75 3.86659e+18 7.0899e+21 1.08862e+22
48.7588 468.75 3.86017e+18 7.61178e+21 1.07594e+22
48.7988 468.75 3.85514e+18 8.05809e+21 1.07014e+22
48.8388 468.75 3.85132e+18 8.14332e+21 1.06932e+22
48.8789 468.75 3.8478e+18 7.80632e+21 1.03348e+22
48.9189 468.75 3.84345e+18 7.1685e+21 1.07369e+22
48.959 468.75 3.83767e+18 6.56146e+21 1.07236e+22
48.999 468.75 3.83074e+18 6.32496e+21 1.06046e+22
49.039 468.75 3.82362e+18 6.56507e+21 1.05701e+22
49.0791 468.75 3.81739e+18 7.17134e+21 1.08375e+22
49.1191 468.75 3.81253e+18 7.83782e+21 1.09059e+22
49.1592 468.75 3.80871e+18 8.17141e+21 1.0603e+22
49.1992 468.75 3.80491e+18 8.00234e+21 1.01938e+22
49.2392 468.75 3.8001e+18 7.42058e+21 1.01867e+22
49.2793 468.75 3.79387e+18 6.7051e+21 1.03566e+22
49.3193 468.75 3.78663e+18 6.27307e+21 1.04358e+22
49.3594 468.75 3.77947e+18 6.37364e+21 1.02257e+22
49.3994 468.75 3.77344e+18 6.97184e+21 1.02592e+22
49.4394 468.75 3.76895e+18 7.79623e+21 1.03731e+22
49.4795 468.75 3.76554e+18 8.42844e+21 1.05965e+22
49.5195 468.75 3.76214e+18 8.54711e+21 1.03495e+22
49.5596 468.75 3.75768e+18 8.10807e+21 1.01704e+22
49.5996 468.75 3.75176e+18 7.34441e+21 1.03952e+22
49.6396 468.75 3.74486e+18 6.67893e+21 9.89648e+21
49.6797 468.75 3.73808e+18 6.49378e+21 9.99307e+21
49.7197 468.75 3.73241e+18 6.92046e+21 1.00284e+22
49.7598 468.75 3.7283e+18 7.79912e+21 9.9982e+21
49.7998 468.75 3.72528e+18 8.70544e+21 1.00272e+22
49.8398 468.75 3.72231e+18 9.20276e+21 9.94141e+21
49.8799 468.75 3.71839e+18 9.06713e+21 9.79787e+21
49.9199 468.75 3.71315e+18 8.36696e+21 1.02552e+22
49.96 468.75 3.70699e+18 7.48469e+21 1.02271e+22
50 468.75 3.70091e+18 6.91334e+21 9.8843e+21
