#S 1 scored data
#N 5
#L  distance  fwhm  total_intensity  on_axis_intensity  peak_intensity
10 189.282 6.64254e+18 3.67566e+22 4.46446e+22
10.04 185.53 6.64253e+18 3.50746e+22 4.6897e+22
10.0801 182.404 6.64244e+18 3.45315e+22 4.57279e+22
10.1201 192.72 6.64238e+18 3.53914e+22 4.39248e+22
10.1602 189.907 6.64249e+18 3.85057e+22 4.41269e+22
10.2002 187.719 6.64234e+18 4.07381e+22 4.56902e+22
10.2402 176.778 6.64255e+18 4.07725e+22 4.68288e+22
10.2803 179.904 6.64261e+18 4.08577e+22 4.56856e+22
10.3203 180.216 6.64271e+18 4.03797e+22 4.59699e+22
10.3604 178.653 6.64257e+18 3.81685e+22 4.76876e+22
10.4004 175.84 6.64259e+18 3.73379e+22 4.60679e+22
10.4404 175.84 6.64269e+18 4.05415e+22 4.61963e+22
10.4805 173.339 6.64287e+18 4.20615e+22 4.82038e+22
10.5205 173.652 6.64339e+18 4.1323e+22 4.81879e+22
10.5606 170.838 6.64406e+18 4.27172e+22 4.6244e+22
10.6006 171.62 6.6443e+18 4.25077e+22 4.63135e+22
10.6406 173.652 6.64463e+18 4.05804e+22 4.78398e+22
10.6807 172.714 6.64467e+18 4.22446e+22 4.65591e+22
10.7207 172.401 6.64467e+18 4.22411e+22 4.73847e+22
10.7608 169.588 6.64449e+18 4.22258e+22 4.91014e+22
10.8008 169.9 6.64465e+18 4.61564e+22 4.76971e+22
10.8408 167.399 6.64469e+18 4.40282e+22 4.80515e+22
10.8809 168.337 6.64488e+18 3.92062e+22 4.70821e+22
10.9209 169.9 6.64492e+18 4.13323e+22 4.69457e+22
10.961 167.087 6.64493e+18 4.50426e+22 4.91055e+22
11.001 165.993 6.64487e+18 4.52746e+22 4.89724e+22
11.041 165.68 6.64466e+18 4.127e+22 4.7903e+22
11.0811 164.43 6.64452e+18 3.99654e+22 4.78648e+22
11.1211 163.961 6.6445e+18 4.33625e+22 4.82673e+22
11.1612 162.085 6.64486e+18 4.27292e+22 4.87026e+22
11.2012 163.336 6.64499e+18 4.42067e+22 4.91709e+22
11.2412 163.336 6.64536e+18 4.55065e+22 5.12467e+22
11.2813 161.147 6.64559e+18 4.31221e+22 5.20852e+22
11.3213 161.147 6.64569e+18 4.35457e+22 5.18584e+22
11.3614 160.21 6.64569e+18 4.08265e+22 5.1789e+22
11.4014 158.959 6.64562e+18 3.95965e+22 5.07228e+22
11.4414 155.833 6.64563e+18 4.38498e+22 5.44387e+22
11.4815 155.52 6.64564e+18 4.71752e+22 5.30422e+22
11.5215 151.457 6.64575e+18 4.40973e+22 5.431e+22
11.5616 157.709 6.64583e+18 3.74395e+22 5.42697e+22
11.6016 149.268 6.64589e+18 4.06937e+22 5.47926e+22
11.6416 155.833 6.64575e+18 4.3972e+22 5.44496e+22
11.6817 142.704 6.6456e+18 4.35407e+22 5.55044e+22
11.7217 142.079 6.64556e+18 4.09102e+22 5.66348e+22
11.7618 146.768 6.64561e+18 3.58645e+22 5.67405e+22
11.8018 140.047 6.64558e+18 3.86155e+22 5.50986e+22
11.8418 144.892 6.64563e+18 4.31346e+22 5.54556e+22
11.8819 140.828 6.64553e+18 4.38749e+22 5.84872e+22
11.9219 139.89 6.64565e+18 3.67653e+22 5.69385e+22
11.962 138.952 6.64565e+18 3.63469e+22 5.89055e+22
12.002 138.015 6.64581e+18 3.87231e+22 5.69765e+22
12.042 137.702 6.64588e+18 4.25799e+22 5.84006e+22
12.0821 135.826 6.64586e+18 4.29423e+22 5.71144e+22
12.1221 137.077 6.64583e+18 3.49877e+22 5.79825e+22
12.1622 136.139 6.64584e+18 3.28676e+22 5.99293e+22
12.2022 135.201 6.64582e+18 3.94494e+22 5.96347e+22
12.2422 135.826 6.64576e+18 4.38689e+22 5.76384e+22
12.2823 134.889 6.64579e+18 3.60561e+22 5.7987e+22
12.3223 133.326 6.64576e+18 3.35147e+22 5.8856e+22
12.3624 132.7 6.64578e+18 3.33388e+22 5.80443e+22
12.4024 131.137 6.64577e+18 3.85397e+22 6.0427e+22
12.4424 130.825 6.64574e+18 3.87869e+22 6.13978e+22
12.4825 131.137 6.64567e+18 3.51521e+22 6.03601e+22
12.5225 132.388 6.64579e+18 2.99106e+22 5.9686e+22
12.5626 131.137 6.64569e+18 3.35423e+22 5.7928e+22
12.6026 129.262 6.64574e+18 3.5855e+22 6.16657e+22
12.6426 128.011 6.64574e+18 3.63867e+22 6.24302e+22
12.6827 126.448 6.64577e+18 3.06703e+22 6.35172e+22
12.7227 126.136 6.64575e+18 3.03384e+22 6.25095e+22
12.7628 127.699 6.6458e+18 3.27009e+22 6.39462e+22
12.8028 124.26 6.64587e+18 3.55107e+22 6.46518e+22
12.8428 126.136 6.64586e+18 3.30774e+22 6.29251e+22
12.8829 122.072 6.64578e+18 3.36923e+22 6.74978e+22
12.9229 121.916 6.64579e+18 3.04876e+22 6.64971e+22
12.963 123.01 6.64576e+18 3.32995e+22 6.65338e+22
13.003 111.443 6.64585e+18 3.5524e+22 6.88256e+22
13.043 117.07 6.64585e+18 3.37004e+22 6.70597e+22
13.0831 112.381 6.64584e+18 3.22897e+22 7.28977e+22
13.1231 109.88 6.64579e+18 3.08707e+22 7.05871e+22
13.1632 110.818 6.64577e+18 3.1338e+22 7.0374e+22
13.2032 108.942 6.64571e+18 3.78075e+22 7.29855e+22
13.2432 107.379 6.64578e+18 3.8023e+22 7.11989e+22
13.2833 107.379 6.64576e+18 3.19277e+22 7.36297e+22
13.3233 107.379 6.64594e+18 3.34589e+22 7.33451e+22
13.3634 106.598 6.64596e+18 3.43083e+22 7.38291e+22
13.4034 104.879 6.64599e+18 4.06569e+22 7.6435e+22
13.4434 106.442 6.64594e+18 3.86291e+22 7.50232e+22
13.4835 106.285 6.64591e+18 3.44179e+22 7.46468e+22
13.5235 104.253 6.64582e+18 3.8446e+22 7.40458e+22
13.5636 103.628 6.64589e+18 4.07442e+22 7.66487e+22
13.6036 103.316 6.64589e+18 4.24722e+22 7.84164e+22
13.6436 101.44 6.64606e+18 4.18934e+22 7.77565e+22
13.6837 101.127 6.64606e+18 4.15167e+22 7.73666e+22
13.7237 102.065 6.64604e+18 4.31275e+22 7.7331e+22
13.7638 102.222 6.64593e+18 4.5495e+22 7.60142e+22
13.8038 100.502 6.64588e+18 4.86612e+22 7.90584e+22
13.8438 99.7207 6.64587e+18 5.05963e+22 7.73302e+22
13.8839 98.9392 6.6459e+18 4.80221e+22 7.8915e+22
13.9239 99.877 6.64586e+18 4.66972e+22 7.86962e+22
13.964 97.2198 6.64591e+18 5.33858e+22 7.70403e+22
14.004 97.6888 6.64589e+18 5.8953e+22 8.02209e+22
14.044 98.9392 6.64583e+18 5.8049e+22 8.01674e+22
14.0841 98.0014 6.64591e+18 5.68587e+22 8.05104e+22
14.1241 95.8131 6.64595e+18 5.54379e+22 8.23493e+22
14.1642 95.3442 6.64595e+18 6.17424e+22 8.10035e+22
14.2042 89.8737 6.646e+18 6.562e+22 8.56683e+22
14.2442 84.872 6.64598e+18 6.87049e+22 8.84403e+22
14.2843 85.1846 6.64598e+18 6.96117e+22 8.75674e+22
14.3243 83.6216 6.64601e+18 6.33701e+22 8.99402e+22
14.3644 82.5275 6.64598e+18 7.2771e+22 9.04163e+22
14.4044 83.1527 6.64604e+18 7.58965e+22 9.1271e+22
14.4444 81.5896 6.64601e+18 7.83065e+22 9.28205e+22
14.4845 80.8081 6.64607e+18 7.72267e+22 9.42841e+22
14.5245 79.8703 6.64606e+18 7.75391e+22 9.65761e+22
14.5646 79.0888 6.64607e+18 8.09696e+22 9.82341e+22
14.6046 78.3073 6.64605e+18 8.60752e+22 9.92457e+22
14.6446 78.151 6.64603e+18 9.23783e+22 9.82017e+22
14.6847 78.9325 6.64599e+18 8.80188e+22 9.95234e+22
14.7247 78.6199 6.64597e+18 8.7663e+22 9.97733e+22
14.7648 77.0569 6.64595e+18 8.59548e+22 1.04823e+23
14.8048 76.2754 6.64593e+18 9.49042e+22 1.03638e+23
14.8448 76.4317 6.64589e+18 1.02413e+23 1.02471e+23
14.8849 75.8065 6.64582e+18 9.96388e+22 1.00987e+23
14.9249 74.2435 6.64579e+18 9.93112e+22 1.02277e+23
14.965 75.025 6.64583e+18 9.90249e+22 1.03196e+23
15.005 74.5561 6.64587e+18 9.45679e+22 1.05058e+23
15.045 73.3056 6.64588e+18 1.07393e+23 1.07452e+23
15.0851 71.7426 6.64591e+18 1.07729e+23 1.07795e+23
15.1251 71.43 6.64584e+18 1.04718e+23 1.06658e+23
15.1652 69.867 6.64581e+18 1.0358e+23 1.0541e+23
15.2052 66.1157 6.64581e+18 1.0874e+23 1.08795e+23
15.2452 62.9897 6.64579e+18 1.04841e+23 1.10265e+23
15.2853 62.3645 6.64589e+18 1.13345e+23 1.13453e+23
15.3253 60.6452 6.64592e+18 1.1007e+23 1.16132e+23
15.3654 59.5511 6.64591e+18 1.02226e+23 1.19491e+23
15.4054 59.5511 6.64594e+18 1.03015e+23 1.19027e+23
15.4454 59.2385 6.64592e+18 1.07439e+23 1.227e+23
15.4855 57.8317 6.64585e+18 1.11616e+23 1.24042e+23
15.5255 57.3628 6.64584e+18 1.10007e+23 1.30871e+23
15.5656 57.0502 6.64583e+18 1.10966e+23 1.34871e+23
15.6056 57.3628 6.64578e+18 9.75659e+22 1.34827e+23
15.6456 55.6435 6.64581e+18 9.84187e+22 1.36913e+23
15.6857 55.7998 6.64581e+18 1.01007e+23 1.39499e+23
15.7257 55.1746 6.64581e+18 1.02432e+23 1.37859e+23
15.7658 54.862 6.64579e+18 1.02062e+23 1.38015e+23
15.8058 53.6116 6.6457e+18 9.8405e+22 1.41436e+23
15.8458 52.9864 6.64561e+18 9.28569e+22 1.43786e+23
15.8859 51.4234 6.6456e+18 9.2167e+22 1.52087e+23
15.9259 49.2351 6.64568e+18 9.37465e+22 1.53771e+23
15.966 50.7982 6.64572e+18 8.94463e+22 1.50667e+23
16.006 50.4855 6.64584e+18 8.84474e+22 1.45145e+23
16.046 51.1108 6.6458e+18 8.17296e+22 1.44677e+23
16.0861 45.7965 6.6458e+18 7.94405e+22 1.46142e+23
16.1261 42.0452 6.64573e+18 8.42935e+22 1.5204e+23
16.1662 41.8889 6.64569e+18 8.4911e+22 1.53534e+23
16.2062 42.0452 6.64561e+18 8.13865e+22 1.5008e+23
16.2462 41.42 6.64564e+18 7.73154e+22 1.52304e+23
16.2863 39.857 6.64566e+18 7.26615e+22 1.6183e+23
16.3263 39.2318 6.64567e+18 6.98424e+22 1.68726e+23
16.3664 39.0755 6.64564e+18 7.68132e+22 1.73261e+23
16.4064 38.6066 6.64562e+18 7.96983e+22 1.80491e+23
16.4464 37.9814 6.64562e+18 7.75007e+22 1.83996e+23
16.4865 37.3562 6.64563e+18 8.00039e+22 1.90764e+23
16.5265 37.0436 6.64552e+18 7.299e+22 1.98821e+23
16.5666 36.1058 6.64546e+18 8.15693e+22 2.07317e+23
16.6066 35.4806 6.64542e+18 8.43951e+22 2.10407e+23
16.6466 34.2301 6.64537e+18 8.91734e+22 2.19737e+23
16.6867 33.9175 6.64528e+18 9.32645e+22 2.21243e+23
16.7267 31.7293 6.64525e+18 9.6471e+22 2.29587e+23
16.7668 29.2285 6.64525e+18 1.02453e+23 2.34065e+23
16.8068 25.7898 6.64525e+18 1.13552e+23 2.40513e+23
16.8468 25.0083 6.64529e+18 1.25331e+23 2.38049e+23
16.8869 24.5394 6.64518e+18 1.31537e+23 2.41721e+23
16.9269 23.9142 6.64516e+18 1.4004e+23 2.46072e+23
16.967 23.289 6.64521e+18 1.4472e+23 2.5091e+23
17.007 23.289 6.64518e+18 1.63266e+23 2.58052e+23
17.047 22.9764 6.64513e+18 1.81894e+23 2.59216e+23
17.0871 23.289 6.645e+18 2.04738e+23 2.51761e+23
17.1271 22.8201 6.64493e+18 2.184e+23 2.49106e+23
17.1672 22.6638 6.6449e+18 2.33333e+23 2.46241e+23
17.2072 22.3512 6.64495e+18 2.43609e+23 2.52099e+23
17.2472 22.0386 6.64488e+18 2.6765e+23 2.67664e+23
17.2873 21.2571 6.64482e+18 2.89406e+23 2.89734e+23
17.3273 20.163 6.64476e+18 3.24883e+23 3.24987e+23
17.3674 19.2251 6.64475e+18 3.47011e+23 3.47032e+23
17.4074 18.7562 6.64464e+18 3.71105e+23 3.71176e+23
17.4474 17.6621 6.64457e+18 3.96364e+23 3.96441e+23
17.4875 15.4739 6.64444e+18 4.20685e+23 4.20815e+23
17.5275 9.22182 6.64443e+18 4.5644e+23 4.56549e+23
17.5676 8.28401 6.64441e+18 4.94781e+23 4.94952e+23
17.6076 8.28401 6.64445e+18 5.12555e+23 5.12574e+23
17.6476 7.6588 6.64424e+18 5.46959e+23 5.47129e+23
17.6877 7.34619 6.64428e+18 5.69855e+23 5.69963e+23
17.7277 7.03359 6.6441e+18 6.0056e+23 6.00586e+23
17.7678 6.72099 6.64409e+18 6.52699e+23 6.52947e+23
17.8078 6.72099 6.644e+18 6.87122e+23 6.87309e+23
17.8478 6.40838 6.64398e+18 7.23247e+23 7.23401e+23
17.8879 6.40838 6.64388e+18 7.47711e+23 7.47916e+23
17.9279 6.40838 6.64387e+18 7.68595e+23 7.68802e+23
17.968 6.40838 6.64391e+18 7.93987e+23 7.94112e+23
18.008 6.09578 6.64397e+18 8.24016e+23 8.24149e+23
18.048 6.09578 6.64386e+18 8.73478e+23 8.73832e+23
18.0881 5.78317 6.64379e+18 9.00724e+23 9.00922e+23
18.1281 5.78317 6.64366e+18 9.25146e+23 9.25356e+23
18.1682 5.78317 6.6436e+18 9.51961e+23 9.52355e+23
18.2082 5.78317 6.64362e+18 9.53257e+23 9.53405e+23
18.2482 5.78317 6.64355e+18 9.77375e+23 9.77571e+23
18.2883 5.78317 6.64346e+18 9.99249e+23 9.99547e+23
18.3283 5.62687 6.64347e+18 1.02156e+24 1.02192e+24
18.3684 5.47057 6.64346e+18 1.03154e+24 1.03182e+24
18.4084 5.62687 6.6434e+18 1.02879e+24 1.02902e+24
18.4484 5.47057 6.64337e+18 1.04216e+24 1.04256e+24
18.4885 5.47057 6.64317e+18 1.03003e+24 1.03019e+24
18.5285 5.47057 6.64318e+18 1.04383e+24 1.04407e+24
18.5686 5.47057 6.64313e+18 1.04765e+24 1.048e+24
18.6086 5.47057 6.64317e+18 1.04312e+24 1.04351e+24
18.6486 5.47057 6.64323e+18 1.01876e+24 1.01905e+24
18.6887 5.62687 6.64312e+18 9.86504e+23 9.86672e+23
18.7287 5.78317 6.64311e+18 9.65847e+23 9.66167e+23
18.7688 5.78317 6.64313e+18 9.41723e+23 9.41956e+23
18.8088 5.62687 6.64307e+18 9.2056e+23 9.20726e+23
18.8488 5.47057 6.64299e+18 9.1229e+23 9.12587e+23
18.8889 5.47057 6.6429e+18 8.78734e+23 8.79041e+23
18.9289 5.62687 6.64283e+18 8.49765e+23 8.50077e+23
18.969 5.78317 6.64287e+18 7.86631e+23 7.86655e+23
19.009 6.09578 6.64292e+18 7.58959e+23 7.59181e+23
19.049 6.09578 6.64301e+18 7.08917e+23 7.09107e+23
19.0891 6.40838 6.64296e+18 6.77663e+23 6.77858e+23
19.1291 6.56468 6.64299e+18 6.29847e+23 6.29924e+23
19.1692 7.03359 6.64291e+18 5.90873e+23 5.91022e+23
19.2092 7.6588 6.64294e+18 5.45594e+23 5.45789e+23
19.2492 13.2857 6.64288e+18 4.92947e+23 4.93001e+23
19.2893 14.8487 6.64279e+18 4.51911e+23 4.51937e+23
19.3293 16.0991 6.64271e+18 4.12813e+23 4.12847e+23
19.3694 16.7243 6.64262e+18 3.82525e+23 3.82665e+23
19.4094 17.3495 6.64264e+18 3.41505e+23 3.41575e+23
19.4494 17.9747 6.64266e+18 3.00406e+23 3.09263e+23
19.4895 17.9747 6.64263e+18 2.63601e+23 3.11739e+23
19.5295 18.2873 6.64263e+18 2.3121e+23 3.16059e+23
19.5696 18.2873 6.64257e+18 2.07101e+23 3.21132e+23
19.6096 18.5999 6.64253e+18 1.84651e+23 3.23446e+23
19.6496 18.9125 6.64254e+18 1.68962e+23 3.19325e+23
19.6897 20.163 6.64254e+18 1.53913e+23 3.1318e+23
19.7297 24.852 6.64246e+18 1.34736e+23 2.96323e+23
19.7698 25.7898 6.64249e+18 1.20776e+23 2.86134e+23
19.8098 26.415 6.6424e+18 1.06483e+23 2.7053e+23
19.8498 27.0402 6.64244e+18 1.09281e+23 2.62919e+23
19.8899 27.3529 6.64247e+18 1.06921e+23 2.45913e+23
19.9299 27.6655 6.64245e+18 1.14655e+23 2.37361e+23
19.97 28.6033 6.64242e+18 1.12394e+23 2.15507e+23
20.01 29.2285 6.64238e+18 1.19628e+23 2.12439e+23
20.0501 31.1041 6.64233e+18 1.24024e+23 2.12633e+23
20.0901 33.2923 6.64229e+18 1.329e+23 2.14702e+23
20.1301 34.8553 6.64236e+18 1.41965e+23 2.15798e+23
20.1702 35.7932 6.64223e+18 1.47404e+23 2.11752e+23
20.2102 35.7932 6.64224e+18 1.57646e+23 2.10903e+23
20.2503 36.4184 6.64219e+18 1.57374e+23 2.01989e+23
20.2903 36.731 6.6422e+18 1.65136e+23 1.95934e+23
20.3303 37.1999 6.64221e+18 1.61086e+23 1.87829e+23
20.3704 37.9814 6.64221e+18 1.70372e+23 1.80627e+23
20.4104 42.9831 6.64218e+18 1.69873e+23 1.73058e+23
20.4505 43.2957 6.64212e+18 1.77288e+23 1.77357e+23
20.4905 44.0772 6.64212e+18 1.7105e+23 1.71114e+23
20.5305 43.9209 6.64207e+18 1.63882e+23 1.68132e+23
20.5706 44.5461 6.64211e+18 1.52073e+23 1.70688e+23
20.6106 44.8587 6.64208e+18 1.40983e+23 1.66724e+23
20.6507 45.1713 6.64201e+18 1.37724e+23 1.65704e+23
20.6907 46.1091 6.64205e+18 1.29353e+23 1.58624e+23
20.7307 47.0469 6.64197e+18 1.27866e+23 1.5057e+23
20.7708 51.736 6.64196e+18 1.12829e+23 1.41179e+23
20.8108 52.0486 6.64193e+18 1.05626e+23 1.39825e+23
20.8509 52.0486 6.64189e+18 8.92913e+22 1.4199e+23
20.8909 52.3612 6.64182e+18 8.43259e+22 1.44788e+23
20.9309 53.6116 6.64179e+18 7.56027e+22 1.39312e+23
20.971 53.9242 6.64176e+18 7.42086e+22 1.37718e+23
21.011 54.862 6.6418e+18 7.05142e+22 1.36028e+23
21.0511 57.3628 6.64181e+18 6.89512e+22 1.29124e+23
21.0911 58.6133 6.64183e+18 6.99776e+22 1.27263e+23
21.1311 60.1763 6.6418e+18 7.10162e+22 1.20668e+23
21.1712 60.8015 6.64177e+18 7.94308e+22 1.17411e+23
21.2112 61.1141 6.64173e+18 8.32767e+22 1.18693e+23
21.2513 62.3645 6.64171e+18 9.40472e+22 1.18315e+23
21.2913 62.0519 6.64168e+18 9.52326e+22 1.2136e+23
21.3313 63.3023 6.64166e+18 1.01301e+23 1.18803e+23
21.3714 66.1157 6.6416e+18 9.94268e+22 1.1497e+23
21.4114 67.6788 6.64158e+18 1.01853e+23 1.09537e+23
21.4515 67.9914 6.64158e+18 1.01361e+23 1.08641e+23
21.4915 68.9292 6.64156e+18 1.02895e+23 1.07149e+23
21.5315 70.1796 6.64156e+18 1.02201e+23 1.08871e+23
21.5716 71.43 6.64158e+18 1.00012e+23 1.06971e+23
21.6116 71.7426 6.64151e+18 9.35067e+22 1.06679e+23
21.6517 73.6182 6.64153e+18 8.73193e+22 1.01504e+23
21.6917 75.4939 6.64151e+18 7.71325e+22 9.95718e+22
21.7317 76.4317 6.6415e+18 7.30298e+22 9.69405e+22
21.7718 77.0569 6.64145e+18 6.55976e+22 9.42877e+22
21.8118 77.6821 6.64143e+18 6.60108e+22 9.41582e+22
21.8519 78.9325 6.64135e+18 6.14323e+22 9.33253e+22
21.8919 79.2451 6.64127e+18 6.26279e+22 9.31747e+22
21.9319 79.714 6.64128e+18 5.95713e+22 9.37887e+22
21.972 82.0586 6.64118e+18 6.07842e+22 9.2664e+22
22.012 83.309 6.64118e+18 6.21143e+22 9.10928e+22
22.0521 83.6216 6.64118e+18 6.48813e+22 8.88303e+22
22.0921 84.872 6.64113e+18 6.99763e+22 8.74096e+22
22.1321 87.0602 6.64114e+18 7.1103e+22 8.62762e+22
22.1722 87.5291 6.64114e+18 7.37791e+22 8.7067e+22
22.2122 88.3106 6.64115e+18 7.14586e+22 8.71525e+22
22.2523 89.561 6.64113e+18 7.03845e+22 8.462e+22
22.2923 90.4989 6.64115e+18 6.94695e+22 8.58296e+22
22.3323 92.6871 6.64116e+18 6.88295e+22 8.2929e+22
22.3724 92.9997 6.64111e+18 7.12782e+22 8.16095e+22
22.4124 93.9375 6.64115e+18 7.03221e+22 8.04636e+22
22.4525 95.5005 6.64112e+18 7.02433e+22 8.01253e+22
22.4925 95.8131 6.64113e+18 6.60737e+22 8.00829e+22
22.5325 96.7509 6.64112e+18 6.08494e+22 7.83603e+22
22.5726 97.6888 6.6411e+18 5.70229e+22 7.94183e+22
22.6126 98.6266 6.64107e+18 5.24991e+22 8.05942e+22
22.6527 100.19 6.64102e+18 5.35139e+22 7.86322e+22
22.6927 101.127 6.641e+18 5.28797e+22 7.64288e+22
22.7327 101.753 6.64096e+18 5.56902e+22 7.70156e+22
22.7728 103.628 6.64089e+18 5.60985e+22 7.51399e+22
22.8128 104.566 6.64087e+18 5.58534e+22 7.56079e+22
22.8529 104.879 6.64078e+18 5.65011e+22 7.62514e+22
22.8929 106.129 6.64067e+18 5.4955e+22 7.50407e+22
22.9329 108.63 6.64066e+18 5.71983e+22 7.3524e+22
22.973 109.88 6.64057e+18 5.72082e+22 7.28156e+22
23.013 109.88 6.64055e+18 5.86261e+22 7.16102e+22
23.0531 111.131 6.64054e+18 5.8713e+22 7.07119e+22
23.0931 113.632 6.64051e+18 5.65301e+22 6.82989e+22
23.1331 113.319 6.64055e+18 5.54417e+22 6.9719e+22
23.1732 114.569 6.64056e+18 5.30629e+22 6.79382e+22
23.2132 115.82 6.64056e+18 5.21148e+22 6.72083e+22
23.2533 115.507 6.64062e+18 5.33592e+22 6.74215e+22
23.2933 117.07 6.64062e+18 5.17475e+22 6.66295e+22
23.3333 118.946 6.64061e+18 5.41879e+22 6.59697e+22
23.3734 118.633 6.64061e+18 4.9958e+22 6.50397e+22
23.4134 120.04 6.64054e+18 5.00143e+22 6.56221e+22
23.4535 121.759 6.64055e+18 4.59508e+22 6.48621e+22
23.4935 122.072 6.64049e+18 4.55899e+22 6.40517e+22
23.5335 122.697 6.64043e+18 4.54881e+22 6.53631e+22
23.5736 125.198 6.64039e+18 4.74065e+22 6.3758e+22
23.6136 126.136 6.64035e+18 4.88944e+22 6.33094e+22
23.6537 127.23 6.64033e+18 5.14155e+22 6.22021e+22
23.6937 128.324 6.64025e+18 4.92809e+22 6.30276e+22
23.7337 130.2 6.64026e+18 5.06549e+22 6.06608e+22
23.7738 130.2 6.64024e+18 4.60316e+22 6.15226e+22
23.8138 132.075 6.64016e+18 4.72377e+22 6.01383e+22
23.8539 132.388 6.64018e+18 4.51192e+22 6.13377e+22
23.8939 133.326 6.64014e+18 4.63019e+22 5.92459e+22
23.9339 135.826 6.64007e+18 4.70474e+22 5.78777e+22
23.974 136.764 6.64007e+18 4.62078e+22 5.82227e+22
24.014 138.015 6.64004e+18 4.63318e+22 5.66118e+22
24.0541 138.327 6.64002e+18 4.43419e+22 5.78281e+22
24.0941 139.89 6.64002e+18 4.30457e+22 5.6614e+22
24.1341 140.828 6.64001e+18 4.28062e+22 5.54726e+22
24.1742 141.453 6.64001e+18 4.23564e+22 5.52989e+22
24.2142 142.079 6.63998e+18 4.27898e+22 5.66069e+22
24.2543 143.329 6.63998e+18 4.38135e+22 5.54676e+22
24.2943 145.517 6.64e+18 4.12373e+22 5.50778e+22
24.3343 146.142 6.63996e+18 4.26406e+22 5.48055e+22
24.3744 146.768 6.63992e+18 3.83998e+22 5.44353e+22
24.4144 148.956 6.63992e+18 3.9943e+22 5.40528e+22
24.4545 149.737 6.63987e+18 3.88564e+22 5.58455e+22
24.4945 150.831 6.63981e+18 4.07557e+22 5.41794e+22
24.5345 151.144 6.63981e+18 4.27932e+22 5.4471e+22
24.5746 153.645 6.63978e+18 4.36832e+22 5.16945e+22
24.6146 154.895 6.63975e+18 4.39713e+22 5.2518e+22
24.6547 155.833 6.6397e+18 4.32776e+22 5.2139e+22
24.6947 157.396 6.63967e+18 4.0782e+22 5.06765e+22
24.7347 157.709 6.63963e+18 3.9585e+22 4.97368e+22
24.7748 159.272 6.63959e+18 3.89225e+22 5.07087e+22
24.8148 160.21 6.6396e+18 3.78679e+22 4.99964e+22
24.8549 160.835 6.63955e+18 4.08252e+22 4.85504e+22
24.8949 163.023 6.63955e+18 3.89555e+22 4.82295e+22
24.9349 164.586 6.63957e+18 4.15946e+22 4.69236e+22
24.975 164.586 6.63954e+18 3.92579e+22 4.70088e+22
25.015 165.524 6.63953e+18 3.85418e+22 4.6322e+22
25.0551 168.337 6.63954e+18 3.76443e+22 4.55839e+22
25.0951 168.962 6.63954e+18 3.60866e+22 4.58743e+22
25.1351 169.588 6.63953e+18 3.66228e+22 4.56849e+22
25.1752 170.525 6.63953e+18 3.66607e+22 4.57232e+22
25.2152 171.463 6.6395e+18 3.68118e+22 4.51883e+22
25.2553 173.652 6.63948e+18 3.66095e+22 4.39693e+22
25.2953 174.589 6.63946e+18 3.65058e+22 4.5653e+22
25.3353 175.84 6.63938e+18 3.41566e+22 4.45945e+22
25.3754 177.403 6.63935e+18 3.57363e+22 4.42569e+22
25.4154 178.653 6.63932e+18 3.36003e+22 4.3187e+22
25.4555 179.904 6.63924e+18 3.60958e+22 4.40835e+22
25.4955 181.154 6.63922e+18 3.68e+22 4.37921e+22
25.5355 182.404 6.63919e+18 3.67651e+22 4.33203e+22
25.5756 184.28 6.63912e+18 3.85227e+22 4.22715e+22
25.6156 184.905 6.63912e+18 3.57641e+22 4.25379e+22
25.6557 186.156 6.63912e+18 3.53214e+22 4.24035e+22
25.6957 186.781 6.6391e+18 3.32354e+22 4.15349e+22
25.7357 188.969 6.63911e+18 3.23724e+22 4.1969e+22
25.7758 190.532 6.63908e+18 3.19939e+22 4.02733e+22
25.8158 190.845 6.63907e+18 3.36804e+22 3.94414e+22
25.8559 191.47 6.63906e+18 3.35056e+22 3.9401e+22
25.8959 193.971 6.63899e+18 3.5319e+22 3.98431e+22
25.9359 195.534 6.63899e+18 3.52647e+22 3.86111e+22
25.976 195.534 6.639e+18 3.31947e+22 3.91583e+22
26.016 196.159 6.63898e+18 3.41657e+22 3.85449e+22
26.0561 197.722 6.63896e+18 3.06796e+22 3.83078e+22
26.0961 199.91 6.63898e+18 3.16778e+22 3.82565e+22
26.1361 201.161 6.63901e+18 3.12642e+22 3.83066e+22
26.1762 201.473 6.63903e+18 3.12675e+22 3.79333e+22
26.2162 202.724 6.63902e+18 3.28273e+22 3.80253e+22
26.2563 204.599 6.63904e+18 3.22245e+22 3.68187e+22
26.2963 205.537 6.63907e+18 3.24096e+22 3.76903e+22
26.3363 206.788 6.63904e+18 3.16723e+22 3.73956e+22
26.3764 208.038 6.63898e+18 3.16551e+22 3.7435e+22
26.4164 209.601 6.63898e+18 3.05364e+22 3.60746e+22
26.4565 210.539 6.63893e+18 3.23282e+22 3.64868e+22
26.4965 211.477 6.63883e+18 3.16921e+22 3.60782e+22
26.5365 213.665 6.63882e+18 3.24774e+22 3.54327e+22
26.5766 215.54 6.63877e+18 3.34289e+22 3.54694e+22
26.6166 215.228 6.63869e+18 3.06807e+22 3.59743e+22
26.6567 217.103 6.63866e+18 3.16215e+22 3.47269e+22
26.6967 217.729 6.63865e+18 2.89774e+22 3.49705e+22
26.7367 219.135 6.63863e+18 2.83955e+22 3.49501e+22
26.7768 221.167 6.63858e+18 2.90337e+22 3.39198e+22
26.8168 221.793 6.63855e+18 2.87013e+22 3.37471e+22
26.8569 222.73 6.63857e+18 3.05339e+22 3.26396e+22
26.8969 223.981 6.63855e+18 3.10957e+22 3.31627e+22
26.9369 225.544 6.6385e+18 3.16179e+22 3.27333e+22
26.977 226.794 6.6385e+18 3.04777e+22 3.21233e+22
27.017 228.357 6.63848e+18 3.03379e+22 3.13747e+22
27.0571 228.67 6.63847e+18 2.79443e+22 3.16985e+22
27.0971 230.545 6.63844e+18 2.71146e+22 3.1628e+22
27.1371 231.483 6.63844e+18 2.76481e+22 3.14103e+22
27.1772 233.046 6.63843e+18 2.60134e+22 3.04765e+22
27.2172 233.828 6.63841e+18 2.87609e+22 3.08578e+22
27.2573 235.547 6.63844e+18 2.83166e+22 3.03412e+22
27.2973 237.11 6.63844e+18 2.84444e+22 2.99874e+22
27.3373 238.361 6.63842e+18 2.97104e+22 2.9713e+22
27.3774 238.673 6.63844e+18 2.77786e+22 3.00015e+22
27.4174 240.549 6.63844e+18 2.81459e+22 3.02889e+22
27.4575 242.424 6.63843e+18 2.76938e+22 3.04747e+22
27.4975 243.675 6.63842e+18 2.76905e+22 2.93658e+22
27.5375 244.613 6.63839e+18 2.78173e+22 2.99815e+22
27.5776 245.238 6.63836e+18 2.86538e+22 2.95357e+22
27.6176 247.426 6.63834e+18 2.85798e+22 2.97422e+22
27.6577 248.989 6.6383e+18 2.74357e+22 2.93988e+22
27.6977 249.927 6.63823e+18 2.83246e+22 2.84002e+22
27.7377 251.177 6.63822e+18 2.57526e+22 2.84834e+22
27.7778 252.428 6.63819e+18 2.58028e+22 2.84827e+22
27.8178 253.991 6.63817e+18 2.64401e+22 2.8832e+22
27.8579 255.241 6.63814e+18 2.50565e+22 2.82517e+22
27.8979 256.492 6.63811e+18 2.76507e+22 2.79799e+22
27.9379 257.429 6.6381e+18 2.75684e+22 2.81953e+22
27.978 259.305 6.6381e+18 2.75728e+22 2.80214e+22
28.018 259.305 6.63806e+18 2.81753e+22 2.81916e+22
28.0581 260.868 6.63806e+18 2.6507e+22 2.78669e+22
28.0981 262.118 6.63805e+18 2.55199e+22 2.74395e+22
28.1381 263.681 6.63803e+18 2.41657e+22 2.79657e+22
28.1782 263.994 6.63802e+18 2.40211e+22 2.80524e+22
28.2182 265.557 6.63802e+18 2.3322e+22 2.73886e+22
28.2583 266.808 6.63801e+18 2.43697e+22 2.71735e+22
28.2983 269.621 6.63801e+18 2.58561e+22 2.73948e+22
28.3383 271.184 6.638e+18 2.51522e+22 2.6982e+22
28.3784 271.809 6.638e+18 2.72477e+22 2.73172e+22
28.4184 272.434 6.63799e+18 2.63539e+22 2.68073e+22
28.4585 273.997 6.63798e+18 2.5008e+22 2.63664e+22
28.4985 274.935 6.63795e+18 2.5925e+22 2.67244e+22
28.5385 276.186 6.63791e+18 2.38079e+22 2.63561e+22
28.5786 276.811 6.63792e+18 2.41136e+22 2.62121e+22
28.6186 277.436 6.6379e+18 2.46669e+22 2.64139e+22
28.6587 278.061 6.6378e+18 2.41953e+22 2.6692e+22
28.6987 278.999 6.63779e+18 2.5116e+22 2.65461e+22
28.7387 279.312 6.63781e+18 2.49141e+22 2.77352e+22
28.7788 279.937 6.63776e+18 2.49396e+22 2.7786e+22
28.8188 280.562 6.63773e+18 2.40116e+22 2.93175e+22
28.8589 281.187 6.63773e+18 2.39357e+22 3.0044e+22
28.8989 281.5 6.63773e+18 2.39458e+22 2.96902e+22
28.9389 282.125 6.63773e+18 2.29024e+22 3.0584e+22
28.979 282.438 6.63774e+18 2.47676e+22 3.24888e+22
29.019 283.688 6.63775e+18 2.44478e+22 3.19425e+22
29.0591 284.001 6.63775e+18 2.41388e+22 3.22968e+22
29.0991 285.251 6.63775e+18 2.57081e+22 3.21769e+22
29.1391 285.876 6.63773e+18 2.35651e+22 3.18817e+22
29.1792 287.127 6.63772e+18 2.30363e+22 3.06694e+22
29.2192 288.065 6.63772e+18 2.28391e+22 3.02926e+22
29.2593 289.94 6.63769e+18 2.09289e+22 3.03458e+22
29.2993 291.191 6.63767e+18 2.14681e+22 2.93931e+22
29.3393 291.816 6.63768e+18 2.17449e+22 2.96861e+22
29.3794 292.441 6.63768e+18 2.23566e+22 2.97111e+22
29.4194 293.379 6.63766e+18 2.32918e+22 2.97998e+22
29.4595 295.254 6.63764e+18 2.39295e+22 2.88643e+22
29.4995 295.88 6.63765e+18 2.45584e+22 2.89354e+22
29.5395 297.13 6.63765e+18 2.31573e+22 2.83295e+22
29.5796 297.13 6.63763e+18 2.3194e+22 2.86703e+22
29.6196 297.443 6.63761e+18 2.25317e+22 2.81549e+22
29.6597 298.693 6.63759e+18 2.04487e+22 2.76614e+22
29.6997 299.006 6.63755e+18 2.17751e+22 2.86889e+22
29.7397 300.881 6.63753e+18 2.14029e+22 2.69272e+22
29.7798 301.35 6.63748e+18 2.09544e+22 2.6583e+22
29.8198 302.444 6.63742e+18 2.31581e+22 2.67548e+22
29.8599 303.695 6.6374e+18 2.24761e+22 2.68838e+22
29.8999 304.633 6.63737e+18 2.22886e+22 2.64266e+22
29.9399 305.414 6.63731e+18 2.29672e+22 2.64064e+22
29.98 306.196 6.6373e+18 2.18563e+22 2.68597e+22
30.02 307.446 6.6373e+18 2.16048e+22 2.67935e+22
30.0601 307.759 6.63727e+18 2.14607e+22 2.69192e+22
30.1001 309.322 6.63725e+18 2.17666e+22 2.66759e+22
30.1401 310.259 6.63728e+18 2.1802e+22 2.65877e+22
30.1802 311.51 6.63729e+18 2.15457e+22 2.6917e+22
30.2202 311.51 6.63728e+18 2.2756e+22 2.74504e+22
30.2603 313.073 6.63729e+18 2.16119e+22 2.62072e+22
30.3003 313.073 6.63731e+18 2.06734e+22 2.61209e+22
30.3403 313.073 6.63731e+18 2.15895e+22 2.61653e+22
30.3804 314.636 6.63731e+18 1.95681e+22 2.63527e+22
30.4204 317.137 6.6373e+18 1.92495e+22 2.5759e+22
30.4605 317.137 6.63729e+18 2.06131e+22 2.62563e+22
30.5005 316.824 6.63729e+18 1.96041e+22 2.66495e+22
30.5405 317.762 6.63728e+18 2.06608e+22 2.7037e+22
30.5806 317.762 6.63729e+18 2.2044e+22 2.75565e+22
30.6206 318.387 6.63728e+18 2.15618e+22 2.70649e+22
30.6607 319.325 6.63726e+18 2.17912e+22 2.69441e+22
30.7007 322.138 6.63726e+18 2.13672e+22 2.6039e+22
30.7407 323.076 6.63727e+18 2.06027e+22 2.70534e+22
30.7808 323.389 6.63725e+18 1.95266e+22 2.70899e+22
30.8208 323.701 6.63723e+18 1.85802e+22 2.70874e+22
30.8609 325.264 6.63721e+18 1.92718e+22 2.71685e+22
30.9009 326.046 6.63718e+18 1.86925e+22 2.65221e+22
30.9409 327.453 6.63716e+18 1.89345e+22 2.66977e+22
30.981 327.453 6.63712e+18 2.104e+22 2.65361e+22
31.021 328.078 6.63704e+18 2.02889e+22 2.67185e+22
31.0611 328.078 6.63701e+18 2.03804e+22 2.63144e+22
31.1011 330.422 6.63696e+18 2.18079e+22 2.51578e+22
31.1411 330.579 6.63688e+18 2.01281e+22 2.58675e+22
31.1812 332.454 6.63686e+18 1.96018e+22 2.52093e+22
31.2212 332.142 6.63685e+18 2.01872e+22 2.4964e+22
31.2613 332.767 6.63681e+18 1.90019e+22 2.54353e+22
31.3013 333.392 6.6368e+18 1.90562e+22 2.55348e+22
31.3413 333.08 6.6368e+18 1.95742e+22 2.50022e+22
31.3814 334.955 6.63679e+18 1.96001e+22 2.50605e+22
31.4214 337.143 6.6368e+18 1.9815e+22 2.51874e+22
31.4615 338.706 6.6368e+18 1.93543e+22 2.46726e+22
31.5015 339.332 6.63679e+18 1.96048e+22 2.51374e+22
31.5415 339.644 6.63677e+18 1.9202e+22 2.52562e+22
31.5816 340.426 6.63676e+18 1.78907e+22 2.47654e+22
31.6216 342.458 6.63677e+18 1.8819e+22 2.44869e+22
31.6617 344.333 6.63675e+18 1.88253e+22 2.44863e+22
31.7017 344.959 6.6367e+18 1.79181e+22 2.43827e+22
31.7417 345.584 6.63671e+18 1.97102e+22 2.45836e+22
31.7818 345.896 6.63673e+18 2.00086e+22 2.51301e+22
31.8218 347.459 6.6367e+18 1.90175e+22 2.39208e+22
31.8619 347.772 6.6367e+18 2.00872e+22 2.44168e+22
31.9019 349.335 6.6367e+18 1.95532e+22 2.45086e+22
31.9419 350.273 6.6367e+18 1.80113e+22 2.43594e+22
31.982 349.648 6.63672e+18 1.79136e+22 2.4474e+22
32.022 351.523 6.63668e+18 1.72374e+22 2.3879e+22
32.0621 352.148 6.6366e+18 1.68355e+22 2.4148e+22
32.1021 354.649 6.63659e+18 1.71169e+22 2.38178e+22
32.1421 354.024 6.6365e+18 1.74139e+22 2.36908e+22
32.1822 355.274 6.63638e+18 1.85739e+22 2.41919e+22
32.2222 356.212 6.63627e+18 1.88096e+22 2.33779e+22
32.2623 358.088 6.63615e+18 1.88066e+22 2.29452e+22
32.3023 358.088 6.63606e+18 1.99568e+22 2.30789e+22
32.3423 361.058 6.63596e+18 1.90392e+22 2.26696e+22
32.3824 361.214 6.63582e+18 1.78074e+22 2.25946e+22
32.4224 362.464 6.63577e+18 1.84844e+22 2.27275e+22
32.4625 363.09 6.63575e+18 1.73992e+22 2.25018e+22
32.5025 363.715 6.63565e+18 1.6384e+22 2.21753e+22
32.5425 364.027 6.63563e+18 1.75986e+22 2.24201e+22
32.5826 366.528 6.63563e+18 1.73912e+22 2.27372e+22
32.6226 367.779 6.63553e+18 1.70954e+22 2.26462e+22
32.6627 369.342 6.63545e+18 1.8214e+22 2.20717e+22
32.7027 368.716 6.63538e+18 1.81013e+22 2.28106e+22
32.7427 368.404 6.6352e+18 1.77991e+22 2.32702e+22
32.7828 369.654 6.63503e+18 1.79075e+22 2.26276e+22
32.8228 369.342 6.63483e+18 1.7345e+22 2.28555e+22
32.8629 372.468 6.63461e+18 1.73653e+22 2.26269e+22
32.9029 372.311 6.63442e+18 1.72176e+22 2.30014e+22
32.9429 371.53 6.63417e+18 1.68619e+22 2.32368e+22
32.983 373.405 6.63397e+18 1.78423e+22 2.31659e+22
33.023 374.968 6.63381e+18 1.7856e+22 2.29988e+22
33.0631 376.844 6.63354e+18 1.72211e+22 2.22384e+22
33.1031 379.032 6.63331e+18 1.82278e+22 2.17592e+22
33.1431 378.407 6.63306e+18 1.78657e+22 2.19671e+22
33.1832 379.345 6.6326e+18 1.63761e+22 2.18248e+22
33.2232 380.595 6.63218e+18 1.67691e+22 2.17516e+22
33.2633 382.784 6.63174e+18 1.63859e+22 2.12898e+22
33.3033 383.565 6.63099e+18 1.51814e+22 2.15809e+22
33.3433 385.597 6.63031e+18 1.5921e+22 2.11294e+22
33.3834 385.284 6.62975e+18 1.64102e+22 2.16739e+22
33.4234 386.222 6.62893e+18 1.62616e+22 2.20675e+22
33.4635 387.473 6.62817e+18 1.72844e+22 2.12572e+22
33.5035 389.817 6.62763e+18 1.77691e+22 2.12914e+22
33.5435 390.599 6.62705e+18 1.76986e+22 2.15188e+22
33.5836 392.787 6.62645e+18 1.79059e+22 2.12589e+22
33.6236 393.1 6.62584e+18 1.71278e+22 2.14013e+22
33.6637 393.412 6.62527e+18 1.64993e+22 2.15014e+22
33.7037 393.725 6.62471e+18 1.63687e+22 2.19151e+22
33.7437 394.194 6.62374e+18 1.52215e+22 2.14789e+22
33.7838 397.476 6.62267e+18 1.49796e+22 2.11379e+22
33.8238 393.881 6.62178e+18 1.57906e+22 2.15276e+22
33.8639 397.32 6.62039e+18 1.53069e+22 2.12183e+22
33.9039 398.414 6.61878e+18 1.56104e+22 2.11619e+22
33.9439 399.821 6.61751e+18 1.70436e+22 2.10941e+22
33.984 398.414 6.61602e+18 1.66718e+22 2.10355e+22
34.024 398.726 6.61436e+18 1.63341e+22 2.13243e+22
34.0641 400.289 6.61303e+18 1.7183e+22 2.09828e+22
34.1041 400.915 6.61157e+18 1.65476e+22 2.11989e+22
34.1441 399.977 6.61e+18 1.56901e+22 2.13861e+22
34.1842 401.852 6.60858e+18 1.60589e+22 2.18774e+22
34.2242 402.79 6.60694e+18 1.57192e+22 2.18362e+22
34.2643 404.978 6.60515e+18 1.5396e+22 2.13723e+22
34.3043 404.978 6.60334e+18 1.59417e+22 2.10707e+22
34.3443 405.291 6.60134e+18 1.58458e+22 2.13108e+22
34.3844 408.105 6.59938e+18 1.58703e+22 2.08773e+22
34.4244 409.355 6.59735e+18 1.62802e+22 2.14447e+22
34.4645 409.668 6.59526e+18 1.56596e+22 2.13009e+22
34.5045 410.605 6.59356e+18 1.53678e+22 2.06959e+22
34.5445 411.231 6.59175e+18 1.56326e+22 2.1147e+22
34.5846 410.293 6.5897e+18 1.47485e+22 2.10354e+22
34.6246 416.545 6.58817e+18 1.4462e+22 2.04158e+22
34.6647 414.2 6.58643e+18 1.53736e+22 2.06831e+22
34.7047 416.545 6.58398e+18 1.50983e+22 2.0415e+22
34.7447 417.17 6.58181e+18 1.50369e+22 2.01177e+22
34.7848 417.014 6.57965e+18 1.63709e+22 2.04036e+22
34.8248 417.483 6.57676e+18 1.64519e+22 1.96093e+22
34.8649 418.108 6.57386e+18 1.5847e+22 1.93294e+22
34.9049 420.609 6.57121e+18 1.63798e+22 1.95176e+22
34.9449 423.422 6.56852e+18 1.60635e+22 1.92593e+22
34.985 423.735 6.5659e+18 1.48741e+22 1.95059e+22
35.025 422.172 6.56329e+18 1.46857e+22 2.02547e+22
35.0651 423.735 6.56095e+18 1.43513e+22 1.97628e+22
35.1051 424.985 6.55876e+18 1.36618e+22 1.96487e+22
35.1451 424.829 6.55605e+18 1.40225e+22 2.00417e+22
35.1852 428.424 6.55334e+18 1.43375e+22 1.92473e+22
35.2252 429.987 6.55069e+18 1.44072e+22 1.94899e+22
35.2653 429.049 6.5472e+18 1.53502e+22 2.03991e+22
35.3053 430.612 6.54356e+18 1.57951e+22 1.95051e+22
35.3453 432.488 6.54016e+18 1.54689e+22 1.94378e+22
35.3854 432.488 6.53612e+18 1.59717e+22 1.96337e+22
35.4254 435.301 6.53201e+18 1.59742e+22 1.92593e+22
35.4655 436.239 6.52837e+18 1.48198e+22 1.90664e+22
35.5055 433.582 6.52425e+18 1.46984e+22 1.98967e+22
35.5455 435.926 6.52005e+18 1.48573e+22 1.91583e+22
35.5856 436.239 6.51618e+18 1.38536e+22 1.88616e+22
35.6256 438.427 6.51174e+18 1.3755e+22 1.90144e+22
35.6657 442.491 6.50692e+18 1.4574e+22 1.85143e+22
35.7057 442.491 6.50216e+18 1.42471e+22 1.86978e+22
35.7457 439.99 6.49715e+18 1.40995e+22 1.8682e+22
35.7858 441.241 6.49195e+18 1.49304e+22 1.85049e+22
35.8258 442.491 6.48651e+18 1.47771e+22 1.84171e+22
35.8659 441.553 6.48111e+18 1.42084e+22 1.85336e+22
35.9059 441.553 6.47637e+18 1.45008e+22 1.85434e+22
35.9459 443.116 6.47126e+18 1.42928e+22 1.85706e+22
35.986 444.054 6.46552e+18 1.37158e+22 1.8278e+22
36.026 447.493 6.46053e+18 1.40128e+22 1.84031e+22
36.0661 447.18 6.45535e+18 1.41111e+22 1.85309e+22
36.1061 448.743 6.44871e+18 1.38746e+22 1.8444e+22
36.1461 449.056 6.44217e+18 1.45056e+22 1.84614e+22
36.1862 450.619 6.43583e+18 1.48404e+22 1.79595e+22
36.2262 451.244 6.42839e+18 1.43596e+22 1.83277e+22
36.2663 451.713 6.42081e+18 1.46231e+22 1.83641e+22
36.3063 454.995 6.41376e+18 1.48164e+22 1.81437e+22
36.3463 456.246 6.40662e+18 1.37745e+22 1.82422e+22
36.3864 457.183 6.39969e+18 1.33054e+22 1.82241e+22
36.4264 456.246 6.39298e+18 1.35876e+22 1.88562e+22
36.4665 458.59 6.38627e+18 1.28717e+22 1.82048e+22
36.5065 459.372 6.37986e+18 1.23811e+22 1.82655e+22
36.5465 461.56 6.37304e+18 1.32209e+22 1.83508e+22
36.5866 462.185 6.36558e+18 1.35292e+22 1.81391e+22
36.6266 460.309 6.35826e+18 1.3365e+22 1.84163e+22
36.6667 461.247 6.35042e+18 1.4276e+22 1.86827e+22
36.7067 463.123 6.34181e+18 1.4969e+22 1.8146e+22
36.7467 466.093 6.33361e+18 1.45776e+22 1.79518e+22
36.7868 461.56 6.32522e+18 1.46382e+22 1.83791e+22
36.8268 464.373 6.31622e+18 1.48195e+22 1.8141e+22
36.8669 466.561 6.30802e+18 1.40195e+22 1.8337e+22
36.9069 467.499 6.29981e+18 1.34428e+22 1.85608e+22
36.9469 468.75 6.29047e+18 1.3436e+22 1.77916e+22
36.987 468.75 6.28154e+18 1.28674e+22 1.77393e+22
37.027 468.75 6.27285e+18 1.25342e+22 1.82326e+22
37.0671 468.75 6.26286e+18 1.3085e+22 1.76262e+22
37.1071 468.75 6.25248e+18 1.31673e+22 1.77378e+22
37.1471 468.75 6.24253e+18 1.30515e+22 1.78887e+22
37.1872 468.75 6.23228e+18 1.38472e+22 1.73104e+22
37.2272 468.75 6.22184e+18 1.42457e+22 1.75861e+22
37.2673 468.75 6.21141e+18 1.3701e+22 1.7427e+22
37.3073 468.75 6.20108e+18 1.386e+22 1.73063e+22
37.3473 468.75 6.19126e+18 1.42701e+22 1.7259e+22
37.3874 468.75 6.18092e+18 1.35192e+22 1.73191e+22
37.4274 468.75 6.16963e+18 1.30047e+22 1.71259e+22
37.4675 468.75 6.15882e+18 1.35092e+22 1.73093e+22
37.5075 468.75 6.14781e+18 1.33521e+22 1.73669e+22
37.5475 468.75 6.13518e+18 1.27736e+22 1.71897e+22
37.5876 468.75 6.12266e+18 1.32589e+22 1.7371e+22
37.6276 468.75 6.11096e+18 1.37036e+22 1.71931e+22
37.6677 468.75 6.09849e+18 1.32086e+22 1.69553e+22
37.7077 468.75 6.08611e+18 1.31646e+22 1.72255e+22
37.7477 468.75 6.07485e+18 1.35214e+22 1.73063e+22
37.7878 468.75 6.0635e+18 1.29818e+22 1.70927e+22
37.8278 468.75 6.05216e+18 1.23877e+22 1.69546e+22
37.8679 468.75 6.04133e+18 1.2507e+22 1.6919e+22
37.9079 468.75 6.02984e+18 1.22301e+22 1.70097e+22
37.9479 468.75 6.01779e+18 1.17145e+22 1.72178e+22
37.988 468.75 6.0059e+18 1.20687e+22 1.71701e+22
38.028 468.75 5.9932e+18 1.24611e+22 1.72784e+22
38.0681 468.75 5.97979e+18 1.2278e+22 1.68757e+22
38.1081 468.75 5.96668e+18 1.27014e+22 1.67886e+22
38.1481 468.75 5.95345e+18 1.34745e+22 1.71422e+22
38.1882 468.75 5.94025e+18 1.32613e+22 1.67563e+22
38.2282 468.75 5.9276e+18 1.29187e+22 1.71978e+22
38.2683 468.75 5.91465e+18 1.32929e+22 1.69926e+22
38.3083 468.75 5.90177e+18 1.30118e+22 1.68456e+22
38.3483 468.75 5.88984e+18 1.19465e+22 1.66825e+22
38.3884 468.75 5.87718e+18 1.17031e+22 1.6648e+22
38.4284 468.75 5.86338e+18 1.18337e+22 1.67335e+22
38.4685 468.75 5.8505e+18 1.11651e+22 1.67603e+22
38.5085 468.75 5.8379e+18 1.08476e+22 1.70331e+22
38.5485 468.75 5.82392e+18 1.15695e+22 1.65655e+22
38.5886 468.75 5.81011e+18 1.18832e+22 1.64424e+22
38.6286 468.75 5.79736e+18 1.17308e+22 1.65834e+22
38.6687 468.75 5.7843e+18 1.23832e+22 1.6376e+22
38.7087 468.75 5.77098e+18 1.31109e+22 1.62482e+22
38.7487 468.75 5.75795e+18 1.28789e+22 1.62396e+22
38.7888 468.75 5.74458e+18 1.2743e+22 1.63984e+22
38.8288 468.75 5.73103e+18 1.31158e+22 1.6569e+22
38.8689 468.75 5.71732e+18 1.28322e+22 1.64611e+22
38.9089 468.75 5.70264e+18 1.21753e+22 1.63095e+22
38.9489 468.75 5.6878e+18 1.22364e+22 1.63216e+22
38.989 468.75 5.67365e+18 1.23171e+22 1.60304e+22
39.029 468.75 5.65911e+18 1.18462e+22 1.59278e+22
39.0691 468.75 5.64442e+18 1.19053e+22 1.59987e+22
39.1091 468.75 5.63102e+18 1.24989e+22 1.55463e+22
39.1491 468.75 5.61808e+18 1.24501e+22 1.57435e+22
39.1892 468.75 5.60494e+18 1.2253e+22 1.61978e+22
39.2292 468.75 5.59255e+18 1.28009e+22 1.58684e+22
39.2693 468.75 5.58033e+18 1.30467e+22 1.61261e+22
39.3093 468.75 5.56733e+18 1.24555e+22 1.58518e+22
39.3493 468.75 5.55456e+18 1.23359e+22 1.55721e+22
39.3894 468.75 5.54187e+18 1.27545e+22 1.59735e+22
39.4294 468.75 5.52794e+18 1.24331e+22 1.62205e+22
39.4695 468.75 5.51394e+18 1.18824e+22 1.6223e+22
39.5095 468.75 5.50104e+18 1.23019e+22 1.60376e+22
39.5495 468.75 5.48786e+18 1.27868e+22 1.59172e+22
39.5896 468.75 5.47428e+18 1.24761e+22 1.52917e+22
39.6296 468.75 5.46172e+18 1.25151e+22 1.49429e+22
39.6697 468.75 5.44982e+18 1.32625e+22 1.50364e+22
39.7097 468.75 5.43775e+18 1.33595e+22 1.47464e+22
39.7497 468.75 5.4258e+18 1.28e+22 1.49327e+22
39.7898 468.75 5.41375e+18 1.28035e+22 1.47875e+22
39.8298 468.75 5.40146e+18 1.29299e+22 1.46101e+22
39.8699 468.75 5.38957e+18 1.22086e+22 1.45601e+22
39.9099 468.75 5.37742e+18 1.14856e+22 1.47389e+22
39.9499 468.75 5.3644e+18 1.14755e+22 1.4136e+22
39.99 468.75 5.35197e+18 1.12685e+22 1.42677e+22
40.03 468.75 5.34054e+18 1.06866e+22 1.39469e+22
40.0701 468.75 5.32856e+18 1.07713e+22 1.39213e+22
40.1101 468.75 5.31633e+18 1.12821e+22 1.36857e+22
40.1502 468.75 5.30516e+18 1.12662e+22 1.38526e+22
40.1902 468.75 5.29409e+18 1.12808e+22 1.39155e+22
40.2302 468.75 5.28237e+18 1.19218e+22 1.38812e+22
40.2703 468.75 5.2709e+18 1.22211e+22 1.38655e+22
40.3103 468.75 5.25951e+18 1.17857e+22 1.37667e+22
40.3504 468.75 5.24754e+18 1.16669e+22 1.40606e+22
40.3904 468.75 5.23588e+18 1.18686e+22 1.37835e+22
40.4304 468.75 5.22479e+18 1.13374e+22 1.37201e+22
40.4705 468.75 5.21335e+18 1.04746e+22 1.35328e+22
40.5105 468.75 5.20215e+18 1.03444e+22 1.3692e+22
40.5506 468.75 5.19209e+18 1.03775e+22 1.34972e+22
40.5906 468.75 5.18221e+18 9.78025e+21 1.38041e+22
40.6306 468.75 5.17199e+18 9.43043e+21 1.36839e+22
40.6707 468.75 5.16221e+18 9.91781e+21 1.39695e+22
40.7107 468.75 5.15265e+18 1.0182e+22 1.3816e+22
40.7508 468.75 5.14255e+18 9.85532e+21 1.37276e+22
40.7908 468.75 5.13232e+18 1.00117e+22 1.34229e+22
40.8308 468.75 5.12201e+18 1.06321e+22 1.33179e+22
40.8709 468.75 5.11123e+18 1.05744e+22 1.37629e+22
40.9109 468.75 5.10075e+18 1.01058e+22 1.35721e+22
40.951 468.75 5.09095e+18 1.02426e+22 1.35978e+22
40.991 468.75 5.0809e+18 1.05009e+22 1.35868e+22
41.031 468.75 5.07093e+18 1.00975e+22 1.35064e+22
41.0711 468.75 5.06229e+18 9.76866e+21 1.3382e+22
41.1111 468.75 5.05427e+18 1.01155e+22 1.32021e+22
41.1512 468.75 5.04565e+18 1.0341e+22 1.30113e+22
41.1912 468.75 5.03724e+18 1.01059e+22 1.32341e+22
41.2312 468.75 5.02963e+18 1.02444e+22 1.35354e+22
41.2713 468.75 5.02171e+18 1.08113e+22 1.37098e+22
41.3113 468.75 5.01323e+18 1.0893e+22 1.3535e+22
41.3514 468.75 5.0049e+18 1.06108e+22 1.36115e+22
41.3914 468.75 4.99656e+18 1.07983e+22 1.33862e+22
41.4314 468.75 4.988e+18 1.10615e+22 1.30423e+22
41.4715 468.75 4.97982e+18 1.06584e+22 1.32122e+22
41.5115 468.75 4.9719e+18 1.02488e+22 1.31999e+22
41.5516 468.75 4.96362e+18 1.04872e+22 1.33593e+22
41.5916 468.75 4.9556e+18 1.06236e+22 1.31136e+22
41.6316 468.75 4.9483e+18 1.02665e+22 1.32123e+22
41.6717 468.75 4.9408e+18 1.03392e+22 1.28306e+22
41.7117 468.75 4.93281e+18 1.10849e+22 1.27113e+22
41.7518 468.75 4.9251e+18 1.14847e+22 1.27842e+22
41.7918 468.75 4.91759e+18 1.14099e+22 1.26138e+22
41.8318 468.75 4.90977e+18 1.18583e+22 1.26171e+22
41.8719 468.75 4.90203e+18 1.2702e+22 1.27948e+22
41.9119 468.75 4.89463e+18 1.27999e+22 1.28036e+22
41.952 468.75 4.88714e+18 1.23534e+22 1.25342e+22
41.992 468.75 4.8799e+18 1.24553e+22 1.24555e+22
42.032 468.75 4.87343e+18 1.27443e+22 1.27505e+22
42.0721 468.75 4.867e+18 1.22346e+22 1.2821e+22
42.1121 468.75 4.86009e+18 1.1475e+22 1.23295e+22
42.1522 468.75 4.85358e+18 1.14412e+22 1.25138e+22
42.1922 468.75 4.84759e+18 1.16203e+22 1.24506e+22
42.2322 468.75 4.84096e+18 1.12249e+22 1.25064e+22
42.2723 468.75 4.83368e+18 1.09108e+22 1.23592e+22
42.3123 468.75 4.82673e+18 1.139e+22 1.23494e+22
42.3524 468.75 4.81995e+18 1.19043e+22 1.24935e+22
42.3924 468.75 4.81274e+18 1.18181e+22 1.24562e+22
42.4324 468.75 4.80558e+18 1.18776e+22 1.22269e+22
42.4725 468.75 4.7989e+18 1.2485e+22 1.24865e+22
42.5125 468.75 4.79235e+18 1.27681e+22 1.27701e+22
42.5526 468.75 4.78602e+18 1.23986e+22 1.23986e+22
42.5926 468.75 4.78027e+18 1.22033e+22 1.24026e+22
42.6326 468.75 4.77456e+18 1.24034e+22 1.26485e+22
42.6727 468.75 4.76857e+18 1.22008e+22 1.23779e+22
42.7127 468.75 4.76286e+18 1.15254e+22 1.24666e+22
42.7528 468.75 4.75742e+18 1.12649e+22 1.23611e+22
42.7928 468.75 4.75141e+18 1.14421e+22 1.23641e+22
42.8328 468.75 4.74492e+18 1.12153e+22 1.24525e+22
42.8729 468.75 4.73872e+18 1.07252e+22 1.26247e+22
42.9129 468.75 4.73263e+18 1.07949e+22 1.28564e+22
42.953 468.75 4.72618e+18 1.11662e+22 1.26713e+22
42.993 468.75 4.71985e+18 1.09998e+22 1.25391e+22
43.033 468.75 4.71391e+18 1.05587e+22 1.23837e+22
43.0731 468.75 4.70794e+18 1.06358e+22 1.21222e+22
43.1131 468.75 4.70205e+18 1.08806e+22 1.21704e+22
43.1532 468.75 4.69669e+18 1.04688e+22 1.24203e+22
43.1932 468.75 4.69133e+18 9.82249e+21 1.23012e+22
43.2332 468.75 4.68538e+18 9.78069e+21 1.23158e+22
43.2733 468.75 4.6795e+18 9.9259e+21 1.20801e+22
43.3133 468.75 4.67416e+18 9.51526e+21 1.19683e+22
43.3534 468.75 4.66851e+18 9.02401e+21 1.19721e+22
43.3934 468.75 4.66213e+18 9.20933e+21 1.1979e+22
43.4334 468.75 4.65594e+18 9.61231e+21 1.18131e+22
43.4735 468.75 4.65026e+18 9.45958e+21 1.19918e+22
43.5135 468.75 4.64442e+18 9.19335e+21 1.19716e+22
43.5536 468.75 4.6384e+18 9.51231e+21 1.22845e+22
43.5936 468.75 4.6326e+18 9.89872e+21 1.20693e+22
43.6336 468.75 4.62686e+18 9.62671e+21 1.21164e+22
43.6737 468.75 4.62094e+18 9.14261e+21 1.18609e+22
43.7137 468.75 4.61514e+18 9.11558e+21 1.21145e+22
43.7538 468.75 4.60933e+18 9.14735e+21 1.19397e+22
43.7938 468.75 4.60294e+18 8.61133e+21 1.22126e+22
43.8338 468.75 4.59625e+18 7.96302e+21 1.17627e+22
43.8739 468.75 4.58998e+18 7.85851e+21 1.17675e+22
43.9139 468.75 4.5838e+18 7.91577e+21 1.19142e+22
43.954 468.75 4.57712e+18 7.61234e+21 1.18265e+22
43.994 468.75 4.57048e+18 7.36515e+21 1.17008e+22
44.034 468.75 4.56454e+18 7.67443e+21 1.17848e+22
44.0741 468.75 4.55885e+18 8.11485e+21 1.1938e+22
44.1141 468.75 4.55305e+18 8.15535e+21 1.1924e+22
44.1542 468.75 4.54752e+18 8.17876e+21 1.16376e+22
44.1942 468.75 4.54222e+18 8.6362e+21 1.1888e+22
44.2342 468.75 4.5366e+18 9.03786e+21 1.19698e+22
44.2743 468.75 4.53083e+18 8.89138e+21 1.17923e+22
44.3143 468.75 4.52525e+18 8.63599e+21 1.18388e+22
44.3544 468.75 4.51933e+18 8.76135e+21 1.16547e+22
44.3944 468.75 4.51257e+18 8.85437e+21 1.16814e+22
44.4344 468.75 4.50572e+18 8.43331e+21 1.16589e+22
44.4745 468.75 4.49941e+18 7.975e+21 1.16746e+22
44.5145 468.75 4.49292e+18 8.04174e+21 1.16496e+22
44.5546 468.75 4.48587e+18 8.21865e+21 1.16078e+22
44.5946 468.75 4.47909e+18 7.98903e+21 1.16705e+22
44.6346 468.75 4.47301e+18 7.75954e+21 1.15641e+22
44.6747 468.75 4.467e+18 8.09608e+21 1.15881e+22
44.7147 468.75 4.46076e+18 8.59705e+21 1.16516e+22
44.7548 468.75 4.45473e+18 8.60244e+21 1.15687e+22
44.7948 468.75 4.44884e+18 8.45056e+21 1.14912e+22
44.8348 468.75 4.4427e+18 8.78407e+21 1.13929e+22
44.8749 468.75 4.4365e+18 9.27194e+21 1.14857e+22
44.9149 468.75 4.43042e+18 9.21853e+21 1.14554e+22
44.955 468.75 4.42401e+18 8.84317e+21 1.12089e+22
44.995 468.75 4.41716e+18 8.91015e+21 1.15164e+22
45.035 468.75 4.41061e+18 9.29554e+21 1.14642e+22
45.0751 468.75 4.40452e+18 9.25406e+21 1.11619e+22
45.1151 468.75 4.39813e+18 8.87613e+21 1.13463e+22
45.1552 468.75 4.39136e+18 8.91556e+21 1.13072e+22
45.1952 468.75 4.38496e+18 9.4198e+21 1.12517e+22
45.2352 468.75 4.37896e+18 9.64643e+21 1.13702e+22
45.2753 468.75 4.37266e+18 9.43458e+21 1.14297e+22
45.3153 468.75 4.36597e+18 9.49023e+21 1.16004e+22
45.3554 468.75 4.35939e+18 1.00036e+22 1.14819e+22
45.3954 468.75 4.35271e+18 1.02795e+22 1.13447e+22
45.4354 468.75 4.34563e+18 1.00013e+22 1.13124e+22
45.4755 468.75 4.33859e+18 9.75684e+21 1.11752e+22
45.5155 468.75 4.33187e+18 9.9551e+21 1.11232e+22
45.5556 468.75 4.32493e+18 1.00568e+22 1.1415e+22
45.5956 468.75 4.31764e+18 9.64505e+21 1.13155e+22
45.6356 468.75 4.31088e+18 9.22371e+21 1.11069e+22
45.6757 468.75 4.30487e+18 9.29302e+21 1.10344e+22
45.7157 468.75 4.29868e+18 9.50593e+21 1.13217e+22
45.7558 468.75 4.29197e+18 9.3587e+21 1.13092e+22
45.7958 468.75 4.28551e+18 9.16863e+21 1.10027e+22
45.8358 468.75 4.27957e+18 9.49266e+21 1.09354e+22
45.8759 468.75 4.27331e+18 1.00444e+22 1.10477e+22
45.9159 468.75 4.26643e+18 1.02348e+22 1.11056e+22
45.956 468.75 4.25945e+18 1.019e+22 1.10383e+22
45.996 468.75 4.25252e+18 1.0488e+22 1.07121e+22
46.036 468.75 4.24534e+18 1.10208e+22 1.12023e+22
46.0761 468.75 4.23814e+18 1.11163e+22 1.11862e+22
46.1161 468.75 4.23128e+18 1.07527e+22 1.09828e+22
46.1562 468.75 4.22449e+18 1.05646e+22 1.08233e+22
46.1962 468.75 4.21746e+18 1.07157e+22 1.08395e+22
46.2362 468.75 4.21078e+18 1.06121e+22 1.11741e+22
46.2763 468.75 4.20488e+18 1.00097e+22 1.11597e+22
46.3163 468.75 4.19905e+18 9.53409e+21 1.07465e+22
46.3564 468.75 4.19269e+18 9.5908e+21 1.09634e+22
46.3964 468.75 4.18624e+18 9.70583e+21 1.09454e+22
46.4364 468.75 4.18017e+18 9.41145e+21 1.09835e+22
46.4765 468.75 4.17398e+18 9.107e+21 1.06933e+22
46.5165 468.75 4.16723e+18 9.37817e+21 1.06908e+22
46.5566 468.75 4.16028e+18 9.90068e+21 1.08907e+22
46.5966 468.75 4.15341e+18 1.00082e+22 1.09422e+22
46.6366 468.75 4.14634e+18 9.80996e+21 1.09132e+22
46.6767 468.75 4.13915e+18 9.9669e+21 1.08671e+22
46.7167 468.75 4.13234e+18 1.04976e+22 1.09124e+22
46.7568 468.75 4.12582e+18 1.06753e+22 1.08369e+22
46.7968 468.75 4.11902e+18 1.03013e+22 1.0453e+22
46.8368 468.75 4.1121e+18 1.00119e+22 1.05105e+22
46.8769 468.75 4.10583e+18 1.02058e+22 1.04737e+22
46.9169 468.75 4.1e+18 1.03708e+22 1.05252e+22
46.957 468.75 4.0937e+18 1.00023e+22 1.07353e+22
46.997 468.75 4.08691e+18 9.52002e+21 1.10219e+22
47.037 468.75 4.08046e+18 9.53743e+21 1.07911e+22
47.0771 468.75 4.07444e+18 9.86042e+21 1.05369e+22
47.1171 468.75 4.06814e+18 9.83783e+21 1.04562e+22
47.1572 468.75 4.06146e+18 9.4856e+21 1.04696e+22
47.1972 468.75 4.05501e+18 9.45091e+21 1.02955e+22
47.2372 468.75 4.04891e+18 9.84123e+21 1.05789e+22
47.2773 468.75 4.04274e+18 1.00674e+22 1.07683e+22
47.3173 468.75 4.03656e+18 9.79986e+21 1.06297e+22
47.3574 468.75 4.03072e+18 9.51798e+21 1.075e+22
47.3974 468.75 4.02496e+18 9.65364e+21 1.06939e+22
47.4374 468.75 4.01879e+18 9.84219e+21 1.07362e+22
47.4775 468.75 4.01249e+18 9.60231e+21 1.03959e+22
47.5175 468.75 4.00653e+18 9.1325e+21 1.05465e+22
47.5576 468.75 4.00055e+18 9.01287e+21 1.02463e+22
47.5976 468.75 3.99394e+18 9.21605e+21 1.04237e+22
47.6376 468.75 3.98699e+18 9.21691e+21 1.02745e+22
47.6777 468.75 3.98043e+18 8.92739e+21 1.03275e+22
47.7177 468.75 3.97421e+18 8.83609e+21 1.02291e+22
47.7578 468.75 3.96782e+18 9.1965e+21 1.00758e+22
47.7978 468.75 3.96135e+18 9.54918e+21 1.01637e+22
47.8378 468.75 3.95532e+18 9.52782e+21 1.03342e+22
47.8779 468.75 3.94971e+18 9.42159e+21 1.01666e+22
47.9179 468.75 3.94416e+18 9.66068e+21 1.01569e+22
47.958 468.75 3.93877e+18 1.00398e+22 1.02456e+22
47.998 468.75 3.9337e+18 1.00204e+22 1.00229e+22
48.038 468.75 3.92856e+18 9.63546e+21 1.00326e+22
48.0781 468.75 3.92298e+18 9.39582e+21 1.00376e+22
48.1181 468.75 3.91732e+18 9.46715e+21 1.01593e+22
48.1582 468.75 3.912e+18 9.38412e+21 1.02121e+22
48.1982 468.75 3.90655e+18 8.87455e+21 1.0656e+22
48.2382 468.75 3.90039e+18 8.35268e+21 1.07576e+22
48.2783 468.75 3.89392e+18 8.2538e+21 1.03678e+22
48.3183 468.75 3.88793e+18 8.37788e+21 1.03459e+22
48.3584 468.75 3.88234e+18 8.22623e+21 1.01941e+22
48.3984 468.75 3.87653e+18 7.88361e+21 1.01399e+22
48.4384 468.75 3.8705e+18 7.8713e+21 9.90344e+21
48.4785 468.75 3.86484e+18 8.28483e+21 9.8609e+21
48.5185 468.75 3.85962e+18 8.61885e+21 9.81728e+21
48.5586 468.75 3.85438e+18 8.54179e+21 1.01495e+22
48.5986 468.75 3.84908e+18 8.43689e+21 9.98442e+21
48.6386 468.75 3.84399e+18 8.71607e+21 1.00253e+22
48.6787 468.75 3.83896e+18 9.13748e+21 1.01548e+22
48.7187 468.75 3.8336e+18 9.14236e+21 9.82271e+21
48.7588 468.75 3.82806e+18 8.73973e+21 9.66555e+21
48.7988 468.75 3.82286e+18 8.49054e+21 9.85141e+21
48.8388 468.75 3.81792e+18 8.60654e+21 9.76324e+21
48.8789 468.75 3.81262e+18 8.65472e+21 9.76222e+21
48.9189 468.75 3.80698e+18 8.24662e+21 9.97499e+21
48.959 468.75 3.80167e+18 7.71213e+21 9.80271e+21
48.999 468.75 3.79698e+18 7.56462e+21 1.00102e+22
49.039 468.75 3.79235e+18 7.74702e+21 1.00589e+22
49.0791 468.75 3.7874e+18 7.72983e+21 1.03265e+22
49.1191 468.75 3.78244e+18 7.38185e+21 1.02463e+22
49.1592 468.75 3.77778e+18 7.16394e+21 1.00615e+22
49.1992 468.75 3.77317e+18 7.37801e+21 9.96968e+21
49.2392 468.75 3.76839e+18 7.69975e+21 9.72064e+21
49.2793 468.75 3.76359e+18 7.6539e+21 9.71088e+21
49.3193 468.75 3.75885e+18 7.36372e+21 9.57323e+21
49.3594 468.75 3.75388e+18 7.3043e+21 9.80949e+21
49.3994 468.75 3.74868e+18 7.5563e+21 9.76546e+21
49.4394 468.75 3.7437e+18 7.67055e+21 9.79346e+21
49.4795 468.75 3.7392e+18 7.38372e+21 9.79577e+21
49.5195 468.75 3.73474e+18 7.02464e+21 9.76575e+21
49.5596 468.75 3.72995e+18 6.9943e+21 9.75126e+21
49.5996 468.75 3.72517e+18 7.17811e+21 9.49652e+21
49.6396 468.75 3.72093e+18 7.13444e+21 9.42205e+21
49.6797 468.75 3.71702e+18 6.83154e+21 9.36692e+21
49.7197 468.75 3.71286e+18 6.66826e+21 9.48142e+21
49.7598 468.75 3.70839e+18 6.87608e+21 9.36908e+21
49.7998 468.75 3.70397e+18 7.14305e+21 9.48794e+21
49.8398 468.75 3.69965e+18 7.11774e+21 9.67923e+21
49.8799 468.75 3.69511e+18 6.93023e+21 9.47417e+21
49.9199 468.75 3.69033e+18 6.96179e+21 9.357e+21
49.96 468.75 3.68562e+18 7.23729e+21 9.58089e+21
50 468.75 3.681e+18 7.35955e+21 9.55075e+21
