#S 1 scored data
#N 5
#L  distance  fwhm  total_intensity  on_axis_intensity  peak_intensity
10 464.998 3.83051e+16 3.01931e+19 3.88161e+20
10.04 467.187 3.82309e+16 1.49578e+19 3.86244e+20
10.0801 457.809 3.81446e+16 3.18635e+19 3.69452e+20
10.1201 459.84 3.79557e+16 8.8101e+19 5.09805e+20
10.1602 467.187 3.79693e+16 1.06402e+20 3.27495e+20
10.2002 468.75 3.80547e+16 5.75178e+19 3.80032e+20
10.2402 454.214 3.78991e+16 6.83486e+18 3.87239e+20
10.2803 461.872 3.80697e+16 9.32053e+18 3.81768e+20
10.3203 462.185 3.79328e+16 8.74471e+19 3.93004e+20
10.3604 464.061 3.77819e+16 1.75362e+20 3.22266e+20
10.4004 461.247 3.77142e+16 6.43397e+19 3.26098e+20
10.4404 463.435 3.77239e+16 2.14257e+18 3.27317e+20
10.4805 468.124 3.76561e+16 4.24441e+19 3.01701e+20
10.5205 466.874 3.77266e+16 1.35913e+20 3.01568e+20
10.5606 463.435 3.77483e+16 1.17265e+20 3.12056e+20
10.6006 465.78 3.76678e+16 4.63548e+19 2.94618e+20
10.6406 464.998 3.76841e+16 1.10546e+19 2.71754e+20
10.6807 462.185 3.75622e+16 2.26258e+20 3.13641e+20
10.7207 462.498 3.74196e+16 2.41698e+20 2.77671e+20
10.7608 456.871 3.74759e+16 6.10083e+19 3.14843e+20
10.8008 456.871 3.74444e+16 1.38706e+19 2.96576e+20
10.8408 464.061 3.74735e+16 2.11991e+20 4.30021e+20
10.8809 466.561 3.75946e+16 2.21211e+20 3.44288e+20
10.9209 464.998 3.75681e+16 7.99891e+19 3.91983e+20
10.961 465.467 3.7546e+16 1.24993e+19 3.66637e+20
11.001 464.061 3.74577e+16 1.56133e+20 3.43568e+20
11.041 464.061 3.7366e+16 2.11202e+20 3.10264e+20
11.0811 466.561 3.72824e+16 6.3222e+19 2.88896e+20
11.1211 468.75 3.73279e+16 3.97413e+17 3.05328e+20
11.1612 465.936 3.72693e+16 1.18067e+20 2.78961e+20
11.2012 468.124 3.74581e+16 1.46756e+20 3.06897e+20
11.2412 464.686 3.74101e+16 3.85287e+19 3.25394e+20
11.2813 464.998 3.74027e+16 1.81269e+19 3.63143e+20
11.3213 463.592 3.73194e+16 3.99083e+19 3.30185e+20
11.3614 456.558 3.72287e+16 1.23667e+20 3.82083e+20
11.4014 465.936 3.71361e+16 1.3661e+20 2.68704e+20
11.4414 468.437 3.72072e+16 2.89896e+19 3.10062e+20
11.4815 464.998 3.71297e+16 1.5892e+19 2.77169e+20
11.5215 467.656 3.73207e+16 2.44476e+20 2.90813e+20
11.5616 464.061 3.72659e+16 1.84571e+20 3.32139e+20
11.6016 466.093 3.73138e+16 7.99207e+18 3.34912e+20
11.6416 462.967 3.72678e+16 1.01287e+20 3.16057e+20
11.6817 464.998 3.71928e+16 2.03863e+20 3.06028e+20
11.7217 461.247 3.71064e+16 5.04797e+19 2.9742e+20
11.7618 468.75 3.71369e+16 4.56077e+19 2.64352e+20
11.8018 453.432 3.70519e+16 7.96719e+19 3.97764e+20
11.8418 455.62 3.71687e+16 4.91792e+19 3.1882e+20
11.8819 462.81 3.71653e+16 6.76338e+19 3.39002e+20
11.9219 466.093 3.73398e+16 2.07932e+19 2.72617e+20
11.962 468.281 3.73865e+16 1.86818e+20 2.82415e+20
12.002 464.061 3.73239e+16 1.73826e+20 2.64692e+20
12.042 462.341 3.72251e+16 3.4667e+19 3.50236e+20
12.0821 462.185 3.71573e+16 6.45947e+19 3.43316e+20
12.1221 461.247 3.71131e+16 2.94946e+20 3.29082e+20
12.1622 468.75 3.72097e+16 3.75129e+19 2.96654e+20
12.2022 468.124 3.72064e+16 4.05265e+19 2.48394e+20
12.2422 467.187 3.73027e+16 4.85641e+19 3.73098e+20
12.2823 468.75 3.73036e+16 9.51727e+19 2.89549e+20
12.3223 465.624 3.74118e+16 1.06347e+20 3.31169e+20
12.3624 464.686 3.73298e+16 4.73238e+19 2.52184e+20
12.4024 464.061 3.72739e+16 2.15017e+20 3.12669e+20
12.4424 462.81 3.7188e+16 8.55186e+19 3.4222e+20
12.4825 458.121 3.71544e+16 4.77818e+18 3.12833e+20
12.5225 454.995 3.71166e+16 2.18735e+20 2.85329e+20
12.5626 468.75 3.72358e+16 1.54638e+20 2.96047e+20
12.6026 463.904 3.72284e+16 3.87603e+19 3.1814e+20
12.6426 451.869 3.73121e+16 2.61235e+19 3.19487e+20
12.6827 464.998 3.73115e+16 6.46166e+19 2.91532e+20
12.7227 461.56 3.73962e+16 1.67897e+20 3.0206e+20
12.7628 463.748 3.73441e+16 2.57708e+19 2.55726e+20
12.8028 459.997 3.72524e+16 3.54811e+20 3.97642e+20
12.8428 458.746 3.72095e+16 3.60831e+19 2.92991e+20
12.8829 458.121 3.71719e+16 1.37583e+19 2.80473e+20
12.9229 438.74 3.73057e+16 5.2571e+19 3.89874e+20
12.963 467.656 3.7321e+16 1.82167e+20 2.78286e+20
13.003 466.874 3.74584e+16 1.0318e+20 3.22574e+20
13.043 468.75 3.74737e+16 1.66442e+20 3.15144e+20
13.0831 464.998 3.75945e+16 1.37898e+20 3.164e+20
13.1231 463.748 3.75768e+16 4.31009e+19 3.27307e+20
13.1632 462.654 3.7508e+16 4.01629e+19 2.53103e+20
13.2032 462.029 3.74905e+16 2.45294e+20 2.96948e+20
13.2432 463.592 3.74502e+16 1.59237e+20 3.15764e+20
13.2833 467.812 3.7483e+16 6.47197e+19 2.67959e+20
13.3233 467.187 3.74869e+16 1.31072e+20 3.05883e+20
13.3634 466.249 3.75976e+16 1.06435e+20 3.17704e+20
13.4034 468.75 3.77834e+16 4.84728e+18 2.76475e+20
13.4434 467.03 3.78352e+16 3.35377e+20 3.40407e+20
13.4835 463.279 3.7909e+16 1.71095e+20 2.9982e+20
13.5235 465.311 3.7917e+16 6.34918e+19 2.97063e+20
13.5636 461.56 3.79709e+16 9.98356e+19 3.60598e+20
13.6036 457.809 3.79183e+16 1.11216e+20 3.00532e+20
13.6436 459.997 3.78427e+16 2.23242e+19 2.93702e+20
13.6837 458.121 3.78155e+16 3.57426e+20 3.64085e+20
13.7237 459.997 3.78824e+16 1.96477e+20 2.75975e+20
13.7638 467.812 3.79712e+16 7.95829e+19 2.90426e+20
13.8038 466.249 3.79888e+16 1.00031e+20 3.65148e+20
13.8438 468.75 3.81296e+16 9.51069e+19 2.8819e+20
13.8839 464.686 3.82467e+16 2.96487e+19 2.9372e+20
13.9239 467.343 3.82983e+16 3.5441e+20 3.59962e+20
13.964 466.093 3.82934e+16 2.1386e+20 2.94516e+20
14.004 461.56 3.83386e+16 9.09997e+19 2.9073e+20
14.044 457.496 3.82681e+16 1.30664e+20 3.51899e+20
14.0841 459.059 3.82056e+16 7.80646e+19 2.68826e+20
14.1241 457.809 3.81783e+16 9.70952e+18 2.79547e+20
14.1642 454.057 3.81937e+16 3.28006e+20 3.30981e+20
14.2042 452.182 3.82556e+16 2.16893e+20 3.12733e+20
14.2442 466.718 3.82953e+16 9.94438e+19 2.4605e+20
14.2843 468.75 3.84301e+16 1.73482e+20 2.9742e+20
14.3243 456.871 3.85284e+16 5.02749e+19 3.60272e+20
14.3644 463.435 3.85025e+16 8.52414e+18 2.80688e+20
14.4044 465.624 3.85487e+16 2.51521e+20 2.82309e+20
14.4444 461.404 3.85112e+16 2.01168e+20 4.03345e+20
14.4845 438.74 3.84801e+16 1.69265e+20 3.5287e+20
14.5245 461.872 3.84175e+16 1.50982e+20 2.63835e+20
14.5646 450.619 3.83772e+16 2.02469e+19 4.12779e+20
14.6046 428.111 3.84438e+16 3.59874e+19 4.41726e+20
14.6446 448.743 3.83887e+16 2.11452e+20 2.77009e+20
14.6847 447.336 3.84849e+16 9.33659e+19 3.7415e+20
14.7247 424.36 3.84688e+16 3.60561e+20 4.90156e+20
14.7648 441.709 3.85869e+16 3.39349e+19 3.38786e+20
14.8048 424.829 3.85557e+16 2.26165e+19 3.15292e+20
14.8448 439.365 3.8675e+16 3.503e+19 4.51551e+20
14.8849 437.802 3.85909e+16 2.11861e+20 4.02963e+20
14.9249 434.051 3.85685e+16 1.26069e+20 2.92933e+20
14.965 436.083 3.85168e+16 3.14141e+20 3.28715e+20
15.005 431.55 3.84717e+16 5.73332e+19 4.05575e+20
15.045 430.299 3.84671e+16 5.60015e+19 3.23833e+20
15.0851 432.175 3.84574e+16 8.40404e+19 2.42931e+20
15.1251 449.368 3.85152e+16 2.22319e+19 2.9002e+20
15.1652 426.548 3.85092e+16 3.15906e+20 3.28773e+20
15.2052 443.429 3.84851e+16 2.04989e+20 3.5869e+20
15.2452 439.052 3.85947e+16 1.22958e+20 2.75906e+20
15.2853 441.241 3.85653e+16 1.41678e+20 3.06755e+20
15.3253 418.108 3.86213e+16 2.13316e+19 4.24794e+20
15.3654 416.232 3.85629e+16 4.05655e+19 4.15976e+20
15.4054 412.168 3.85287e+16 2.43681e+20 3.22454e+20
15.4454 414.044 3.84935e+16 8.30973e+19 3.41593e+20
15.4855 412.481 3.84383e+16 4.13671e+20 4.38156e+20
15.5255 408.417 3.84775e+16 3.51292e+19 4.17526e+20
15.5656 425.923 3.84288e+16 3.91275e+19 2.9051e+20
15.6056 427.486 3.84569e+16 6.07615e+19 2.97132e+20
15.6456 404.353 3.84713e+16 5.7301e+19 3.58448e+20
15.6857 421.859 3.84459e+16 2.93097e+20 3.13319e+20
15.7257 398.414 3.85431e+16 2.05503e+20 3.22506e+20
15.7658 415.607 3.84889e+16 1.13627e+20 2.77744e+20
15.8058 417.639 3.85222e+16 1.47111e+20 3.01551e+20
15.8458 394.037 3.84737e+16 1.11384e+19 4.10265e+20
15.8859 411.543 3.84539e+16 4.19729e+19 4.31233e+20
15.9259 388.098 3.84425e+16 2.33558e+20 3.42404e+20
15.966 389.973 3.83985e+16 8.47798e+19 3.17386e+20
16.006 388.098 3.84179e+16 3.54765e+20 3.72723e+20
16.046 383.721 3.83545e+16 5.69177e+19 3.95547e+20
16.0861 401.54 3.8365e+16 6.86219e+19 3.21035e+20
16.1261 418.733 3.84043e+16 7.1263e+19 2.57334e+20
16.1662 420.921 3.83794e+16 1.18956e+19 2.52579e+20
16.2062 397.476 3.84404e+16 2.69447e+20 2.92637e+20
16.2462 373.405 3.84015e+16 1.68986e+20 3.97557e+20
16.2863 371.53 3.8427e+16 3.11979e+20 4.20405e+20
16.3263 389.036 3.84092e+16 4.29205e+19 3.40539e+20
16.3664 384.659 3.83773e+16 2.62473e+19 3.07741e+20
16.4064 386.222 3.83667e+16 5.3408e+19 3.50748e+20
16.4464 384.816 3.83155e+16 8.64583e+19 3.55086e+20
16.4865 387.473 3.83263e+16 2.90347e+20 3.1367e+20
16.5265 405.291 3.832e+16 2.14613e+20 3.27545e+20
16.5666 381.221 3.82874e+16 1.47423e+20 2.98216e+20
16.6066 378.407 3.83262e+16 1.20309e+20 2.94599e+20
16.6466 374.031 3.8274e+16 1.02683e+19 3.76109e+20
16.6867 349.96 3.83568e+16 4.17918e+19 4.25569e+20
16.7267 374.968 3.83226e+16 1.81552e+20 3.96261e+20
16.7668 392.787 3.83158e+16 2.08225e+20 3.04693e+20
16.8068 388.41 3.83218e+16 2.40477e+20 2.44285e+20
16.8468 389.973 3.8288e+16 9.79508e+19 2.42382e+20
16.8869 365.747 3.82996e+16 1.4056e+20 3.06897e+20
16.9269 336.831 3.82663e+16 6.69396e+18 3.82657e+20
16.967 362.152 3.82377e+16 4.57028e+19 4.24476e+20
17.007 357.619 3.82447e+16 2.2172e+20 3.78471e+20
17.047 355.9 3.8234e+16 1.61144e+20 3.07227e+20
17.0871 377.157 3.82063e+16 2.78469e+20 2.79255e+20
17.1271 355.587 3.82429e+16 9.3054e+19 2.65676e+20
17.1672 373.405 3.81996e+16 1.39383e+20 3.01767e+20
17.2072 368.716 3.82742e+16 8.28865e+18 3.80932e+20
17.2472 344.333 3.82385e+16 4.45116e+19 4.12741e+20
17.2873 369.654 3.8226e+16 2.22666e+20 3.60084e+20
17.3273 364.653 3.82482e+16 1.55695e+20 3.09319e+20
17.3674 346.834 3.81954e+16 2.80949e+20 2.81787e+20
17.4074 365.278 3.82194e+16 9.58645e+19 2.59956e+20
17.4474 355.587 3.81698e+16 1.40734e+20 3.11724e+20
17.4875 360.901 3.81657e+16 4.33442e+18 3.87789e+20
17.5275 356.525 3.81696e+16 4.77116e+19 4.08836e+20
17.5676 351.523 3.81404e+16 2.02013e+20 3.71949e+20
17.6076 333.392 3.81306e+16 1.96597e+20 3.15e+20
17.6476 352.774 3.81664e+16 2.53254e+20 2.54425e+20
17.6877 345.74 3.81534e+16 1.16216e+20 2.66447e+20
17.7277 348.397 3.8178e+16 1.29067e+20 3.09171e+20
17.7678 343.395 3.81614e+16 4.73436e+18 3.61242e+20
17.8078 318.387 3.81358e+16 5.20038e+19 4.00783e+20
17.8478 344.021 3.81691e+16 1.40621e+20 3.78835e+20
17.8879 339.332 3.81058e+16 2.69204e+20 3.06216e+20
17.9279 359.651 3.81215e+16 2.26772e+20 3.16251e+20
17.968 354.649 3.81125e+16 1.95058e+20 3.37647e+20
18.008 336.206 3.80746e+16 8.69569e+19 3.31104e+20
18.048 355.274 3.80775e+16 2.25901e+19 3.38795e+20
18.0881 330.579 3.80617e+16 6.66278e+19 3.33787e+20
18.1281 325.264 3.80687e+16 4.21638e+19 2.87849e+20
18.1682 345.896 3.80972e+16 2.8761e+20 3.07758e+20
18.2082 321.201 3.80629e+16 1.68964e+20 3.76599e+20
18.2482 346.834 3.80921e+16 3.30199e+20 4.02583e+20
18.2883 341.832 3.80771e+16 5.00914e+19 3.71573e+20
18.3283 316.98 3.80397e+16 6.32537e+19 3.1983e+20
18.3684 337.769 3.80483e+16 5.38859e+19 2.72205e+20
18.4084 332.142 3.80468e+16 3.24015e+19 3.20859e+20
18.4484 358.088 3.80022e+16 2.59463e+20 3.21598e+20
18.4885 333.08 3.80186e+16 1.27659e+20 3.46064e+20
18.5285 308.071 3.79727e+16 3.35956e+20 3.37923e+20
18.5686 333.705 3.79818e+16 9.48414e+19 2.99104e+20
18.6086 323.389 3.79834e+16 1.35185e+20 3.1667e+20
18.6486 349.335 3.79382e+16 9.21842e+17 3.64257e+20
18.6887 324.327 3.80064e+16 5.58373e+19 4.03722e+20
18.7287 334.33 3.79532e+16 1.42303e+20 3.60495e+20
18.7688 324.952 3.79539e+16 2.67839e+20 3.03661e+20
18.8088 314.636 3.7932e+16 2.22213e+20 3.19553e+20
18.8488 340.582 3.79355e+16 2.46285e+20 3.61199e+20
18.8889 315.574 3.78823e+16 7.02152e+19 3.57073e+20
18.9289 290.253 3.79071e+16 4.4584e+19 3.36817e+20
18.969 315.886 3.78767e+16 6.68681e+19 2.80685e+20
19.009 305.883 3.78421e+16 2.97274e+19 3.05895e+20
19.049 311.041 3.7847e+16 2.71228e+20 3.33653e+20
19.0891 306.508 3.77977e+16 1.3414e+20 3.56753e+20
19.1291 300.569 3.78174e+16 3.37618e+20 3.46435e+20
19.1692 306.665 3.77939e+16 9.8108e+19 2.77225e+20
19.2092 296.661 3.77591e+16 1.31061e+20 3.18151e+20
19.2492 301.819 3.78079e+16 6.17846e+17 3.75356e+20
19.2893 297.13 3.77267e+16 6.73937e+19 3.86701e+20
19.3293 291.816 3.77307e+16 9.82217e+19 3.50686e+20
19.3694 297.443 3.76901e+16 2.97173e+20 3.02075e+20
19.4094 287.439 3.76832e+16 1.9231e+20 3.66752e+20
19.4494 313.386 3.7614e+16 3.33988e+20 3.93708e+20
19.4895 288.221 3.76368e+16 6.75174e+19 3.61484e+20
19.5295 282.75 3.7591e+16 9.74535e+19 3.10746e+20
19.5696 303.695 3.75424e+16 2.30689e+19 3.25381e+20
19.6096 278.218 3.75602e+16 5.31065e+19 3.71685e+20
19.6496 304.633 3.74869e+16 1.98692e+20 3.73491e+20
19.6897 278.999 3.75007e+16 2.26695e+20 3.38549e+20
19.7297 299.631 3.7482e+16 2.49768e+20 2.99601e+20
19.7698 294.629 3.74146e+16 2.24571e+20 3.56681e+20
19.8098 268.683 3.74357e+16 8.17473e+19 3.79465e+20
19.8498 295.254 3.73516e+16 4.88593e+19 3.44705e+20
19.8899 269.777 3.73411e+16 5.94118e+19 2.86888e+20
19.9299 290.253 3.72687e+16 4.04465e+19 3.49039e+20
19.97 284.939 3.72843e+16 2.6657e+20 3.53448e+20
20.01 259.305 3.72046e+16 1.89049e+20 3.43859e+20
20.0501 265.244 3.71793e+16 3.16593e+20 3.17572e+20
20.0901 258.992 3.71669e+16 1.83368e+20 3.25316e+20
20.1301 281.187 3.70818e+16 1.16422e+20 3.57748e+20
20.1702 255.241 3.70902e+16 3.53002e+19 3.73856e+20
20.2102 255.866 3.70299e+16 6.82438e+19 3.2421e+20
20.2503 270.871 3.70029e+16 3.478e+19 3.20599e+20
20.2903 276.498 3.70182e+16 2.72405e+20 3.52081e+20
20.3303 271.497 3.6917e+16 1.66583e+20 3.701e+20
20.3704 245.55 3.69368e+16 3.20196e+20 3.33451e+20
20.4104 266.808 3.68611e+16 1.56996e+20 3.28927e+20
20.4505 240.861 3.68409e+16 1.16466e+20 3.77056e+20
20.4905 267.12 3.67729e+16 2.62722e+19 3.77138e+20
20.5305 261.65 3.67506e+16 7.84083e+19 3.34278e+20
20.5706 241.33 3.67342e+16 4.4573e+19 3.37028e+20
20.6106 257.117 3.66438e+16 2.94064e+20 3.66754e+20
20.6507 237.423 3.66624e+16 1.94308e+20 3.60695e+20
20.6907 257.429 3.65988e+16 3.37973e+20 3.3906e+20
20.7307 232.108 3.65654e+16 1.9544e+20 3.45988e+20
20.7708 252.74 3.65728e+16 1.20472e+20 3.60145e+20
20.8108 247.113 3.65079e+16 4.66745e+19 3.68963e+20
20.8509 247.426 3.65233e+16 6.02294e+19 3.22071e+20
20.8909 242.424 3.6503e+16 4.1646e+19 3.52547e+20
20.9309 222.418 3.64417e+16 2.4734e+20 3.89224e+20
20.971 243.05 3.64433e+16 2.08313e+20 3.82544e+20
21.011 223.199 3.63865e+16 2.86907e+20 2.96626e+20
21.0511 238.048 3.63862e+16 2.3606e+20 3.66364e+20
21.0911 232.421 3.63122e+16 9.77706e+19 3.72674e+20
21.1311 238.361 3.63256e+16 7.59203e+19 3.65177e+20
21.1712 227.419 3.63028e+16 4.42255e+19 3.33236e+20
21.2112 233.359 3.62369e+16 7.23057e+19 3.94845e+20
21.2513 228.045 3.62647e+16 2.00362e+20 3.77004e+20
21.2913 208.038 3.62169e+16 2.93944e+20 3.30661e+20
21.3313 223.043 3.6192e+16 2.43449e+20 3.71085e+20
21.3714 203.036 3.62228e+16 3.46321e+20 4.12871e+20
21.4114 223.668 3.61622e+16 9.23425e+19 3.65274e+20
21.4515 217.416 3.61696e+16 1.33437e+20 3.18547e+20
21.4915 218.666 3.61722e+16 5.64726e+18 3.8884e+20
21.5315 212.727 3.61036e+16 8.88151e+19 4.06801e+20
21.5716 218.823 3.61052e+16 9.0028e+19 3.37943e+20
21.6116 210.07 3.60544e+16 3.19702e+20 3.591e+20
21.6517 213.665 3.6055e+16 1.80149e+20 4.10965e+20
21.6917 208.351 3.59957e+16 3.6982e+20 4.04717e+20
21.7317 208.976 3.59732e+16 1.34729e+20 3.17055e+20
21.7718 203.349 3.59821e+16 1.42796e+20 3.83849e+20
21.8118 186.781 3.59074e+16 2.63079e+19 4.06872e+20
21.8519 203.662 3.59114e+16 9.23555e+19 3.6605e+20
21.8919 203.662 3.58979e+16 6.50006e+19 3.6955e+20
21.9319 219.604 3.58444e+16 2.871e+20 3.98797e+20
21.972 192.72 3.58717e+16 2.66456e+20 3.72318e+20
22.012 198.66 3.58396e+16 3.10058e+20 3.54591e+20
22.0521 187.406 3.57845e+16 3.19686e+20 4.2287e+20
22.0921 214.915 3.58115e+16 1.08919e+20 3.85147e+20
22.1321 188.657 3.5739e+16 1.30109e+20 3.35555e+20
22.1722 209.914 3.57214e+16 1.29647e+19 3.98902e+20
22.2122 183.03 3.56722e+16 9.46979e+19 4.26004e+20
22.2523 210.226 3.56516e+16 9.9554e+19 3.35561e+20
22.2923 183.655 3.564e+16 3.29575e+20 3.73669e+20
22.3323 204.912 3.55615e+16 1.94098e+20 4.336e+20
22.3724 178.341 3.55809e+16 3.77341e+20 4.10055e+20
22.4124 199.91 3.55499e+16 1.69173e+20 3.60615e+20
22.4525 193.971 3.54995e+16 1.44713e+20 4.07732e+20
22.4925 178.341 3.5521e+16 5.47929e+19 4.22279e+20
22.5325 173.964 3.5492e+16 7.74204e+19 3.46081e+20
22.5726 173.339 3.54578e+16 9.16905e+19 4.29343e+20
22.6126 189.438 3.54953e+16 2.29954e+20 4.13916e+20
22.6527 168.962 3.54396e+16 3.46701e+20 3.49414e+20
22.6927 184.28 3.54146e+16 2.65912e+20 4.11708e+20
22.7327 163.648 3.54198e+16 4.17419e+20 4.45948e+20
22.7728 184.593 3.53641e+16 1.4123e+20 3.77001e+20
22.8128 163.648 3.53571e+16 1.7648e+20 3.60939e+20
22.8529 179.435 3.53031e+16 2.69225e+19 4.28162e+20
22.8929 158.647 3.52975e+16 9.51731e+19 4.04966e+20
22.9329 174.277 3.52899e+16 6.5619e+19 3.9002e+20
22.973 153.957 3.52188e+16 2.67803e+20 3.90273e+20
23.013 174.277 3.52376e+16 2.75388e+20 4.18706e+20
23.0531 153.332 3.52192e+16 2.84219e+20 3.8547e+20
23.0931 168.962 3.51726e+16 3.50422e+20 4.53116e+20
23.1331 162.71 3.51938e+16 1.15221e+20 3.67489e+20
23.1732 163.961 3.51774e+16 1.61937e+20 3.93272e+20
23.2132 143.329 3.51246e+16 1.90915e+19 4.36845e+20
23.2533 163.961 3.51598e+16 1.35279e+20 4.35191e+20
23.2933 143.016 3.51131e+16 9.70944e+19 4.15436e+20
23.3333 158.959 3.50657e+16 3.50156e+20 4.41434e+20
23.3734 152.707 3.50692e+16 3.22026e+20 3.97718e+20
23.4134 153.489 3.50136e+16 3.60006e+20 4.00497e+20
23.4535 132.7 3.50072e+16 4.0405e+20 4.85441e+20
23.4935 153.645 3.49572e+16 1.52591e+20 4.13609e+20
23.5335 147.08 3.49214e+16 1.9543e+20 3.79094e+20
23.5736 148.331 3.49426e+16 2.74475e+19 4.73467e+20
23.6136 141.766 3.48751e+16 1.22813e+20 4.45252e+20
23.6537 143.016 3.48622e+16 8.20153e+19 4.13755e+20
23.6937 136.764 3.48783e+16 2.98975e+20 4.06872e+20
23.7337 143.016 3.48336e+16 2.96318e+20 4.54504e+20
23.7738 137.389 3.48263e+16 3.05113e+20 3.80294e+20
23.8138 137.702 3.48486e+16 3.77107e+20 4.9029e+20
23.8539 138.327 3.47933e+16 1.33239e+20 3.99266e+20
23.8939 132.231 3.47829e+16 1.78176e+20 4.5037e+20
23.9339 129.887 3.47975e+16 3.15878e+19 4.51435e+20
23.974 132.388 3.47314e+16 1.3509e+20 4.46639e+20
24.014 125.198 3.47228e+16 1.16191e+20 4.64201e+20
24.0541 126.917 3.4695e+16 3.19129e+20 5.0867e+20
24.0941 127.386 3.46616e+16 4.04696e+20 4.46166e+20
24.1341 143.016 3.46619e+16 3.44833e+20 4.15673e+20
24.1742 121.759 3.4596e+16 5.03246e+20 5.04657e+20
24.2142 122.228 3.45911e+16 2.22935e+20 4.10833e+20
24.2543 122.072 3.45999e+16 2.40368e+20 4.25843e+20
24.2943 116.289 3.45393e+16 1.01532e+20 4.74613e+20
24.3343 116.758 3.45433e+16 1.03139e+20 4.39324e+20
24.3744 110.506 3.45525e+16 1.44072e+20 4.93771e+20
24.4144 116.132 3.45082e+16 1.97917e+20 4.72168e+20
24.4545 112.069 3.45037e+16 4.12199e+20 4.31055e+20
24.4945 110.818 3.45207e+16 2.80219e+20 5.17685e+20
24.5345 105.504 3.44556e+16 4.47198e+20 5.08453e+20
24.5746 105.66 3.44455e+16 2.80603e+20 4.98246e+20
24.6146 106.754 3.44492e+16 1.7125e+20 4.93622e+20
24.6547 105.66 3.43905e+16 1.47456e+20 4.33989e+20
24.6947 115.663 3.43806e+16 4.59524e+19 4.44245e+20
24.7347 99.877 3.43469e+16 1.69032e+20 5.3426e+20
24.7748 101.127 3.43148e+16 1.45968e+20 4.42639e+20
24.8148 116.601 3.43249e+16 4.29206e+20 5.04998e+20
24.8549 95.5005 3.42638e+16 3.8761e+20 5.14855e+20
24.8949 110.818 3.42484e+16 4.44451e+20 5.04116e+20
24.9349 90.1863 3.42711e+16 5.06897e+20 5.68489e+20
24.975 110.818 3.42267e+16 2.37468e+20 5.04388e+20
25.015 89.8737 3.4214e+16 2.92028e+20 4.414e+20
25.0551 105.191 3.42341e+16 1.12276e+20 5.77434e+20
25.0951 88.3106 3.42028e+16 1.74268e+20 5.1547e+20
25.1351 99.877 3.41706e+16 2.02705e+20 5.78114e+20
25.1752 83.6216 3.41962e+16 2.79209e+20 4.73657e+20
25.2152 93.9375 3.41557e+16 5.12156e+20 5.1327e+20
25.2553 99.877 3.411e+16 3.72287e+20 5.64003e+20
25.2953 94.2501 3.41232e+16 5.39137e+20 5.50226e+20
25.3353 94.2501 3.40833e+16 3.90096e+20 5.9979e+20
25.3754 88.9358 3.40553e+16 2.23053e+20 4.57411e+20
25.4154 88.6232 3.40423e+16 2.21994e+20 5.65978e+20
25.4555 86.7476 3.39885e+16 5.71786e+19 4.97741e+20
25.4955 88.6232 3.39963e+16 1.79539e+20 6.23695e+20
25.5355 82.0586 3.39822e+16 1.48366e+20 5.94278e+20
25.5756 83.6216 3.39249e+16 3.71423e+20 5.72055e+20
25.6156 83.4653 3.39431e+16 4.61642e+20 5.58436e+20
25.6557 77.9947 3.39437e+16 4.05979e+20 5.20813e+20
25.6957 75.8065 3.39039e+16 5.84264e+20 6.49003e+20
25.7357 77.9947 3.39038e+16 3.30556e+20 5.6499e+20
25.7758 77.3695 3.3915e+16 3.12179e+20 6.95991e+20
25.8158 73.3056 3.38685e+16 2.41022e+20 5.10789e+20
25.8559 72.3678 3.38496e+16 1.55222e+20 5.81609e+20
25.8959 66.1157 3.38683e+16 3.27599e+20 7.08426e+20
25.9359 71.7426 3.38202e+16 2.8468e+20 5.83755e+20
25.976 67.9914 3.37893e+16 5.95788e+20 5.96728e+20
26.016 66.8973 3.37939e+16 6.25804e+20 6.26258e+20
26.0561 66.741 3.37528e+16 5.94097e+20 6.47065e+20
26.0961 60.8015 3.37384e+16 7.52425e+20 7.53898e+20
26.1361 61.4267 3.37211e+16 4.32643e+20 5.78155e+20
26.1762 62.0519 3.36674e+16 3.99547e+20 6.0861e+20
26.2162 60.4889 3.36817e+16 2.7851e+20 6.83504e+20
26.2563 57.0502 3.36741e+16 1.49126e+20 6.29559e+20
26.2963 55.1746 3.36245e+16 2.77324e+20 7.65834e+20
26.3363 56.425 3.36337e+16 2.2181e+20 6.11908e+20
26.3764 49.5477 3.36412e+16 4.89735e+20 7.85926e+20
26.4164 50.7982 3.3604e+16 5.11717e+20 6.74579e+20
26.4565 50.6418 3.3589e+16 4.91616e+20 7.19639e+20
26.4965 49.0788 3.36036e+16 6.35242e+20 8.90297e+20
26.5365 51.1108 3.35661e+16 3.58897e+20 6.88073e+20
26.5766 44.2335 3.35298e+16 3.5601e+20 7.11706e+20
26.6166 45.1713 3.35474e+16 2.69652e+20 7.23844e+20
26.6567 42.6704 3.35231e+16 2.05913e+20 8.86971e+20
26.6967 39.5444 3.34803e+16 4.14851e+20 8.76112e+20
26.7367 39.5444 3.34815e+16 3.99764e+20 8.34852e+20
26.7768 38.7629 3.3452e+16 7.60291e+20 8.10097e+20
26.8168 39.5444 3.34272e+16 8.83431e+20 9.47198e+20
26.8569 32.6671 3.34304e+16 8.38547e+20 9.63022e+20
26.8969 33.2923 3.33813e+16 1.08931e+21 1.09099e+21
26.9369 40.1696 3.33657e+16 7.91027e+20 9.41378e+20
26.977 42.9831 3.33879e+16 6.97425e+20 8.14085e+20
27.017 34.2301 3.33551e+16 6.67514e+20 9.43478e+20
27.0571 36.1058 3.33286e+16 4.04298e+20 8.41466e+20
27.0971 28.2907 3.33424e+16 5.98547e+20 1.07029e+21
27.1371 21.1008 3.33302e+16 5.58004e+20 1.2498e+21
27.1772 36.4184 3.32884e+16 7.05805e+20 1.06145e+21
27.2172 29.2285 3.32871e+16 9.89843e+20 1.1496e+21
27.2573 31.7293 3.32913e+16 8.21048e+20 9.60681e+20
27.2973 31.4167 3.32451e+16 9.93925e+20 1.09635e+21
27.3373 24.5394 3.3225e+16 8.69915e+20 1.20083e+21
27.3774 31.4167 3.32394e+16 5.56318e+20 1.05835e+21
27.4174 24.852 3.32065e+16 5.81287e+20 1.21348e+21
27.4575 25.4772 3.31779e+16 3.24005e+20 1.26892e+21
27.4975 24.2268 3.31758e+16 3.95702e+20 1.39966e+21
27.5375 19.8504 3.31377e+16 5.31499e+20 1.51954e+21
27.5776 20.163 3.31281e+16 6.13905e+20 1.48735e+21
27.6176 21.4134 3.31322e+16 1.10452e+21 1.28253e+21
27.6577 19.8504 3.30867e+16 1.1419e+21 1.45206e+21
27.6977 15.4739 3.30761e+16 1.33588e+21 1.63701e+21
27.7377 14.5361 3.3095e+16 1.61146e+21 1.77773e+21
27.7778 14.8487 3.30701e+16 1.31428e+21 1.64438e+21
27.8178 15.3176 3.30393e+16 1.51569e+21 1.51594e+21
27.8579 14.2235 3.30454e+16 1.53552e+21 1.70739e+21
27.8979 12.3479 3.30389e+16 1.49108e+21 1.99714e+21
27.9379 9.53442 3.29972e+16 2.13472e+21 2.13519e+21
27.978 8.28401 3.2986e+16 2.31413e+21 2.34871e+21
28.018 6.09578 3.29989e+16 2.92746e+21 2.92746e+21
28.0581 4.22015 3.29661e+16 3.80795e+21 3.81002e+21
28.0981 4.22015 3.2932e+16 3.85271e+21 3.85271e+21
28.1381 3.90755 3.29434e+16 4.50892e+21 4.5102e+21
28.1782 3.59495 3.29243e+16 4.78699e+21 4.78894e+21
28.2182 4.53276 3.28895e+16 4.3148e+21 4.3148e+21
28.2583 4.53276 3.28881e+16 4.63571e+21 4.63649e+21
28.2983 5.15797 3.28571e+16 4.32969e+21 4.32969e+21
28.3383 5.47057 3.28323e+16 3.96113e+21 4.05962e+21
28.3784 5.47057 3.28476e+16 4.46302e+21 4.46303e+21
28.4184 5.47057 3.28248e+16 4.2637e+21 4.26464e+21
28.4585 4.84536 3.27901e+16 4.57904e+21 4.57904e+21
28.4985 4.22015 3.27992e+16 5.31241e+21 5.3138e+21
28.5385 4.22015 3.2801e+16 5.10074e+21 5.10074e+21
28.5786 3.90755 3.27667e+16 5.52105e+21 5.52167e+21
28.6186 3.59495 3.27486e+16 5.70146e+21 5.70388e+21
28.6587 4.22015 3.27577e+16 4.93542e+21 4.93542e+21
28.6987 3.90755 3.27402e+16 4.87985e+21 4.88077e+21
28.7387 4.84536 3.27036e+16 4.35811e+21 4.35874e+21
28.7788 5.78317 3.27062e+16 3.42928e+21 3.49745e+21
28.8188 6.72099 3.27157e+16 3.34714e+21 3.34714e+21
28.8589 6.72099 3.26764e+16 2.84169e+21 2.84169e+21
28.8989 6.72099 3.26529e+16 2.48358e+21 2.69724e+21
28.9389 6.72099 3.266e+16 2.76762e+21 2.76826e+21
28.979 5.78317 3.26293e+16 2.47724e+21 2.47744e+21
29.019 13.2857 3.26066e+16 2.48414e+21 2.48414e+21
29.0591 12.0353 3.26054e+16 2.67577e+21 2.67779e+21
29.0991 12.3479 3.25694e+16 2.16473e+21 2.16473e+21
29.1391 13.2857 3.25503e+16 1.98602e+21 1.98654e+21
29.1792 12.6605 3.25654e+16 1.77776e+21 1.77915e+21
29.2192 15.9428 3.25461e+16 1.13241e+21 1.52901e+21
29.2593 13.5983 3.2511e+16 9.43398e+20 1.68257e+21
29.2993 16.4117 3.2513e+16 7.24366e+20 1.56942e+21
29.3393 16.0991 3.25173e+16 4.60218e+20 1.47252e+21
29.3794 15.7865 3.2489e+16 6.10845e+20 1.40356e+21
29.4194 16.4117 3.24676e+16 5.77287e+20 1.37957e+21
29.4595 15.7865 3.24768e+16 6.405e+20 1.45659e+21
29.4995 15.4739 3.24744e+16 8.77023e+20 1.54803e+21
29.5395 22.6638 3.244e+16 7.29367e+20 1.29763e+21
29.5796 22.6638 3.24296e+16 7.11196e+20 1.16405e+21
29.6196 23.6016 3.24469e+16 7.31388e+20 1.02609e+21
29.6597 25.4772 3.24202e+16 4.49404e+20 1.05986e+21
29.6997 25.7898 3.23841e+16 4.21694e+20 1.2181e+21
29.7397 28.2907 3.23856e+16 4.11492e+20 1.02335e+21
29.7798 27.9781 3.23646e+16 3.23182e+20 9.15354e+20
29.8198 28.6033 3.23341e+16 5.5789e+20 9.78397e+20
29.8599 33.9175 3.23358e+16 6.50403e+20 9.41997e+20
29.8999 34.2301 3.23162e+16 7.15023e+20 9.30802e+20
29.9399 34.8553 3.22789e+16 1.02759e+21 1.02878e+21
29.98 34.5427 3.22808e+16 9.85016e+20 9.85485e+20
30.02 34.5427 3.22868e+16 8.78482e+20 9.28738e+20
30.0601 35.7932 3.22549e+16 9.77154e+20 9.78175e+20
30.1001 40.1696 3.22321e+16 7.35091e+20 7.78512e+20
30.1401 40.4822 3.22411e+16 5.29276e+20 8.48866e+20
30.1802 40.4822 3.22378e+16 5.52124e+20 8.70257e+20
30.2202 46.7343 3.22123e+16 3.79308e+20 6.92794e+20
30.2603 47.6721 3.22018e+16 3.84892e+20 6.83527e+20
30.3003 47.0469 3.22166e+16 5.40626e+20 6.48361e+20
30.3403 47.3595 3.22104e+16 4.89755e+20 6.79264e+20
30.3804 47.9847 3.2174e+16 6.30523e+20 7.10716e+20
30.4204 52.0486 3.21699e+16 7.7607e+20 7.77074e+20
30.4605 52.8301 3.21803e+16 6.17491e+20 7.15322e+20
30.5005 51.736 3.21467e+16 6.12752e+20 8.11087e+20
30.5405 52.9864 3.21187e+16 5.94117e+20 6.4771e+20
30.5806 56.1124 3.21175e+16 3.38032e+20 6.69172e+20
30.6206 59.2385 3.2091e+16 2.60857e+20 6.50119e+20
30.6607 59.2385 3.20645e+16 2.22249e+20 6.99133e+20
30.7007 58.3006 3.20686e+16 1.11776e+20 7.10768e+20
30.7407 65.3342 3.20521e+16 2.04567e+20 6.13308e+20
30.7808 66.4284 3.20131e+16 2.61e+20 5.50055e+20
30.8208 65.1779 3.20088e+16 2.75127e+20 6.60245e+20
30.8609 65.1779 3.20188e+16 4.62053e+20 7.03365e+20
30.9009 54.2368 3.19957e+16 4.80894e+20 6.66195e+20
30.9409 71.7426 3.19716e+16 3.90075e+20 6.74505e+20
30.981 71.7426 3.19772e+16 4.57514e+20 5.75096e+20
31.021 69.867 3.19843e+16 3.70609e+20 6.38429e+20
31.0611 71.7426 3.19687e+16 2.08538e+20 5.76624e+20
31.1011 65.3342 3.19496e+16 2.27826e+20 6.48025e+20
31.1411 78.6199 3.19588e+16 1.75878e+20 5.48093e+20
31.1812 78.9325 3.19668e+16 1.54544e+20 5.10505e+20
31.2212 67.0536 3.19338e+16 3.06916e+20 5.34993e+20
31.2613 68.304 3.19094e+16 3.37982e+20 6.13571e+20
31.3013 68.6166 3.19181e+16 3.99437e+20 5.27813e+20
31.3413 67.6788 3.19014e+16 6.00693e+20 6.03631e+20
31.3814 68.7729 3.18663e+16 5.74656e+20 5.75042e+20
31.4214 73.6182 3.18587e+16 4.94222e+20 4.95234e+20
31.4615 73.6182 3.18465e+16 5.61674e+20 5.6235e+20
31.5015 92.0619 3.18116e+16 4.42238e+20 4.74139e+20
31.5415 79.2451 3.18012e+16 2.65534e+20 4.82541e+20
31.5816 80.6518 3.18068e+16 2.67237e+20 5.59373e+20
31.6216 81.7459 3.1779e+16 1.94128e+20 4.58026e+20
31.6617 81.1207 3.17484e+16 1.35539e+20 4.47941e+20
31.7017 82.0586 3.17553e+16 2.44057e+20 4.48708e+20
31.7417 84.2468 3.17609e+16 2.62317e+20 4.33574e+20
31.7818 86.9039 3.17408e+16 2.86834e+20 4.71316e+20
31.8218 96.282 3.17272e+16 4.45839e+20 4.88688e+20
31.8619 87.8417 3.17352e+16 4.39445e+20 4.42259e+20
31.9019 87.6854 3.17434e+16 3.53452e+20 4.39938e+20
31.9419 94.5627 3.17268e+16 3.98063e+20 4.55363e+20
31.982 93.9375 3.17052e+16 3.25571e+20 4.95662e+20
32.022 94.5627 3.1713e+16 1.66177e+20 4.71007e+20
32.0621 94.8753 3.17166e+16 1.45371e+20 5.19786e+20
32.1021 99.877 3.16824e+16 1.05503e+20 4.44669e+20
32.1421 101.44 3.16576e+16 5.32212e+19 4.32408e+20
32.1822 101.127 3.16606e+16 1.31542e+20 4.16773e+20
32.2222 101.127 3.16442e+16 1.68917e+20 3.84376e+20
32.2623 102.065 3.16125e+16 1.88309e+20 3.95036e+20
32.3023 107.067 3.16048e+16 3.25844e+20 4.67293e+20
32.3423 107.379 3.1596e+16 3.5985e+20 4.6389e+20
32.3824 108.317 3.15614e+16 2.85244e+20 4.45809e+20
32.4224 107.692 3.15446e+16 3.20167e+20 4.70245e+20
32.4625 114.257 3.15548e+16 3.00297e+20 3.84117e+20
32.5025 114.569 3.15411e+16 1.62469e+20 3.9966e+20
32.5425 114.413 3.15112e+16 1.32575e+20 4.16005e+20
32.5826 114.569 3.15098e+16 1.28567e+20 4.25059e+20
32.6226 115.195 3.15224e+16 7.29576e+19 3.98715e+20
32.6627 120.821 3.15172e+16 1.37193e+20 4.40281e+20
32.7027 122.072 3.15013e+16 2.20106e+20 3.55312e+20
32.7427 122.072 3.1497e+16 2.21831e+20 3.51423e+20
32.7828 121.447 3.15076e+16 3.2942e+20 4.03087e+20
32.8228 120.821 3.15042e+16 4.42332e+20 4.43006e+20
32.8629 127.855 3.14757e+16 3.79841e+20 4.17556e+20
32.9029 128.324 3.14617e+16 3.54991e+20 3.89308e+20
32.9429 128.011 3.14709e+16 3.94481e+20 3.95027e+20
32.983 134.576 3.14576e+16 2.84491e+20 3.89942e+20
33.023 134.889 3.14225e+16 1.67078e+20 3.61947e+20
33.0631 115.82 3.14094e+16 1.6581e+20 4.06736e+20
33.1031 135.201 3.14077e+16 1.14859e+20 3.74192e+20
33.1431 135.201 3.13827e+16 7.40311e+19 3.81907e+20
33.1832 142.079 3.13586e+16 1.49456e+20 3.35147e+20
33.2232 142.079 3.13583e+16 1.79707e+20 3.8735e+20
33.2633 142.704 3.13451e+16 1.89656e+20 3.28325e+20
33.3033 123.322 3.13122e+16 3.05437e+20 3.63589e+20
33.3433 148.643 3.13047e+16 3.50504e+20 3.55259e+20
33.3834 141.453 3.13172e+16 2.79375e+20 3.72294e+20
33.4234 148.643 3.13075e+16 2.87131e+20 3.3013e+20
33.4635 148.956 3.12872e+16 2.91995e+20 3.66566e+20
33.5035 148.956 3.12865e+16 1.74736e+20 3.23242e+20
33.5435 155.52 3.1297e+16 1.01408e+20 3.83166e+20
33.5836 155.833 3.12963e+16 9.67167e+19 3.82892e+20
33.6236 137.077 3.12799e+16 4.68006e+19 3.54348e+20
33.6637 162.71 3.12676e+16 4.34279e+19 3.2045e+20
33.7037 162.71 3.12736e+16 1.08466e+20 3.07827e+20
33.7437 138.327 3.12724e+16 1.21179e+20 3.42284e+20
33.7838 163.023 3.12447e+16 1.5836e+20 3.26687e+20
33.8238 163.023 3.12218e+16 2.64878e+20 3.52331e+20
33.8639 145.048 3.12249e+16 2.7545e+20 3.51879e+20
33.9039 170.525 3.12202e+16 2.21717e+20 3.22032e+20
33.9439 170.213 3.11904e+16 2.45688e+20 3.2842e+20
33.984 150.988 3.11699e+16 2.33563e+20 3.45022e+20
34.024 151.457 3.11682e+16 1.29344e+20 3.31736e+20
34.0641 152.082 3.11517e+16 8.70341e+19 3.4805e+20
34.1041 157.396 3.11244e+16 8.78865e+19 3.33188e+20
34.1441 177.403 3.11206e+16 4.69422e+19 2.99204e+20
34.1842 177.09 3.11225e+16 6.57611e+19 3.05988e+20
34.2242 159.272 3.11007e+16 1.40582e+20 3.14666e+20
34.2643 184.905 3.10818e+16 1.56172e+20 3.20609e+20
34.3043 184.28 3.10893e+16 1.98035e+20 2.77283e+20
34.3443 165.211 3.10974e+16 3.10002e+20 3.4488e+20
34.3844 165.836 3.10872e+16 3.27697e+20 3.28076e+20
34.4244 166.774 3.10736e+16 2.70428e+20 3.05574e+20
34.4645 172.245 3.10723e+16 2.88323e+20 3.02248e+20
34.5045 191.783 3.10783e+16 2.86137e+20 2.86564e+20
34.5445 173.964 3.1072e+16 1.79683e+20 3.05154e+20
34.5846 173.339 3.10498e+16 1.14923e+20 3.03188e+20
34.6246 173.495 3.10358e+16 1.13207e+20 3.23831e+20
34.6647 174.902 3.10398e+16 6.89713e+19 2.73933e+20
34.7047 180.216 3.10343e+16 5.27087e+19 2.86308e+20
34.7447 180.841 3.10063e+16 1.1386e+20 2.7021e+20
34.7848 181.154 3.09853e+16 1.39664e+20 2.83363e+20
34.8248 187.406 3.09868e+16 1.52344e+20 2.53651e+20
34.8649 187.406 3.09812e+16 2.41684e+20 3.0093e+20
34.9049 188.031 3.0955e+16 2.94871e+20 2.95341e+20
34.9449 188.031 3.09383e+16 2.47424e+20 2.95276e+20
34.985 188.031 3.0938e+16 2.34302e+20 3.19927e+20
35.025 188.657 3.09248e+16 2.54817e+20 2.89308e+20
35.0651 194.909 3.09022e+16 1.87282e+20 2.68435e+20
35.1051 195.534 3.08997e+16 9.83235e+19 2.56361e+20
35.1451 187.093 3.09069e+16 8.0369e+19 3.19846e+20
35.1852 201.473 3.08967e+16 5.85987e+19 2.72992e+20
35.2252 195.221 3.08797e+16 2.26816e+19 2.86466e+20
35.2653 202.724 3.08779e+16 5.07196e+19 2.68372e+20
35.3053 202.724 3.08854e+16 9.16143e+19 2.76997e+20
35.3453 202.88 3.08828e+16 9.72555e+19 2.92638e+20
35.3854 203.349 3.08664e+16 1.48348e+20 2.72935e+20
35.4254 208.976 3.08518e+16 2.24897e+20 3.03906e+20
35.4655 209.757 3.08508e+16 2.17392e+20 2.80163e+20
35.5055 201.786 3.08497e+16 1.81009e+20 3.02903e+20
35.5455 216.478 3.08313e+16 1.99007e+20 2.52409e+20
35.5856 210.226 3.08078e+16 1.85481e+20 2.66584e+20
35.6256 218.041 3.08017e+16 1.05397e+20 2.35705e+20
35.6657 217.416 3.08053e+16 6.24741e+19 2.75558e+20
35.7057 217.729 3.07924e+16 5.99379e+19 2.80125e+20
35.7457 218.354 3.07667e+16 3.24731e+19 2.44026e+20
35.7858 224.293 3.07561e+16 3.12945e+19 2.68349e+20
35.8258 224.762 3.07592e+16 8.46024e+19 2.60753e+20
35.8659 224.606 3.07491e+16 1.12886e+20 2.47982e+20
35.9059 224.606 3.07287e+16 1.29516e+20 2.6451e+20
35.9459 225.231 3.07228e+16 2.05067e+20 2.55021e+20
35.986 224.606 3.07248e+16 2.63902e+20 2.77325e+20
36.026 232.734 3.07133e+16 2.34833e+20 2.35001e+20
36.0661 232.89 3.06973e+16 2.12632e+20 2.62552e+20
36.1061 233.359 3.06965e+16 2.34339e+20 2.34618e+20
36.1461 239.455 3.07025e+16 1.99086e+20 2.39338e+20
36.1862 240.236 3.06954e+16 1.14876e+20 2.27595e+20
36.2262 231.796 3.06768e+16 8.26989e+19 2.73882e+20
36.2663 219.135 3.06652e+16 7.66279e+19 2.6442e+20
36.3063 240.236 3.06658e+16 4.25316e+19 2.47026e+20
36.3463 240.236 3.06617e+16 4.25565e+19 2.42847e+20
36.3864 248.051 3.06419e+16 9.31146e+19 2.18595e+20
36.4264 248.051 3.06212e+16 1.16587e+20 2.50832e+20
36.4665 248.051 3.06154e+16 1.31578e+20 2.44837e+20
36.5065 227.732 3.06154e+16 2.01664e+20 2.37788e+20
36.5465 254.616 3.06035e+16 2.56501e+20 2.60975e+20
36.5866 254.929 3.05832e+16 2.30687e+20 2.3087e+20
36.6266 229.295 3.05736e+16 2.06874e+20 2.35647e+20
36.6667 255.241 3.05782e+16 2.24388e+20 2.43348e+20
36.7067 255.554 3.05776e+16 1.95916e+20 2.40695e+20
36.7467 236.641 3.05616e+16 1.15955e+20 2.36544e+20
36.7868 263.369 3.05479e+16 7.43838e+19 2.36379e+20
36.8268 263.369 3.05493e+16 6.48746e+19 2.49896e+20
36.8669 262.431 3.05499e+16 3.39893e+19 2.22427e+20
36.9069 243.05 3.0537e+16 2.15348e+19 2.5025e+20
36.9469 270.871 3.05248e+16 5.60587e+19 2.23316e+20
36.987 243.987 3.05251e+16 7.99179e+19 2.57194e+20
37.027 250.24 3.05241e+16 8.97471e+19 2.29025e+20
37.0671 270.871 3.05084e+16 1.41101e+20 2.39438e+20
37.1071 251.803 3.04896e+16 1.96293e+20 2.51917e+20
37.1471 278.374 3.04843e+16 1.86872e+20 2.29557e+20
37.1872 278.999 3.04842e+16 1.60202e+20 2.43571e+20
37.2272 278.999 3.04691e+16 1.7082e+20 2.1797e+20
37.2673 258.524 3.04425e+16 1.61805e+20 2.19218e+20
37.3073 258.992 3.04273e+16 1.00674e+20 2.40785e+20
37.3473 259.93 3.04257e+16 5.42314e+19 2.07728e+20
37.3874 259.618 3.04188e+16 4.54424e+19 2.40595e+20
37.4274 285.876 3.0401e+16 2.79491e+19 2.19666e+20
37.4675 286.502 3.03871e+16 1.35204e+19 2.26253e+20
37.5075 267.745 3.03859e+16 4.10167e+19 2.09635e+20
37.5475 294.786 3.03903e+16 7.4878e+19 2.13192e+20
37.5876 294.629 3.03885e+16 8.65664e+19 2.31014e+20
37.6276 268.371 3.03786e+16 1.2278e+20 2.10174e+20
37.6677 274.31 3.03717e+16 1.8581e+20 2.22037e+20
37.7077 275.092 3.03766e+16 2.03259e+20 2.16948e+20
37.7477 275.56 3.03824e+16 1.74976e+20 2.13514e+20
37.7878 274.935 3.03741e+16 1.71211e+20 2.37244e+20
37.8278 282.438 3.03591e+16 1.80243e+20 2.12548e+20
37.8679 283.219 3.03545e+16 1.40232e+20 2.13307e+20
37.9079 283.532 3.03551e+16 7.9473e+19 1.95219e+20
37.9479 283.063 3.03427e+16 5.75286e+19 2.33956e+20
37.988 283.688 3.03206e+16 5.01289e+19 2.18306e+20
38.028 284.313 3.03085e+16 2.74364e+19 1.9731e+20
38.0681 290.565 3.03054e+16 2.97141e+19 2.16546e+20
38.1081 291.503 3.02897e+16 6.91221e+19 1.91175e+20
38.1481 291.816 3.02596e+16 9.53116e+19 1.92241e+20
38.1882 298.068 3.02395e+16 1.0907e+20 1.84873e+20
38.2282 294.629 3.02368e+16 1.58146e+20 2.15256e+20
38.2683 291.191 3.02302e+16 2.15026e+20 2.29254e+20
38.3083 298.849 3.02097e+16 2.1602e+20 2.16253e+20
38.3483 299.318 3.01934e+16 1.88869e+20 2.24739e+20
38.3884 299.787 3.0193e+16 1.9187e+20 2.01703e+20
38.4284 299.944 3.01979e+16 1.92583e+20 1.94515e+20
38.4685 306.977 3.01983e+16 1.42973e+20 1.98826e+20
38.5085 307.446 3.01962e+16 8.43446e+19 1.93878e+20
38.5485 307.133 3.01951e+16 6.35548e+19 2.19662e+20
38.5886 307.446 3.01989e+16 5.07917e+19 2.02599e+20
38.6286 314.48 3.02082e+16 2.52236e+19 1.99519e+20
38.6687 311.197 3.02125e+16 2.46968e+19 1.94144e+20
38.7087 315.261 3.02022e+16 5.57651e+19 1.92568e+20
38.7487 315.73 3.01888e+16 7.59082e+19 1.91776e+20
38.7888 315.886 3.01873e+16 8.81742e+19 2.02163e+20
38.8288 315.574 3.0187e+16 1.3057e+20 1.93224e+20
38.8689 323.076 3.01689e+16 1.78812e+20 2.12073e+20
38.9089 323.858 3.01417e+16 1.80816e+20 1.89224e+20
38.9489 323.701 3.01266e+16 1.58002e+20 1.97909e+20
38.989 323.389 3.01191e+16 1.58608e+20 2.0165e+20
39.029 324.014 3.0098e+16 1.59593e+20 1.90199e+20
39.0691 324.014 3.00669e+16 1.19934e+20 1.95377e+20
39.1091 331.517 3.00492e+16 6.81155e+19 1.90315e+20
39.1491 331.829 3.00461e+16 4.5552e+19 1.96902e+20
39.1892 332.142 3.00354e+16 3.46722e+19 2.02231e+20
39.2292 338.706 3.00137e+16 1.51703e+19 1.77364e+20
39.2693 339.644 3.00018e+16 1.27222e+19 1.93823e+20
39.3093 340.269 3.00067e+16 3.76725e+19 1.87374e+20
39.3493 340.582 3.00134e+16 5.85246e+19 1.80228e+20
39.3894 339.957 3.00136e+16 7.07996e+19 1.94028e+20
39.4294 340.582 3.00143e+16 1.05072e+20 1.83092e+20
39.4695 340.269 3.0019e+16 1.50528e+20 2.06302e+20
39.5095 319.95 3.00254e+16 1.61404e+20 1.99264e+20
39.5495 348.397 3.00334e+16 1.4262e+20 1.8941e+20
39.5896 348.553 3.00382e+16 1.37753e+20 1.95451e+20
39.6296 348.085 3.00304e+16 1.41938e+20 1.82563e+20
39.6697 356.525 3.00151e+16 1.1591e+20 1.82431e+20
39.7097 357.15 3.00079e+16 6.89685e+19 1.80307e+20
39.7497 356.994 3.00051e+16 4.2226e+19 1.83652e+20
39.7898 356.212 2.99864e+16 3.41317e+19 1.87975e+20
39.8298 357.15 2.99525e+16 2.01595e+19 1.73873e+20
39.8699 357.15 2.99267e+16 1.33434e+19 1.858e+20
39.9099 336.518 2.9916e+16 3.47624e+19 1.9074e+20
39.9499 364.653 2.99004e+16 6.36697e+19 1.88552e+20
39.99 364.965 2.98714e+16 7.88926e+19 1.98818e+20
40.03 365.278 2.98468e+16 1.02988e+20 1.74124e+20
40.0701 343.864 2.98389e+16 1.49562e+20 1.95979e+20
40.1101 373.562 2.98356e+16 1.81462e+20 1.91726e+20
40.1502 374.031 2.98243e+16 1.73478e+20 1.73624e+20
40.1902 345.584 2.98133e+16 1.57968e+20 1.9193e+20
40.2302 373.718 2.98139e+16 1.61008e+20 1.74502e+20
40.2703 374.031 2.98219e+16 1.5368e+20 1.81221e+20
40.3103 373.718 2.98271e+16 1.12982e+20 1.719e+20
40.3504 382.002 2.98282e+16 6.9173e+19 1.57869e+20
40.3904 382.158 2.98288e+16 5.07194e+19 1.85805e+20
40.4304 382.158 2.98292e+16 4.01068e+19 1.76921e+20
40.4705 360.589 2.98301e+16 2.26531e+19 1.75495e+20
40.5105 390.599 2.98302e+16 2.05044e+19 1.74425e+20
40.5506 391.224 2.98215e+16 4.44183e+19 1.62383e+20
40.5906 390.599 2.97998e+16 6.85721e+19 1.65785e+20
40.6306 362.464 2.97763e+16 8.21433e+19 1.78532e+20
40.6707 390.599 2.97608e+16 1.09453e+20 1.72056e+20
40.7107 369.967 2.9743e+16 1.53602e+20 1.78804e+20
40.7508 369.811 2.97101e+16 1.77783e+20 1.82043e+20
40.7908 399.195 2.96718e+16 1.67738e+20 1.67873e+20
40.8308 399.039 2.96472e+16 1.55602e+20 1.8631e+20
40.8709 371.217 2.9634e+16 1.58191e+20 1.67435e+20
40.9109 407.479 2.96162e+16 1.47637e+20 1.61771e+20
40.951 408.105 2.95934e+16 1.07729e+20 1.66092e+20
40.991 407.792 2.95789e+16 6.65579e+19 1.66473e+20
41.031 379.97 2.95766e+16 4.70847e+19 1.71741e+20
41.0711 379.658 2.95784e+16 3.45687e+19 1.69079e+20
41.1111 387.004 2.95793e+16 1.71919e+19 1.66845e+20
41.1512 387.16 2.95791e+16 1.24775e+19 1.71428e+20
41.1912 415.92 2.95781e+16 2.96936e+19 1.60208e+20
41.2312 416.857 2.95773e+16 4.92803e+19 1.66843e+20
41.2713 417.014 2.95785e+16 6.14751e+19 1.62584e+20
41.3113 388.567 2.95757e+16 8.40815e+19 1.67826e+20
41.3514 395.6 2.95599e+16 1.2103e+20 1.76371e+20
41.3914 396.382 2.95344e+16 1.44194e+20 1.78642e+20
41.4314 397.163 2.95127e+16 1.38722e+20 1.63347e+20
41.4715 397.163 2.94951e+16 1.27573e+20 1.59345e+20
41.5115 433.738 2.94658e+16 1.2809e+20 1.52331e+20
41.5516 404.978 2.94205e+16 1.21769e+20 1.58159e+20
41.5916 405.291 2.9377e+16 9.15255e+19 1.52443e+20
41.6316 433.738 2.93483e+16 5.51554e+19 1.59748e+20
41.6717 434.363 2.9323e+16 3.5005e+19 1.67449e+20
41.7117 405.916 2.9288e+16 2.48273e+19 1.70453e+20
41.7518 406.229 2.9253e+16 1.23388e+19 1.52021e+20
41.7918 443.116 2.92336e+16 7.50794e+18 1.49298e+20
41.8318 414.2 2.92264e+16 2.14938e+19 1.62328e+20
41.8719 414.669 2.92197e+16 4.21423e+19 1.56432e+20
41.9119 414.044 2.92146e+16 5.64579e+19 1.66511e+20
41.952 451.713 2.92173e+16 7.4971e+19 1.49012e+20
41.992 422.484 2.92229e+16 1.07623e+20 1.60933e+20
42.032 422.484 2.92246e+16 1.36242e+20 1.64744e+20
42.0721 422.797 2.92275e+16 1.39847e+20 1.59249e+20
42.1121 451.869 2.92331e+16 1.28743e+20 1.5772e+20
42.1522 423.735 2.9227e+16 1.2489e+20 1.57155e+20
42.1922 424.047 2.92008e+16 1.23269e+20 1.51549e+20
42.2322 431.237 2.91698e+16 1.03482e+20 1.59528e+20
42.2723 432.019 2.91457e+16 6.89049e+19 1.52234e+20
42.3123 432.488 2.91123e+16 4.2637e+19 1.45369e+20
42.3524 431.862 2.90538e+16 3.098e+19 1.60188e+20
42.3924 439.678 2.89869e+16 2.11081e+19 1.57966e+20
42.4324 440.928 2.89361e+16 1.19096e+19 1.44667e+20
42.4725 440.772 2.88944e+16 1.74696e+19 1.53122e+20
42.5125 440.772 2.88399e+16 3.84777e+19 1.5684e+20
42.5526 441.397 2.87793e+16 5.8766e+19 1.45655e+20
42.5926 441.709 2.87388e+16 7.43037e+19 1.53119e+20
42.6326 441.866 2.87212e+16 9.87133e+19 1.50984e+20
42.6727 448.43 2.87056e+16 1.32904e+20 1.67178e+20
42.7127 449.681 2.86861e+16 1.55234e+20 1.62714e+20
42.7528 450.15 2.86786e+16 1.53641e+20 1.53985e+20
42.7928 450.15 2.86869e+16 1.43791e+20 1.45185e+20
42.8328 457.965 2.86953e+16 1.4111e+20 1.49784e+20
42.8729 459.059 2.86965e+16 1.35185e+20 1.39114e+20
42.9129 458.434 2.86996e+16 1.10452e+20 1.57429e+20
42.953 458.746 2.87034e+16 7.539e+19 1.53156e+20
42.993 459.372 2.86915e+16 5.01558e+19 1.48242e+20
43.033 459.684 2.86606e+16 3.70553e+19 1.51391e+20
43.0731 459.684 2.8627e+16 2.48186e+19 1.46632e+20
43.1131 466.874 2.85947e+16 1.43846e+19 1.53048e+20
43.1532 467.812 2.85437e+16 1.79744e+19 1.58415e+20
43.1932 468.593 2.84657e+16 3.55281e+19 1.42202e+20
43.2332 468.437 2.83836e+16 5.34961e+19 1.4667e+20
43.2733 468.437 2.83175e+16 6.8307e+19 1.39933e+20
43.3133 468.437 2.82541e+16 9.04106e+19 1.42163e+20
43.3534 468.75 2.81745e+16 1.2061e+20 1.45158e+20
43.3934 447.493 2.80919e+16 1.41937e+20 1.47036e+20
43.4334 447.493 2.80323e+16 1.43308e+20 1.43447e+20
43.4735 447.805 2.79949e+16 1.35579e+20 1.44129e+20
43.5135 448.274 2.79592e+16 1.31913e+20 1.45541e+20
43.5536 448.43 2.79229e+16 1.26396e+20 1.47092e+20
43.5936 455.933 2.79015e+16 1.06202e+20 1.39311e+20
43.6336 456.714 2.78956e+16 7.50333e+19 1.31936e+20
43.6737 457.027 2.78888e+16 4.89678e+19 1.41127e+20
43.7137 457.183 2.78752e+16 3.35276e+19 1.41643e+20
43.7538 464.373 2.78632e+16 2.13544e+19 1.40607e+20
43.7938 465.311 2.78487e+16 1.04471e+19 1.47414e+20
43.8338 465.624 2.78151e+16 9.1247e+18 1.47171e+20
43.8739 465.78 2.77607e+16 2.04455e+19 1.40374e+20
43.9139 465.936 2.77017e+16 3.5864e+19 1.37289e+20
43.954 466.405 2.76401e+16 4.95532e+19 1.41866e+20
43.994 466.874 2.75574e+16 6.69416e+19 1.43534e+20
44.034 466.561 2.74496e+16 9.14719e+19 1.48509e+20
44.0741 465.936 2.73399e+16 1.13159e+20 1.52411e+20
44.1141 465.936 2.72456e+16 1.20341e+20 1.4619e+20
44.1542 466.249 2.71547e+16 1.16011e+20 1.39387e+20
44.1942 465.311 2.70535e+16 1.1133e+20 1.35783e+20
44.2342 452.494 2.6956e+16 1.07311e+20 1.34468e+20
44.2743 453.276 2.68839e+16 9.465e+19 1.39425e+20
44.3143 453.745 2.68342e+16 7.0855e+19 1.38621e+20
44.3544 453.745 2.67891e+16 4.61136e+19 1.35723e+20
44.3944 453.901 2.67482e+16 2.93159e+19 1.34938e+20
44.4344 454.37 2.6724e+16 1.84691e+19 1.35609e+20
44.4745 454.683 2.67132e+16 9.47379e+18 1.42462e+20
44.5145 461.716 2.66991e+16 6.00547e+18 1.42634e+20
44.5546 462.654 2.66773e+16 1.33142e+19 1.34666e+20
44.5946 463.279 2.66573e+16 2.82158e+19 1.33371e+20
44.6346 463.748 2.66357e+16 4.35454e+19 1.31015e+20
44.6747 463.748 2.65932e+16 5.92537e+19 1.29352e+20
44.7147 468.75 2.65251e+16 8.00672e+19 1.31428e+20
44.7548 468.75 2.64495e+16 1.03484e+20 1.37597e+20
44.7948 468.75 2.63761e+16 1.18966e+20 1.3951e+20
44.8348 468.75 2.62891e+16 1.21345e+20 1.3764e+20
44.8749 468.75 2.6176e+16 1.16962e+20 1.31003e+20
44.9149 468.75 2.60549e+16 1.12765e+20 1.25962e+20
44.955 468.75 2.5951e+16 1.05678e+20 1.25043e+20
44.995 468.75 2.58621e+16 8.91249e+19 1.30989e+20
45.035 468.75 2.57693e+16 6.52456e+19 1.36693e+20
45.0751 468.75 2.5675e+16 4.35989e+19 1.29629e+20
45.1151 468.75 2.56027e+16 2.91444e+19 1.29552e+20
45.1552 450.619 2.55604e+16 1.89675e+19 1.29948e+20
45.1952 458.59 2.55307e+16 1.13135e+19 1.26616e+20
45.2352 459.372 2.55012e+16 1.05299e+19 1.27684e+20
45.2753 459.528 2.54813e+16 1.99912e+19 1.30474e+20
45.3153 459.684 2.54788e+16 3.57689e+19 1.2947e+20
45.3554 459.684 2.54793e+16 5.21164e+19 1.29913e+20
45.3954 460.309 2.54666e+16 6.94523e+19 1.2967e+20
45.4354 467.656 2.5444e+16 9.10794e+19 1.30477e+20
45.4755 467.812 2.54214e+16 1.1402e+20 1.40434e+20
45.5155 468.75 2.53896e+16 1.29452e+20 1.37547e+20
45.5556 468.75 2.53311e+16 1.33283e+20 1.34931e+20
45.5956 468.75 2.52497e+16 1.30361e+20 1.30471e+20
45.6356 468.75 2.51656e+16 1.26119e+20 1.26207e+20
45.6757 468.75 2.50839e+16 1.18401e+20 1.29079e+20
45.7157 468.75 2.49895e+16 1.02111e+20 1.34176e+20
45.7558 468.75 2.48775e+16 7.86731e+19 1.2707e+20
45.7958 468.75 2.47678e+16 5.58589e+19 1.29925e+20
45.8358 468.75 2.46798e+16 3.87175e+19 1.28346e+20
45.8759 468.75 2.46079e+16 2.59203e+19 1.25574e+20
45.9159 468.75 2.45376e+16 1.57077e+19 1.22331e+20
45.956 454.683 2.44721e+16 1.09901e+19 1.22771e+20
45.996 454.995 2.44262e+16 1.53037e+19 1.31742e+20
46.036 455.62 2.44014e+16 2.70032e+19 1.29506e+20
46.0761 456.246 2.43836e+16 4.13094e+19 1.21125e+20
46.1161 456.246 2.43651e+16 5.67964e+19 1.21734e+20
46.1562 463.592 2.43502e+16 7.54812e+19 1.22254e+20
46.1962 464.373 2.43387e+16 9.64899e+19 1.29682e+20
46.2362 464.686 2.43194e+16 1.13748e+20 1.29124e+20
46.2763 464.998 2.42849e+16 1.22044e+20 1.23841e+20
46.3163 465.311 2.42421e+16 1.22642e+20 1.22758e+20
46.3564 465.624 2.41962e+16 1.2e+20 1.245e+20
46.3964 465.936 2.41395e+16 1.14676e+20 1.18992e+20
46.4364 465.78 2.40637e+16 1.03147e+20 1.23702e+20
46.4765 464.998 2.39772e+16 8.43027e+19 1.27643e+20
46.5165 464.998 2.38965e+16 6.26044e+19 1.2127e+20
46.5566 464.686 2.38248e+16 4.3651e+19 1.19224e+20
46.5966 449.056 2.37527e+16 2.89116e+19 1.22882e+20
46.6366 450.619 2.36785e+16 1.70574e+19 1.18475e+20
46.6767 451.244 2.36151e+16 8.73987e+18 1.16486e+20
46.7167 451.244 2.35729e+16 6.86199e+18 1.17897e+20
46.7568 450.931 2.35464e+16 1.24444e+19 1.23755e+20
46.7968 451.244 2.35258e+16 2.2914e+19 1.21854e+20
46.8368 451.244 2.35116e+16 3.55616e+19 1.20872e+20
46.8769 459.684 2.35091e+16 5.04046e+19 1.20633e+20
46.9169 459.84 2.35142e+16 6.79343e+19 1.27739e+20
46.957 460.466 2.35163e+16 8.54195e+19 1.27528e+20
46.997 460.935 2.3512e+16 9.80027e+19 1.27906e+20
47.037 461.247 2.35061e+16 1.03482e+20 1.25236e+20
47.0771 461.247 2.3497e+16 1.03814e+20 1.23287e+20
47.1171 460.935 2.34742e+16 1.01292e+20 1.2047e+20
47.1572 468.75 2.34331e+16 9.50456e+19 1.193e+20
47.1972 468.75 2.33833e+16 8.2941e+19 1.17103e+20
47.2372 468.75 2.33353e+16 6.57969e+19 1.22502e+20
47.2773 468.75 2.32863e+16 4.76923e+19 1.19589e+20
47.3173 468.75 2.32272e+16 3.21966e+19 1.19692e+20
47.3574 468.75 2.31608e+16 1.99112e+19 1.17164e+20
47.3974 468.75 2.31024e+16 1.047e+19 1.16238e+20
47.4374 468.75 2.30608e+16 5.10553e+18 1.22005e+20
47.4775 447.18 2.30299e+16 5.8534e+18 1.2345e+20
47.5175 455.464 2.30016e+16 1.27698e+19 1.16763e+20
47.5576 455.933 2.2979e+16 2.36816e+19 1.14736e+20
47.5976 456.558 2.29696e+16 3.68432e+19 1.14575e+20
47.6376 456.871 2.29718e+16 5.22303e+19 1.15435e+20
47.6777 457.34 2.29764e+16 6.94977e+19 1.13042e+20
47.7177 457.183 2.29781e+16 8.5942e+19 1.14156e+20
47.7578 464.53 2.29786e+16 9.77392e+19 1.15253e+20
47.7978 465.624 2.29768e+16 1.0349e+20 1.17061e+20
47.8378 466.249 2.29647e+16 1.0454e+20 1.17253e+20
47.8779 466.561 2.29375e+16 1.02327e+20 1.16767e+20
47.9179 466.718 2.28996e+16 9.60728e+19 1.16308e+20
47.958 466.874 2.28569e+16 8.44465e+19 1.14671e+20
47.998 467.187 2.28069e+16 6.83971e+19 1.14094e+20
48.038 467.343 2.27435e+16 5.12465e+19 1.15121e+20
48.0781 467.187 2.26702e+16 3.60095e+19 1.12804e+20
48.1181 466.561 2.25989e+16 2.35392e+19 1.13407e+20
48.1582 465.936 2.25372e+16 1.38382e+19 1.0985e+20
48.1982 452.182 2.24819e+16 8.00991e+18 1.1195e+20
48.2382 452.494 2.24286e+16 7.85009e+18 1.14532e+20
48.2783 452.807 2.23817e+16 1.37396e+19 1.14207e+20
48.3183 453.276 2.23486e+16 2.41199e+19 1.10192e+20
48.3584 453.432 2.23293e+16 3.72696e+19 1.11564e+20
48.3984 460.309 2.23166e+16 5.27425e+19 1.16336e+20
48.4384 461.56 2.23063e+16 7.02054e+19 1.1716e+20
48.4785 462.185 2.22997e+16 8.77245e+19 1.15416e+20
48.5185 462.498 2.22953e+16 1.02025e+20 1.19268e+20
48.5586 462.81 2.22856e+16 1.11033e+20 1.1648e+20
48.5986 462.81 2.22644e+16 1.14994e+20 1.16281e+20
48.6386 463.123 2.22337e+16 1.1506e+20 1.15156e+20
48.6787 463.435 2.21979e+16 1.11105e+20 1.11197e+20
48.7187 468.75 2.21542e+16 1.0203e+20 1.09487e+20
48.7588 468.75 2.20956e+16 8.78363e+19 1.08549e+20
48.7988 468.75 2.20228e+16 7.07487e+19 1.09151e+20
48.8388 468.75 2.19468e+16 5.37571e+19 1.05362e+20
48.8789 468.75 2.18769e+16 3.85751e+19 1.11084e+20
48.9189 468.75 2.18118e+16 2.56043e+19 1.11899e+20
48.959 468.75 2.17463e+16 1.54753e+19 1.12425e+20
48.999 468.75 2.16834e+16 9.73831e+18 1.10076e+20
49.039 468.75 2.16332e+16 9.66619e+18 1.05926e+20
49.0791 468.75 2.16013e+16 1.49949e+19 1.05295e+20
49.1191 463.279 2.15825e+16 2.4328e+19 1.08584e+20
49.1592 458.121 2.15696e+16 3.66162e+19 1.07902e+20
49.1992 458.434 2.15624e+16 5.14807e+19 1.09042e+20
49.2392 458.434 2.15634e+16 6.80605e+19 1.11445e+20
49.2793 458.746 2.15695e+16 8.41392e+19 1.09302e+20
49.3193 458.903 2.1572e+16 9.71468e+19 1.10766e+20
49.3594 467.187 2.15657e+16 1.05768e+20 1.08452e+20
49.3994 467.656 2.15518e+16 1.10203e+20 1.10306e+20
49.4394 468.124 2.15315e+16 1.10898e+20 1.10996e+20
49.4795 468.437 2.15002e+16 1.07333e+20 1.10196e+20
49.5195 468.75 2.14524e+16 9.87488e+19 1.09787e+20
49.5596 468.75 2.13902e+16 8.55909e+19 1.05705e+20
49.5996 468.75 2.13219e+16 6.98807e+19 1.03997e+20
49.6396 468.75 2.12528e+16 5.392e+19 1.07338e+20
49.6797 468.75 2.11811e+16 3.90147e+19 1.06507e+20
49.7197 468.75 2.11051e+16 2.57592e+19 1.0955e+20
49.7598 468.437 2.10299e+16 1.49851e+19 1.10377e+20
49.7998 467.187 2.09642e+16 8.0856e+18 1.06706e+20
49.8398 453.588 2.0912e+16 6.08466e+18 1.02666e+20
49.8799 453.901 2.08703e+16 8.87984e+18 1.00511e+20
49.9199 453.745 2.08358e+16 1.55806e+19 1.06044e+20
49.96 453.901 2.08094e+16 2.54231e+19 1.07694e+20
50 454.057 2.07928e+16 3.79319e+19 1.08447e+20
