#S 1 scored data
#N 5
#L  distance  fwhm  total_intensity  on_axis_intensity  peak_intensity
10 307.446 1.21261e+19 5.26257e+22 7.79799e+22
10.04 330.891 1.21341e+19 2.29149e+22 8.3056e+22
10.0801 277.28 1.21422e+19 3.4975e+22 8.769e+22
10.1201 351.523 1.21486e+19 6.53831e+22 7.39724e+22
10.1602 323.076 1.21501e+19 4.8653e+22 7.41951e+22
10.2002 389.817 1.21498e+19 1.44986e+22 7.89771e+22
10.2402 317.762 1.21514e+19 3.67649e+22 7.69321e+22
10.2803 341.52 1.21577e+19 5.59858e+22 7.74699e+22
10.3203 338.394 1.21643e+19 1.39322e+22 7.73612e+22
10.3604 395.913 1.21678e+19 1.6032e+22 6.94075e+22
10.4004 391.224 1.21682e+19 5.6085e+22 6.864e+22
10.4404 342.145 1.21682e+19 4.6334e+22 7.29476e+22
10.4805 313.073 1.21693e+19 8.49713e+21 7.83315e+22
10.5205 313.073 1.21734e+19 4.25837e+22 7.5714e+22
10.5606 271.184 1.2176e+19 9.18574e+22 9.33084e+22
10.6006 304.633 1.21782e+19 4.9181e+22 8.06143e+22
10.6406 232.421 1.21789e+19 6.81345e+21 9.63834e+22
10.6807 328.703 1.21785e+19 5.81231e+22 8.45682e+22
10.7207 272.747 1.21789e+19 9.55128e+22 9.92781e+22
10.7608 296.817 1.21794e+19 3.0276e+22 8.46715e+22
10.8008 292.441 1.21816e+19 6.43539e+21 8.58286e+22
10.8408 361.214 1.21827e+19 7.03713e+22 7.59725e+22
10.8809 358.4 1.21818e+19 8.11468e+22 8.54435e+22
10.9209 358.713 1.21806e+19 1.70293e+22 8.27068e+22
10.961 353.086 1.21797e+19 1.86085e+22 8.5274e+22
11.001 280.718 1.21796e+19 9.66296e+22 9.76758e+22
11.041 277.436 1.218e+19 7.91931e+22 8.64777e+22
11.0811 301.194 1.21785e+19 7.72232e+21 9.61635e+22
11.1211 298.381 1.21766e+19 3.21843e+22 7.87336e+22
11.1612 268.683 1.21744e+19 9.20505e+22 9.21485e+22
11.2012 292.597 1.21715e+19 7.05355e+22 8.73275e+22
11.2412 241.174 1.21711e+19 7.24853e+21 9.71917e+22
11.2813 213.977 1.21685e+19 3.86657e+22 9.82835e+22
11.3213 259.93 1.21652e+19 9.86814e+22 1.01048e+23
11.3614 232.577 1.21631e+19 4.61206e+22 1.00956e+23
11.4014 242.112 1.2159e+19 6.919e+21 9.35186e+22
11.4414 263.994 1.21563e+19 5.62573e+22 9.12941e+22
11.4815 287.752 1.21544e+19 7.85405e+22 9.08773e+22
11.5215 271.184 1.2151e+19 3.15182e+22 8.97803e+22
11.5616 255.241 1.21482e+19 1.38426e+22 9.00149e+22
11.6016 279.624 1.21452e+19 6.48542e+22 9.00746e+22
11.6416 275.873 1.2141e+19 8.10212e+22 9.20731e+22
11.6817 224.606 1.21378e+19 2.37224e+22 9.28025e+22
11.7217 209.601 1.21353e+19 2.24198e+22 1.00241e+23
11.7618 242.112 1.21316e+19 8.84386e+22 9.80263e+22
11.8018 228.045 1.21284e+19 8.13232e+22 9.79103e+22
11.8418 214.915 1.21258e+19 1.42781e+22 1.00834e+23
11.8819 210.851 1.21219e+19 2.78928e+22 9.36317e+22
11.9219 270.871 1.21189e+19 8.36545e+22 9.19681e+22
11.962 258.367 1.21169e+19 6.92221e+22 8.93534e+22
12.002 229.295 1.21133e+19 1.35053e+22 9.2875e+22
12.042 225.856 1.21101e+19 2.88831e+22 9.60154e+22
12.0821 247.739 1.21079e+19 7.69046e+22 9.49262e+22
12.1221 258.992 1.21049e+19 5.30431e+22 9.0145e+22
12.1622 229.764 1.21023e+19 8.77909e+21 9.94871e+22
12.2022 240.861 1.21003e+19 3.84867e+22 9.36685e+22
12.2422 222.418 1.20976e+19 7.52491e+22 9.4417e+22
12.2823 223.043 1.20948e+19 4.1265e+22 9.27284e+22
12.3223 245.082 1.20926e+19 8.92244e+21 9.70183e+22
12.3624 241.487 1.20907e+19 4.82663e+22 9.3585e+22
12.4024 241.799 1.20883e+19 7.92942e+22 9.34081e+22
12.4424 238.673 1.20861e+19 3.9182e+22 9.3542e+22
12.4825 235.547 1.20846e+19 1.34084e+22 9.03459e+22
12.5225 235.547 1.20825e+19 5.59515e+22 9.27511e+22
12.5626 256.648 1.20805e+19 8.75414e+22 8.90337e+22
12.6026 228.67 1.20799e+19 4.54843e+22 9.5699e+22
12.6426 226.794 1.20785e+19 1.60865e+22 9.07631e+22
12.6827 224.919 1.20761e+19 6.23925e+22 9.79426e+22
12.7227 246.801 1.20749e+19 9.02072e+22 9.29111e+22
12.7628 228.045 1.20744e+19 4.1956e+22 1.02443e+23
12.8028 258.68 1.20724e+19 1.88066e+22 9.48337e+22
12.8428 225.231 1.2071e+19 7.37424e+22 1.03094e+23
12.8829 251.49 1.20705e+19 9.68769e+22 9.7855e+22
12.9229 222.105 1.20689e+19 4.14729e+22 1.0187e+23
12.963 248.676 1.20673e+19 2.27577e+22 9.9813e+22
13.003 254.303 1.20669e+19 8.03529e+22 9.81259e+22
13.043 254.929 1.20666e+19 9.81743e+22 1.00492e+23
13.0831 251.803 1.20652e+19 4.27302e+22 9.95424e+22
13.1231 252.115 1.20642e+19 2.75278e+22 1.01738e+23
13.1632 248.989 1.2064e+19 8.20606e+22 9.96748e+22
13.2032 245.238 1.20633e+19 9.57059e+22 1.00355e+23
13.2432 245.863 1.20629e+19 4.26666e+22 9.51023e+22
13.2833 251.334 1.20631e+19 2.95908e+22 9.79985e+22
13.3233 247.739 1.20631e+19 8.14511e+22 9.60957e+22
13.3634 248.364 1.20624e+19 9.5262e+22 9.67707e+22
13.4034 244.925 1.2062e+19 4.58583e+22 9.16993e+22
13.4434 245.394 1.20628e+19 3.16704e+22 9.6445e+22
13.4835 241.955 1.20635e+19 7.80027e+22 9.48807e+22
13.5235 242.112 1.20637e+19 9.12399e+22 9.63e+22
13.5636 238.829 1.20641e+19 4.66381e+22 9.41782e+22
13.6036 235.235 1.20644e+19 3.42392e+22 9.40965e+22
13.6436 235.547 1.20647e+19 7.81632e+22 9.03689e+22
13.6837 231.952 1.20652e+19 9.08275e+22 9.12525e+22
13.7237 227.576 1.20663e+19 4.78011e+22 9.19982e+22
13.7638 228.357 1.2067e+19 3.33147e+22 8.92193e+22
13.8038 220.386 1.20669e+19 7.26683e+22 9.10216e+22
13.8438 220.542 1.20668e+19 8.66325e+22 8.85675e+22
13.8839 217.103 1.20668e+19 4.88575e+22 9.36964e+22
13.9239 213.665 1.20673e+19 3.51665e+22 9.00231e+22
13.964 213.977 1.20682e+19 7.34465e+22 9.35125e+22
14.004 215.072 1.20684e+19 8.92178e+22 9.14827e+22
14.044 216.166 1.20679e+19 5.0524e+22 9.08116e+22
14.0841 207.256 1.20676e+19 3.22734e+22 9.48688e+22
14.1241 212.727 1.20678e+19 7.1433e+22 9.4136e+22
14.1642 203.974 1.20677e+19 9.45799e+22 9.52216e+22
14.2042 200.379 1.2067e+19 5.92251e+22 9.37488e+22
14.2442 200.535 1.20668e+19 3.17799e+22 9.73649e+22
14.2843 197.409 1.2066e+19 6.02245e+22 9.38366e+22
14.3243 197.722 1.20644e+19 8.89574e+22 9.54246e+22
14.3644 194.283 1.20637e+19 6.52336e+22 9.49961e+22
14.4044 194.752 1.2064e+19 3.6691e+22 9.24178e+22
14.4444 191.157 1.20632e+19 5.99197e+22 9.32578e+22
14.4845 187.406 1.2061e+19 9.27954e+22 9.29144e+22
14.5245 187.719 1.20593e+19 7.62518e+22 9.14081e+22
14.5646 184.28 1.20584e+19 4.53486e+22 9.08304e+22
14.6046 182.248 1.20565e+19 5.87314e+22 8.90343e+22
14.6446 180.841 1.20538e+19 8.84594e+22 9.40102e+22
14.6847 177.403 1.2052e+19 7.60247e+22 9.00471e+22
14.7247 177.403 1.20503e+19 4.68922e+22 9.54257e+22
14.7648 173.964 1.20468e+19 5.91711e+22 9.37095e+22
14.8048 170.213 1.20428e+19 9.18357e+22 9.45408e+22
14.8448 170.525 1.20411e+19 8.67001e+22 9.55691e+22
14.8849 166.774 1.204e+19 5.39737e+22 9.72145e+22
14.9249 172.245 1.20362e+19 5.32666e+22 9.49467e+22
14.965 163.023 1.20312e+19 8.15597e+22 1.02107e+23
15.005 159.584 1.20282e+19 8.25425e+22 9.71376e+22
15.045 155.52 1.20255e+19 5.61274e+22 1.06487e+23
15.0851 156.458 1.20199e+19 5.47895e+22 1.00203e+23
15.1251 152.394 1.20141e+19 8.84622e+22 1.06635e+23
15.1652 153.02 1.20097e+19 1.02676e+23 1.05339e+23
15.2052 149.268 1.20039e+19 7.61224e+22 1.0862e+23
15.2452 150.05 1.19956e+19 5.82945e+22 1.03387e+23
15.2853 148.331 1.19873e+19 7.91671e+22 1.03988e+23
15.3253 146.768 1.19808e+19 9.85903e+22 1.08635e+23
15.3654 147.08 1.1974e+19 8.47897e+22 1.00738e+23
15.4054 143.016 1.19634e+19 7.46748e+22 1.14148e+23
15.4454 139.578 1.19525e+19 1.00555e+23 1.06107e+23
15.4855 135.201 1.1944e+19 1.22854e+23 1.23769e+23
15.5255 135.826 1.19344e+19 1.00504e+23 1.14291e+23
15.5656 132.231 1.19224e+19 6.94711e+22 1.10419e+23
15.6056 132.388 1.19106e+19 7.38894e+22 1.08785e+23
15.6456 129.262 1.18993e+19 9.53823e+22 1.07747e+23
15.6857 125.511 1.18852e+19 9.07933e+22 1.14505e+23
15.7257 125.823 1.18698e+19 7.38224e+22 1.1373e+23
15.7658 122.072 1.1858e+19 8.17401e+22 1.13317e+23
15.8058 122.228 1.18441e+19 1.07586e+23 1.1455e+23
15.8458 118.633 1.18261e+19 1.11045e+23 1.20257e+23
15.8859 114.882 1.18099e+19 8.92489e+22 1.23139e+23
15.9259 115.351 1.17946e+19 7.9395e+22 1.20591e+23
15.966 111.443 1.17794e+19 9.76106e+22 1.27369e+23
16.006 111.443 1.17624e+19 1.14603e+23 1.32387e+23
16.046 108.005 1.17452e+19 1.08416e+23 1.2768e+23
16.0861 107.848 1.17325e+19 1.03366e+23 1.29704e+23
16.1261 104.566 1.17177e+19 1.22536e+23 1.26428e+23
16.1662 100.502 1.17002e+19 1.42483e+23 1.4302e+23
16.2062 100.971 1.16872e+19 1.29341e+23 1.30697e+23
16.2462 97.3761 1.16771e+19 1.02802e+23 1.32117e+23
16.2863 97.3761 1.16656e+19 1.00068e+23 1.31967e+23
16.3263 93.7812 1.16517e+19 1.12594e+23 1.43086e+23
16.3664 90.03 1.16412e+19 1.10467e+23 1.43465e+23
16.4064 89.8737 1.16328e+19 1.02244e+23 1.42631e+23
16.4464 88.6232 1.16227e+19 1.14117e+23 1.41049e+23
16.4865 85.8098 1.16138e+19 1.40542e+23 1.50889e+23
16.5265 83.6216 1.16056e+19 1.5589e+23 1.56009e+23
16.5666 83.6216 1.15972e+19 1.51013e+23 1.59127e+23
16.6066 79.5577 1.15895e+19 1.40755e+23 1.67726e+23
16.6466 80.1829 1.15813e+19 1.42389e+23 1.58136e+23
16.6867 76.7443 1.15745e+19 1.43019e+23 1.60622e+23
16.7267 76.4317 1.15675e+19 1.30729e+23 1.6678e+23
16.7668 73.3056 1.156e+19 1.25132e+23 1.73022e+23
16.8068 72.6804 1.15525e+19 1.38503e+23 1.76966e+23
16.8468 69.5544 1.1544e+19 1.59533e+23 1.75895e+23
16.8869 68.6166 1.15356e+19 1.7559e+23 1.76365e+23
16.9269 65.8031 1.15287e+19 1.80353e+23 1.88836e+23
16.967 62.6771 1.1521e+19 1.86984e+23 1.96848e+23
17.007 62.3645 1.15117e+19 1.96044e+23 1.96585e+23
17.047 59.0822 1.15017e+19 1.88496e+23 2.02253e+23
17.0871 57.3628 1.1493e+19 1.75094e+23 2.11998e+23
17.1271 56.425 1.14844e+19 1.68167e+23 2.149e+23
17.1672 53.299 1.14758e+19 1.73068e+23 2.2406e+23
17.2072 52.0486 1.1467e+19 1.89797e+23 2.27689e+23
17.2472 50.4855 1.14585e+19 2.06575e+23 2.37352e+23
17.2873 48.2973 1.14514e+19 2.31175e+23 2.42196e+23
17.3273 45.7965 1.14444e+19 2.58609e+23 2.58733e+23
17.3674 44.8587 1.14371e+19 2.72594e+23 2.72594e+23
17.4074 41.42 1.14306e+19 2.7324e+23 2.81186e+23
17.4474 40.7948 1.14258e+19 2.61778e+23 2.85691e+23
17.4875 40.0133 1.14198e+19 2.52269e+23 2.77139e+23
17.5275 38.294 1.1413e+19 2.40372e+23 3.10752e+23
17.5676 34.5427 1.14075e+19 2.35204e+23 3.41754e+23
17.6076 33.9175 1.14027e+19 2.52646e+23 3.57128e+23
17.6476 32.6671 1.13969e+19 2.96933e+23 3.55455e+23
17.6877 29.5411 1.13912e+19 3.55927e+23 3.76285e+23
17.7277 28.2907 1.13848e+19 4.06689e+23 4.07241e+23
17.7678 26.415 1.1377e+19 4.53242e+23 4.54014e+23
17.8078 23.4453 1.13712e+19 4.90896e+23 4.91431e+23
17.8478 22.0386 1.13663e+19 5.08278e+23 5.0884e+23
17.8879 21.1008 1.13589e+19 4.84803e+23 5.36236e+23
17.9279 19.8504 1.13523e+19 4.44225e+23 5.631e+23
17.968 16.8806 1.13473e+19 4.24024e+23 6.10911e+23
18.008 15.4739 1.13421e+19 4.51193e+23 7.15121e+23
18.048 13.9109 1.13357e+19 5.16572e+23 8.12637e+23
18.0881 10.7848 1.13306e+19 6.33674e+23 8.83286e+23
18.1281 10.1596 1.13274e+19 8.42391e+23 9.25161e+23
18.1682 8.90921 1.13221e+19 1.16636e+24 1.16749e+24
18.2082 6.09578 1.13173e+19 1.55207e+24 1.55319e+24
18.2482 3.59495 1.13132e+19 1.94083e+24 1.94211e+24
18.2883 3.28234 1.13076e+19 2.32086e+24 2.32215e+24
18.3283 3.28234 1.13031e+19 2.72497e+24 2.72757e+24
18.3684 2.96974 1.13e+19 3.11161e+24 3.11606e+24
18.4084 2.96974 1.12947e+19 3.35155e+24 3.35688e+24
18.4484 2.96974 1.12887e+19 3.35354e+24 3.35814e+24
18.4885 2.96974 1.12857e+19 3.16493e+24 3.16739e+24
18.5285 3.12604 1.12812e+19 2.91834e+24 2.9197e+24
18.5686 3.12604 1.12761e+19 2.65918e+24 2.6606e+24
18.6086 3.28234 1.12731e+19 2.33814e+24 2.34031e+24
18.6486 3.90755 1.12691e+19 1.91967e+24 1.92214e+24
18.6887 6.40838 1.12647e+19 1.46904e+24 1.47067e+24
18.7287 9.37812 1.1261e+19 1.10035e+24 1.10129e+24
18.7688 10.3159 1.12578e+19 8.38263e+23 8.94199e+23
18.8088 11.41 1.12533e+19 6.3359e+23 8.85663e+23
18.8488 13.442 1.12498e+19 4.69956e+23 8.37402e+23
18.8889 16.0991 1.12477e+19 3.85375e+23 7.46627e+23
18.9289 17.1932 1.12429e+19 4.00509e+23 6.22125e+23
18.969 20.163 1.1239e+19 4.57638e+23 5.51494e+23
19.009 21.1008 1.12369e+19 4.77741e+23 5.62822e+23
19.049 22.9764 1.12341e+19 4.57398e+23 5.4561e+23
19.0891 23.9142 1.12313e+19 4.4762e+23 4.70392e+23
19.1291 24.2268 1.12289e+19 4.58529e+23 4.6026e+23
19.1692 27.6655 1.12255e+19 4.46699e+23 4.47824e+23
19.2092 29.2285 1.12227e+19 3.86297e+23 4.06562e+23
19.2492 31.1041 1.12211e+19 3.12466e+23 3.64985e+23
19.2893 32.0419 1.12179e+19 2.75321e+23 3.36026e+23
19.3293 34.5427 1.1215e+19 2.66362e+23 3.60392e+23
19.3694 36.1058 1.12126e+19 2.39522e+23 3.49147e+23
19.4094 38.1377 1.12099e+19 1.95247e+23 3.1831e+23
19.4494 39.0755 1.1207e+19 1.80164e+23 2.99077e+23
19.4895 43.2957 1.12047e+19 2.14427e+23 2.62122e+23
19.5295 44.5461 1.12029e+19 2.5807e+23 2.66496e+23
19.5696 45.9528 1.12007e+19 2.61586e+23 2.66988e+23
19.6096 45.7965 1.1199e+19 2.35886e+23 2.81294e+23
19.6496 50.4855 1.11969e+19 2.29778e+23 2.52421e+23
19.6897 50.7982 1.11946e+19 2.48775e+23 2.48846e+23
19.7297 53.299 1.11931e+19 2.49948e+23 2.50116e+23
19.7698 57.5191 1.11916e+19 2.10857e+23 2.37999e+23
19.8098 57.8317 1.11898e+19 1.64986e+23 2.26363e+23
19.8498 60.8015 1.11879e+19 1.54286e+23 2.05937e+23
19.8899 60.4889 1.11859e+19 1.6765e+23 2.2533e+23
19.9299 59.8637 1.11843e+19 1.61041e+23 2.19577e+23
19.97 65.1779 1.1183e+19 1.30363e+23 1.93713e+23
20.01 64.5527 1.11819e+19 1.16921e+23 1.93297e+23
20.0501 67.6788 1.11803e+19 1.42395e+23 1.8093e+23
20.0901 67.9914 1.11788e+19 1.73967e+23 1.81898e+23
20.1301 71.7426 1.11775e+19 1.72854e+23 1.89408e+23
20.1702 72.2115 1.11762e+19 1.49709e+23 1.86327e+23
20.2102 75.1813 1.11747e+19 1.47221e+23 1.76944e+23
20.2503 75.6502 1.11731e+19 1.73385e+23 1.73789e+23
20.2903 75.4939 1.11723e+19 1.85532e+23 1.86093e+23
20.3303 80.4955 1.1171e+19 1.54708e+23 1.5958e+23
20.3704 83.1527 1.11699e+19 1.12238e+23 1.64773e+23
20.4104 86.7476 1.11689e+19 1.01786e+23 1.5105e+23
20.4505 87.6854 1.11678e+19 1.20565e+23 1.60434e+23
20.4905 87.8417 1.11674e+19 1.27944e+23 1.65708e+23
20.5305 91.4367 1.11669e+19 1.04255e+23 1.55195e+23
20.5706 95.8131 1.11656e+19 8.24984e+22 1.46465e+23
20.6106 96.282 1.11646e+19 9.49312e+22 1.37758e+23
20.6507 99.2518 1.11637e+19 1.25264e+23 1.35361e+23
20.6907 98.9392 1.11627e+19 1.35029e+23 1.39924e+23
20.7307 98.6266 1.11624e+19 1.16178e+23 1.44206e+23
20.7708 97.6888 1.11611e+19 1.03171e+23 1.46785e+23
20.8108 107.067 1.11601e+19 1.18544e+23 1.35409e+23
20.8509 101.44 1.11598e+19 1.3687e+23 1.36891e+23
20.8909 105.816 1.1159e+19 1.29011e+23 1.41387e+23
20.9309 106.129 1.11582e+19 1.00771e+23 1.22342e+23
20.971 109.255 1.11577e+19 8.57361e+22 1.27383e+23
21.011 113.788 1.1157e+19 9.84423e+22 1.29248e+23
21.0511 113.632 1.11561e+19 1.07911e+23 1.30335e+23
21.0911 113.944 1.11558e+19 9.03415e+22 1.21251e+23
21.1311 117.383 1.11545e+19 6.51493e+22 1.21765e+23
21.1712 121.447 1.11539e+19 6.45695e+22 1.17108e+23
21.2112 122.072 1.11537e+19 9.14188e+22 1.14762e+23
21.2513 122.384 1.11531e+19 1.07191e+23 1.19563e+23
21.2913 125.198 1.11528e+19 9.0486e+22 1.25188e+23
21.3313 130.2 1.11523e+19 7.00859e+22 1.15659e+23
21.3714 130.668 1.11517e+19 7.85741e+22 1.06636e+23
21.4114 129.731 1.11516e+19 1.11159e+23 1.20533e+23
21.4515 133.326 1.1151e+19 1.24163e+23 1.24557e+23
21.4915 138.327 1.11502e+19 9.74664e+22 1.10803e+23
21.5315 138.015 1.115e+19 6.79304e+22 1.10563e+23
21.5716 142.079 1.11494e+19 6.92246e+22 1.03415e+23
21.6116 146.455 1.11491e+19 9.41449e+22 1.00417e+23
21.6517 145.673 1.1149e+19 1.02946e+23 1.08575e+23
21.6917 139.89 1.11486e+19 7.61846e+22 1.0639e+23
21.7317 140.359 1.11485e+19 4.9002e+22 1.06167e+23
21.7718 144.267 1.11483e+19 5.19381e+22 9.91857e+22
21.8118 148.643 1.11479e+19 7.53166e+22 9.74234e+22
21.8519 148.331 1.11478e+19 8.63664e+22 1.05936e+23
21.8919 152.082 1.11473e+19 6.88674e+22 9.6941e+22
21.9319 152.394 1.11468e+19 5.24739e+22 9.67245e+22
21.972 156.927 1.11467e+19 6.31872e+22 9.44162e+22
22.012 157.084 1.11465e+19 8.78271e+22 9.45979e+22
22.0521 160.366 1.11464e+19 9.6214e+22 9.6436e+22
22.0921 162.398 1.11463e+19 7.74421e+22 9.5104e+22
22.1321 164.899 1.11462e+19 6.00179e+22 9.3462e+22
22.1722 168.025 1.11461e+19 6.8255e+22 8.88204e+22
22.2122 168.962 1.11459e+19 8.77288e+22 9.3696e+22
22.2523 173.026 1.11455e+19 8.86597e+22 8.8836e+22
22.2923 173.808 1.11454e+19 6.53075e+22 9.00216e+22
22.3323 177.715 1.11454e+19 4.65545e+22 8.81964e+22
22.3724 177.715 1.11454e+19 5.33616e+22 8.76658e+22
22.4124 181.467 1.11454e+19 7.1043e+22 9.07181e+22
22.4525 185.53 1.11453e+19 7.05491e+22 8.76567e+22
22.4925 185.843 1.11453e+19 5.02061e+22 8.12951e+22
22.5325 188.657 1.11453e+19 3.81818e+22 8.32563e+22
22.5726 189.907 1.11454e+19 5.11845e+22 7.89611e+22
22.6126 194.283 1.11454e+19 7.29672e+22 8.05502e+22
22.6527 194.909 1.11455e+19 7.38802e+22 8.15061e+22
22.6927 187.562 1.11455e+19 5.51514e+22 7.9795e+22
22.7327 188.031 1.11455e+19 4.56174e+22 7.91005e+22
22.7728 191.783 1.11455e+19 6.04568e+22 8.00131e+22
22.8128 195.534 1.11456e+19 8.19375e+22 8.47136e+22
22.8529 196.315 1.11458e+19 7.9904e+22 8.00393e+22
22.8929 200.067 1.11458e+19 5.86734e+22 7.33436e+22
22.9329 200.223 1.11458e+19 4.56101e+22 7.80935e+22
22.973 204.443 1.11457e+19 5.49323e+22 7.39713e+22
23.013 205.381 1.11458e+19 7.09872e+22 7.66339e+22
23.0531 208.507 1.11459e+19 6.74039e+22 7.40969e+22
23.0931 209.288 1.11461e+19 4.83234e+22 7.43881e+22
23.1331 213.977 1.11463e+19 3.56173e+22 7.07783e+22
23.1732 217.103 1.11461e+19 4.29037e+22 7.34135e+22
23.2132 217.103 1.1146e+19 5.81408e+22 7.77822e+22
23.2533 217.729 1.11459e+19 5.79271e+22 7.24297e+22
23.2933 222.105 1.11459e+19 4.38967e+22 6.99276e+22
23.3333 225.7 1.11458e+19 3.48176e+22 6.94555e+22
23.3734 226.794 1.1146e+19 4.44775e+22 7.03753e+22
23.4134 226.482 1.11461e+19 6.20342e+22 7.31198e+22
23.4535 234.609 1.11461e+19 6.43519e+22 6.55614e+22
23.4935 234.922 1.11458e+19 5.22194e+22 7.04183e+22
23.5335 234.922 1.11454e+19 4.28384e+22 6.85742e+22
23.5736 238.829 1.11454e+19 4.94694e+22 6.53925e+22
23.6136 228.357 1.11451e+19 6.31463e+22 7.07316e+22
23.6537 231.64 1.1145e+19 6.52157e+22 6.52157e+22
23.6937 246.019 1.11449e+19 5.63267e+22 6.52385e+22
23.7337 237.11 1.11448e+19 4.40002e+22 6.50247e+22
23.7738 238.673 1.1145e+19 4.14329e+22 6.50164e+22
23.8138 240.705 1.11449e+19 4.84825e+22 6.84287e+22
23.8539 256.492 1.11452e+19 5.49815e+22 6.08024e+22
23.8939 246.176 1.11446e+19 5.14676e+22 6.57403e+22
23.9339 249.145 1.11437e+19 3.61799e+22 6.15198e+22
23.974 251.021 1.11433e+19 2.97579e+22 5.98941e+22
24.014 254.772 1.11429e+19 3.86035e+22 5.8881e+22
24.0541 256.335 1.11427e+19 5.18342e+22 6.42805e+22
24.0941 259.305 1.11429e+19 4.95338e+22 6.01202e+22
24.1341 261.181 1.11428e+19 3.43074e+22 5.90105e+22
24.1742 262.9 1.11428e+19 2.99136e+22 6.06174e+22
24.2142 267.12 1.11422e+19 4.25782e+22 5.85227e+22
24.2543 268.683 1.11411e+19 5.80547e+22 5.95737e+22
24.2943 271.653 1.11404e+19 5.57957e+22 5.59366e+22
24.3343 273.372 1.11393e+19 4.08068e+22 5.77448e+22
24.3744 277.749 1.11392e+19 3.46665e+22 5.45437e+22
24.4144 279.468 1.11394e+19 4.52597e+22 5.46599e+22
24.4545 279.937 1.11395e+19 5.90266e+22 6.01891e+22
24.4945 282.125 1.11394e+19 5.56403e+22 5.57109e+22
24.5345 286.814 1.11389e+19 4.20528e+22 5.45794e+22
24.5746 289.94 1.11387e+19 3.4779e+22 5.17584e+22
24.6146 291.503 1.11376e+19 3.87183e+22 5.43845e+22
24.6547 292.128 1.11366e+19 4.57024e+22 5.69507e+22
24.6947 296.817 1.11358e+19 4.6505e+22 5.2612e+22
24.7347 284.626 1.11349e+19 3.97449e+22 5.51321e+22
24.7748 301.507 1.11349e+19 2.96647e+22 5.09084e+22
24.8148 303.851 1.11347e+19 2.86364e+22 5.07782e+22
24.8549 292.754 1.11348e+19 3.71922e+22 5.15859e+22
24.8949 294.473 1.11342e+19 4.30664e+22 5.34608e+22
24.9349 311.041 1.11329e+19 3.83835e+22 4.80375e+22
24.975 314.167 1.11319e+19 3.03119e+22 4.90031e+22
25.015 307.915 1.11304e+19 2.94144e+22 5.0451e+22
25.0551 304.32 1.11296e+19 3.739e+22 5.08978e+22
25.0951 306.977 1.11294e+19 4.61995e+22 4.99094e+22
25.1351 322.764 1.11299e+19 4.5606e+22 4.81551e+22
25.1752 312.917 1.11303e+19 3.68028e+22 4.78995e+22
25.2152 315.886 1.113e+19 3.30408e+22 4.65184e+22
25.2553 316.824 1.11288e+19 3.89577e+22 4.68225e+22
25.2953 320.575 1.11266e+19 4.67083e+22 4.81185e+22
25.3353 321.044 1.11246e+19 4.86779e+22 4.87555e+22
25.3754 325.577 1.11234e+19 4.13472e+22 4.56057e+22
25.4154 327.14 1.1123e+19 3.19727e+22 4.69676e+22
25.4555 329.954 1.11231e+19 3.26847e+22 4.60495e+22
25.4955 334.017 1.11234e+19 4.10783e+22 4.61967e+22
25.5355 334.955 1.11231e+19 4.29151e+22 4.59864e+22
25.5756 338.706 1.11223e+19 3.57199e+22 4.51961e+22
25.6156 339.488 1.11203e+19 2.87199e+22 4.28452e+22
25.6557 343.239 1.11179e+19 2.76971e+22 4.2602e+22
25.6957 344.177 1.11155e+19 3.21144e+22 4.48575e+22
25.7357 348.71 1.11142e+19 3.45962e+22 4.4205e+22
25.7758 349.022 1.11137e+19 3.31404e+22 4.18813e+22
25.8158 352.774 1.11139e+19 2.99353e+22 4.22269e+22
25.8559 357.15 1.11135e+19 2.66419e+22 4.1664e+22
25.8959 357.619 1.11125e+19 2.76772e+22 4.18121e+22
25.9359 361.839 1.11097e+19 3.47012e+22 4.1213e+22
25.976 362.464 1.11069e+19 3.94605e+22 4.14716e+22
26.016 361.839 1.11037e+19 3.38788e+22 4.36229e+22
26.0561 366.528 1.11011e+19 2.82117e+22 4.04185e+22
26.0961 371.217 1.11004e+19 3.12791e+22 4.18506e+22
26.1361 370.748 1.11005e+19 3.95628e+22 4.12141e+22
26.1762 374.343 1.11013e+19 4.0897e+22 4.14193e+22
26.2162 375.594 1.10999e+19 3.59051e+22 3.95792e+22
26.2563 380.283 1.10975e+19 3.429e+22 4.04798e+22
26.2963 384.972 1.10925e+19 3.4183e+22 3.96651e+22
26.3363 385.284 1.10868e+19 3.35111e+22 3.85317e+22
26.3764 373.249 1.10834e+19 3.54516e+22 4.04867e+22
26.4164 377.313 1.10811e+19 3.80192e+22 3.86027e+22
26.4565 378.407 1.10807e+19 3.37567e+22 3.91716e+22
26.4965 394.194 1.10803e+19 2.68667e+22 3.75849e+22
26.5365 398.883 1.10789e+19 2.67572e+22 3.82946e+22
26.5766 387.004 1.10747e+19 3.22332e+22 3.69295e+22
26.6166 387.785 1.10681e+19 3.19418e+22 3.84807e+22
26.6567 391.849 1.10619e+19 2.67504e+22 3.7044e+22
26.6967 392.162 1.10556e+19 2.52764e+22 3.84936e+22
26.7367 396.538 1.10523e+19 2.62488e+22 3.639e+22
26.7768 400.446 1.10519e+19 2.66952e+22 3.71698e+22
26.8168 401.227 1.1051e+19 2.70504e+22 3.71625e+22
26.8569 402.321 1.10473e+19 2.9226e+22 3.73729e+22
26.8969 405.916 1.10407e+19 2.85878e+22 3.70445e+22
26.9369 405.604 1.10313e+19 2.55559e+22 3.82655e+22
26.977 410.605 1.102e+19 2.70552e+22 3.61736e+22
27.017 414.982 1.10121e+19 3.17014e+22 3.59291e+22
27.0571 415.451 1.10072e+19 3.25583e+22 3.67301e+22
27.0971 415.607 1.10046e+19 3.01816e+22 3.70657e+22
27.1371 419.671 1.10024e+19 3.01419e+22 3.67031e+22
27.1772 424.829 1.09981e+19 3.18897e+22 3.52254e+22
27.2172 424.673 1.09889e+19 3.18061e+22 3.6005e+22
27.2573 428.893 1.09746e+19 3.21394e+22 3.69643e+22
27.2973 429.049 1.09608e+19 3.2705e+22 3.74208e+22
27.3373 433.582 1.09476e+19 3.1483e+22 3.59394e+22
27.3774 433.113 1.09384e+19 2.96845e+22 3.61416e+22
27.4174 439.052 1.0933e+19 2.9622e+22 3.37023e+22
27.4575 442.178 1.09267e+19 3.01086e+22 3.43021e+22
27.4975 443.116 1.09153e+19 2.87325e+22 3.44033e+22
27.5375 431.394 1.08989e+19 2.72699e+22 3.44937e+22
27.5776 432.019 1.08787e+19 2.62169e+22 3.56164e+22
27.6176 452.807 1.08583e+19 2.59483e+22 3.44626e+22
27.6577 452.182 1.08425e+19 2.56242e+22 3.56121e+22
27.6977 440.772 1.08321e+19 2.46181e+22 3.49612e+22
27.7377 444.679 1.08242e+19 2.33171e+22 3.41771e+22
27.7778 445.773 1.08134e+19 2.35336e+22 3.49957e+22
27.8178 446.867 1.07968e+19 2.4474e+22 3.36925e+22
27.8579 450.15 1.07714e+19 2.40638e+22 3.45267e+22
27.8979 454.683 1.07415e+19 2.3852e+22 3.24941e+22
27.9379 455.62 1.07135e+19 2.42539e+22 3.26312e+22
27.978 459.372 1.06907e+19 2.40716e+22 3.43796e+22
28.018 460.466 1.0675e+19 2.42577e+22 3.31952e+22
28.0581 460.309 1.06606e+19 2.73283e+22 3.43058e+22
28.0981 464.686 1.06412e+19 2.84478e+22 3.14257e+22
28.1381 468.75 1.06145e+19 2.58627e+22 3.28947e+22
28.1782 468.75 1.05785e+19 2.53796e+22 3.30468e+22
28.2182 468.75 1.05424e+19 2.82108e+22 3.26775e+22
28.2583 461.716 1.05105e+19 2.8869e+22 3.28756e+22
28.2983 462.185 1.04858e+19 2.89115e+22 3.23698e+22
28.3383 465.624 1.04657e+19 3.03575e+22 3.1401e+22
28.3784 466.874 1.04436e+19 2.81216e+22 3.12626e+22
28.4184 468.437 1.04148e+19 2.44609e+22 3.08212e+22
28.4585 468.75 1.03751e+19 2.69171e+22 3.08493e+22
28.4985 468.75 1.03331e+19 3.04053e+22 3.19852e+22
28.5385 468.75 1.02938e+19 2.7889e+22 3.17089e+22
28.5786 468.75 1.02605e+19 2.54178e+22 3.16318e+22
28.6186 468.75 1.02373e+19 2.49286e+22 2.96019e+22
28.6587 468.75 1.02145e+19 2.2298e+22 3.06726e+22
28.6987 468.75 1.01846e+19 2.21606e+22 3.01224e+22
28.7387 468.75 1.01451e+19 2.64286e+22 3.03757e+22
28.7788 468.75 1.00995e+19 2.57353e+22 3.02397e+22
28.8188 468.75 1.00528e+19 2.00664e+22 3.18607e+22
28.8589 468.75 1.00143e+19 1.92141e+22 3.10425e+22
28.8989 466.874 9.98719e+18 2.09045e+22 2.99482e+22
28.9389 468.75 9.96327e+18 2.13062e+22 2.97088e+22
28.979 468.75 9.936e+18 2.32764e+22 3.01556e+22
29.019 468.75 9.90386e+18 2.46781e+22 3.00693e+22
29.0591 468.75 9.8622e+18 1.97395e+22 2.89574e+22
29.0991 468.75 9.81983e+18 1.75219e+22 2.94601e+22
29.1391 468.75 9.78577e+18 2.18781e+22 2.84554e+22
29.1792 466.249 9.75867e+18 2.54502e+22 2.95485e+22
29.2192 466.405 9.7366e+18 2.51408e+22 2.90728e+22
29.2593 468.281 9.71493e+18 2.5406e+22 2.87515e+22
29.2993 468.75 9.68689e+18 2.24562e+22 3.01767e+22
29.3393 468.75 9.65074e+18 1.985e+22 2.9161e+22
29.3794 468.75 9.61632e+18 2.39901e+22 2.92604e+22
29.4194 468.75 9.58678e+18 2.94665e+22 2.954e+22
29.4595 460.778 9.56399e+18 2.84645e+22 2.9039e+22
29.4995 464.061 9.54802e+18 2.57386e+22 2.80715e+22
29.5395 467.812 9.53134e+18 2.3107e+22 3.0314e+22
29.5796 468.75 9.50669e+18 2.11588e+22 2.84979e+22
29.6196 468.75 9.47722e+18 2.42177e+22 2.894e+22
29.6597 468.75 9.44826e+18 2.92199e+22 2.92846e+22
29.6997 459.528 9.42213e+18 2.82034e+22 2.83281e+22
29.7397 459.997 9.40513e+18 2.35882e+22 2.80076e+22
29.7798 463.279 9.39275e+18 1.99574e+22 2.77375e+22
29.8198 463.748 9.37754e+18 1.92128e+22 2.85517e+22
29.8599 468.75 9.35678e+18 2.20224e+22 2.91076e+22
29.8999 468.75 9.33172e+18 2.57352e+22 2.76306e+22
29.9399 457.183 9.30581e+18 2.48462e+22 2.8702e+22
29.98 460.935 9.28419e+18 1.99935e+22 2.81219e+22
30.02 462.81 9.26938e+18 1.6063e+22 2.89439e+22
30.0601 465.311 9.2563e+18 1.63778e+22 2.78171e+22
30.1001 466.249 9.23899e+18 2.05166e+22 2.87108e+22
30.1401 468.75 9.21759e+18 2.34152e+22 2.87824e+22
30.1802 468.75 9.19059e+18 2.22185e+22 2.81375e+22
30.2202 464.998 9.16439e+18 1.82435e+22 2.74642e+22
30.2603 462.967 9.14355e+18 1.47315e+22 2.86884e+22
30.3003 466.249 9.12648e+18 1.6066e+22 2.73314e+22
30.3403 467.499 9.11036e+18 2.17802e+22 2.7739e+22
30.3804 468.75 9.08904e+18 2.48263e+22 2.76331e+22
30.4204 468.75 9.06196e+18 2.26426e+22 2.85219e+22
30.4605 468.75 9.03053e+18 1.93403e+22 2.66577e+22
30.5005 468.75 9.0006e+18 1.6321e+22 2.7168e+22
30.5405 468.75 8.97677e+18 1.77547e+22 2.75281e+22
30.5806 468.75 8.95612e+18 2.47575e+22 2.80279e+22
30.6206 468.75 8.93623e+18 2.78805e+22 2.79489e+22
30.6607 468.75 8.91046e+18 2.45055e+22 2.77263e+22
30.7007 468.75 8.87913e+18 2.12853e+22 2.74459e+22
30.7407 468.75 8.84541e+18 1.79044e+22 2.9054e+22
30.7808 468.75 8.81361e+18 1.87724e+22 2.60724e+22
30.8208 468.75 8.78946e+18 2.5963e+22 2.70684e+22
30.8609 468.75 8.76763e+18 2.90247e+22 2.9101e+22
30.9009 468.75 8.74597e+18 2.47892e+22 2.64093e+22
30.9409 468.75 8.72053e+18 2.13894e+22 2.75959e+22
30.981 468.75 8.68929e+18 1.72418e+22 2.8315e+22
31.021 468.75 8.65846e+18 1.72189e+22 2.58455e+22
31.0611 468.75 8.63159e+18 2.4184e+22 2.56143e+22
31.1011 464.373 8.61015e+18 2.69635e+22 2.70405e+22
31.1411 468.75 8.59147e+18 2.26646e+22 2.72851e+22
31.1812 468.75 8.57305e+18 1.93387e+22 2.56688e+22
31.2212 468.75 8.55025e+18 1.46608e+22 2.733e+22
31.2613 468.75 8.52389e+18 1.44752e+22 2.56642e+22
31.3013 468.75 8.50054e+18 2.13161e+22 2.71592e+22
31.3413 461.872 8.47894e+18 2.37487e+22 2.73611e+22
31.3814 464.686 8.46216e+18 2.01951e+22 2.62831e+22
31.4214 465.624 8.44793e+18 1.71996e+22 2.62315e+22
31.4615 466.561 8.43067e+18 1.26009e+22 2.81288e+22
31.5015 468.75 8.41037e+18 1.30312e+22 2.61417e+22
31.5415 468.75 8.38995e+18 1.99305e+22 2.66909e+22
31.5816 461.404 8.36968e+18 2.22933e+22 2.69581e+22
31.6216 464.53 8.35275e+18 1.99981e+22 2.55343e+22
31.6617 467.343 8.33939e+18 1.71311e+22 2.49255e+22
31.7017 467.343 8.32413e+18 1.25269e+22 2.63396e+22
31.7417 468.75 8.30566e+18 1.37086e+22 2.58308e+22
31.7818 468.75 8.28584e+18 2.07359e+22 2.54758e+22
31.8218 468.75 8.26374e+18 2.33851e+22 2.47772e+22
31.8619 468.75 8.24391e+18 2.24405e+22 2.5899e+22
31.9019 468.75 8.22833e+18 1.89793e+22 2.6203e+22
31.9419 468.75 8.21211e+18 1.39393e+22 2.50952e+22
31.982 468.75 8.19395e+18 1.53744e+22 2.55624e+22
32.022 468.75 8.17393e+18 2.16786e+22 2.62854e+22
32.0621 468.75 8.14887e+18 2.49156e+22 2.60978e+22
32.1021 468.75 8.12484e+18 2.52727e+22 2.53231e+22
32.1421 468.75 8.10373e+18 2.09427e+22 2.60618e+22
32.1822 468.75 8.08333e+18 1.54745e+22 2.5593e+22
32.2222 468.75 8.06422e+18 1.5892e+22 2.54621e+22
32.2623 468.75 8.04375e+18 2.05671e+22 2.4799e+22
32.3023 468.75 8.01996e+18 2.48322e+22 2.54387e+22
32.3423 468.75 7.995e+18 2.57763e+22 2.58364e+22
32.3824 468.75 7.97223e+18 2.13218e+22 2.38972e+22
32.4224 468.75 7.94924e+18 1.58215e+22 2.41884e+22
32.4625 468.75 7.92873e+18 1.43413e+22 2.51949e+22
32.5025 468.75 7.90864e+18 1.77033e+22 2.3768e+22
32.5425 468.75 7.88555e+18 2.23232e+22 2.39512e+22
32.5826 468.75 7.86401e+18 2.3446e+22 2.37432e+22
32.6226 468.75 7.84198e+18 2.04401e+22 2.4804e+22
32.6627 468.75 7.82211e+18 1.48103e+22 2.43538e+22
32.7027 468.75 7.80427e+18 1.19891e+22 2.44597e+22
32.7427 468.75 7.78678e+18 1.47969e+22 2.41519e+22
32.7828 468.75 7.76845e+18 1.88159e+22 2.51873e+22
32.8228 468.75 7.74895e+18 2.08538e+22 2.41186e+22
32.8629 468.75 7.73004e+18 1.93962e+22 2.39825e+22
32.9029 468.75 7.71131e+18 1.36338e+22 2.41588e+22
32.9429 464.53 7.69573e+18 1.11011e+22 2.44823e+22
32.983 468.75 7.68098e+18 1.30559e+22 2.31574e+22
33.023 468.75 7.66664e+18 1.62277e+22 2.31846e+22
33.0631 468.75 7.65204e+18 2.04227e+22 2.45626e+22
33.1031 468.75 7.6358e+18 1.93883e+22 2.32441e+22
33.1431 468.437 7.61999e+18 1.41898e+22 2.27916e+22
33.1832 466.718 7.60339e+18 1.23286e+22 2.40418e+22
33.2232 466.874 7.58833e+18 1.24034e+22 2.38846e+22
33.2633 468.75 7.57298e+18 1.5851e+22 2.22981e+22
33.3033 468.75 7.5577e+18 2.17254e+22 2.31002e+22
33.3433 468.75 7.54314e+18 2.02379e+22 2.27473e+22
33.3834 468.75 7.52744e+18 1.75505e+22 2.18271e+22
33.4234 468.75 7.51235e+18 1.44628e+22 2.3485e+22
33.4635 468.75 7.49626e+18 1.23181e+22 2.32278e+22
33.5035 468.75 7.47907e+18 1.70833e+22 2.21312e+22
33.5435 468.75 7.46057e+18 2.17417e+22 2.40478e+22
33.5836 468.75 7.44231e+18 2.17278e+22 2.17307e+22
33.6236 468.75 7.42343e+18 2.16262e+22 2.17651e+22
33.6637 468.75 7.40585e+18 1.5714e+22 2.3888e+22
33.7037 468.75 7.38954e+18 1.35482e+22 2.25685e+22
33.7437 468.75 7.37121e+18 1.69482e+22 2.21419e+22
33.7838 468.75 7.35378e+18 1.92105e+22 2.16563e+22
33.8238 468.75 7.33413e+18 2.32313e+22 2.32893e+22
33.8639 468.75 7.31355e+18 2.22625e+22 2.23205e+22
33.9039 468.75 7.2946e+18 1.67231e+22 2.21856e+22
33.9439 468.75 7.27509e+18 1.50877e+22 2.30461e+22
33.984 468.75 7.25608e+18 1.39548e+22 2.15983e+22
34.024 468.75 7.23853e+18 1.66167e+22 2.03927e+22
34.0641 468.75 7.21958e+18 2.16296e+22 2.17064e+22
34.1041 468.75 7.20205e+18 1.99736e+22 2.24784e+22
34.1441 468.75 7.18604e+18 1.81073e+22 2.04681e+22
34.1842 468.75 7.16905e+18 1.41537e+22 2.18115e+22
34.2242 468.75 7.15324e+18 1.15082e+22 2.07626e+22
34.2643 468.75 7.13635e+18 1.44784e+22 2.11039e+22
34.3043 468.75 7.11756e+18 1.69217e+22 2.13187e+22
34.3443 468.75 7.10095e+18 1.8317e+22 2.10709e+22
34.3844 468.75 7.08549e+18 1.76559e+22 2.00558e+22
34.4244 468.75 7.07178e+18 1.30373e+22 2.14109e+22
34.4645 468.75 7.06136e+18 1.13089e+22 2.11607e+22
34.5045 468.75 7.04831e+18 1.1774e+22 2.07581e+22
34.5445 468.75 7.03433e+18 1.38934e+22 2.0686e+22
34.5846 468.75 7.0189e+18 1.72301e+22 2.13955e+22
34.6246 467.499 7.00185e+18 1.65868e+22 2.0672e+22
34.6647 468.75 6.98794e+18 1.41483e+22 2.05188e+22
34.7047 468.75 6.9756e+18 1.1715e+22 2.03429e+22
34.7447 468.75 6.96422e+18 1.08693e+22 2.0355e+22
34.7848 468.75 6.95261e+18 1.31786e+22 2.01016e+22
34.8248 468.75 6.93917e+18 1.60981e+22 1.99796e+22
34.8649 468.75 6.92317e+18 1.73198e+22 1.97263e+22
34.9049 468.75 6.90882e+18 1.60713e+22 1.96822e+22
34.9449 468.75 6.89383e+18 1.35824e+22 1.93116e+22
34.985 467.968 6.8805e+18 1.20645e+22 2.02648e+22
35.025 468.75 6.86723e+18 1.30805e+22 1.97134e+22
35.0651 468.75 6.85093e+18 1.60733e+22 1.96234e+22
35.1051 468.75 6.83511e+18 1.79606e+22 1.98695e+22
35.1451 468.75 6.81785e+18 1.84932e+22 1.98064e+22
35.1852 468.75 6.80316e+18 1.62029e+22 1.92721e+22
35.2252 468.75 6.78975e+18 1.38404e+22 1.91315e+22
35.2653 468.75 6.77688e+18 1.40905e+22 1.98576e+22
35.3053 468.75 6.76139e+18 1.50798e+22 1.91565e+22
35.3453 468.75 6.74363e+18 1.82169e+22 1.98291e+22
35.3854 468.75 6.72377e+18 1.94477e+22 1.94829e+22
35.4254 468.75 6.70521e+18 1.76343e+22 1.90091e+22
35.4655 468.75 6.69049e+18 1.65505e+22 2.04368e+22
35.5055 468.75 6.67801e+18 1.37943e+22 1.89599e+22
35.5455 468.75 6.66745e+18 1.4615e+22 1.9075e+22
35.5856 468.75 6.65356e+18 1.68407e+22 1.90501e+22
35.6256 468.75 6.63734e+18 1.7337e+22 1.98399e+22
35.6657 468.75 6.6184e+18 1.9023e+22 1.94868e+22
35.7057 468.75 6.60154e+18 1.60061e+22 1.95539e+22
35.7457 468.75 6.58722e+18 1.45048e+22 1.96292e+22
35.7858 468.75 6.57627e+18 1.39177e+22 1.95399e+22
35.8258 468.75 6.5662e+18 1.32481e+22 1.82891e+22
35.8659 468.75 6.55373e+18 1.63901e+22 1.9766e+22
35.9059 468.75 6.54004e+18 1.59024e+22 1.88745e+22
35.9459 468.75 6.52475e+18 1.57484e+22 1.9548e+22
35.986 468.75 6.51154e+18 1.46686e+22 1.93946e+22
36.026 467.968 6.50061e+18 1.16729e+22 1.96767e+22
36.0661 467.968 6.49045e+18 1.29162e+22 1.90246e+22
36.1061 468.75 6.47914e+18 1.26287e+22 1.86906e+22
36.1461 468.75 6.46609e+18 1.38876e+22 1.91841e+22
36.1862 468.75 6.45066e+18 1.49932e+22 1.87724e+22
36.2262 468.75 6.43789e+18 1.26745e+22 1.98864e+22
36.2663 468.75 6.42686e+18 1.2908e+22 1.903e+22
36.3063 468.75 6.41817e+18 1.09722e+22 2.02024e+22
36.3463 468.75 6.40941e+18 1.14685e+22 1.95996e+22
36.3864 468.75 6.39598e+18 1.30378e+22 1.83327e+22
36.4264 468.75 6.38005e+18 1.25204e+22 1.93433e+22
36.4665 468.75 6.36246e+18 1.4074e+22 1.82393e+22
36.5065 468.75 6.34667e+18 1.215e+22 1.87334e+22
36.5465 468.75 6.33629e+18 1.18198e+22 1.78586e+22
36.5866 468.75 6.32698e+18 1.20659e+22 1.88838e+22
36.6266 468.75 6.31752e+18 1.15832e+22 1.86754e+22
36.6667 468.75 6.30425e+18 1.37931e+22 1.8723e+22
36.7067 468.75 6.28575e+18 1.32831e+22 1.82415e+22
36.7467 468.75 6.26768e+18 1.3691e+22 1.91769e+22
36.7868 468.75 6.25072e+18 1.34307e+22 1.85119e+22
36.8268 468.75 6.23811e+18 1.23775e+22 1.76181e+22
36.8669 468.75 6.22836e+18 1.35519e+22 1.87334e+22
36.9069 468.75 6.21665e+18 1.3378e+22 1.83955e+22
36.9469 468.75 6.2028e+18 1.44778e+22 1.87169e+22
36.987 468.75 6.18618e+18 1.46752e+22 1.84081e+22
37.027 468.75 6.16878e+18 1.42674e+22 1.91573e+22
37.0671 468.75 6.15591e+18 1.45532e+22 1.80621e+22
37.1071 468.75 6.14387e+18 1.39897e+22 1.81213e+22
37.1471 468.75 6.13444e+18 1.46593e+22 1.82251e+22
37.1872 468.75 6.12239e+18 1.48173e+22 1.71243e+22
37.2272 468.75 6.10735e+18 1.50099e+22 1.80496e+22
37.2673 468.75 6.09231e+18 1.5095e+22 1.77407e+22
37.3073 468.75 6.07811e+18 1.47397e+22 1.76673e+22
37.3473 468.75 6.06833e+18 1.4797e+22 1.7274e+22
37.3874 468.75 6.061e+18 1.49004e+22 1.78888e+22
37.4274 468.75 6.05272e+18 1.4897e+22 1.76622e+22
37.4675 468.75 6.04195e+18 1.49057e+22 1.73117e+22
37.5075 468.75 6.02738e+18 1.46504e+22 1.84685e+22
37.5475 468.75 6.01214e+18 1.40492e+22 1.76347e+22
37.5876 468.75 6.00031e+18 1.43525e+22 1.83865e+22
37.6276 468.75 5.99126e+18 1.3909e+22 1.76155e+22
37.6677 468.75 5.98619e+18 1.44752e+22 1.82537e+22
37.7077 468.75 5.9786e+18 1.43021e+22 1.80068e+22
37.7477 468.75 5.96842e+18 1.35017e+22 1.71127e+22
37.7878 468.75 5.95409e+18 1.35152e+22 1.78385e+22
37.8278 468.75 5.93947e+18 1.21239e+22 1.69669e+22
37.8679 468.75 5.92702e+18 1.29715e+22 1.77297e+22
37.9079 466.874 5.91836e+18 1.27003e+22 1.72684e+22
37.9479 468.75 5.91096e+18 1.30714e+22 1.76046e+22
37.988 468.75 5.90255e+18 1.32728e+22 1.74775e+22
38.028 468.75 5.89032e+18 1.17411e+22 1.71042e+22
38.0681 468.75 5.87579e+18 1.19819e+22 1.76804e+22
38.1081 468.75 5.86117e+18 1.04539e+22 1.69063e+22
38.1481 468.75 5.84914e+18 1.15351e+22 1.69406e+22
38.1882 468.75 5.83997e+18 1.1761e+22 1.64963e+22
38.2282 468.75 5.83118e+18 1.20406e+22 1.64213e+22
38.2683 468.75 5.82037e+18 1.25009e+22 1.66489e+22
38.3083 468.75 5.80601e+18 1.05666e+22 1.70841e+22
38.3483 468.75 5.79037e+18 1.10139e+22 1.70468e+22
38.3884 468.75 5.77545e+18 9.58358e+21 1.69869e+22
38.4284 468.75 5.76489e+18 1.10252e+22 1.68947e+22
38.4685 468.75 5.75609e+18 1.17521e+22 1.64821e+22
38.5085 468.75 5.74847e+18 1.1974e+22 1.60513e+22
38.5485 468.75 5.73713e+18 1.27453e+22 1.67065e+22
38.5886 468.75 5.72272e+18 1.04439e+22 1.70687e+22
38.6286 468.75 5.707e+18 1.10181e+22 1.62294e+22
38.6687 468.75 5.69262e+18 9.74171e+21 1.68108e+22
38.7087 468.75 5.68292e+18 1.13989e+22 1.61973e+22
38.7487 468.75 5.67569e+18 1.26653e+22 1.62349e+22
38.7888 468.75 5.66894e+18 1.29469e+22 1.60842e+22
38.8288 468.75 5.65971e+18 1.37286e+22 1.6951e+22
38.8689 468.75 5.64645e+18 1.13267e+22 1.62708e+22
38.9089 468.75 5.63301e+18 1.16237e+22 1.64929e+22
38.9489 468.75 5.62015e+18 1.05187e+22 1.56012e+22
38.989 468.75 5.61159e+18 1.23389e+22 1.59559e+22
39.029 468.75 5.60537e+18 1.37212e+22 1.58196e+22
39.0691 468.75 5.59851e+18 1.44387e+22 1.54925e+22
39.1091 468.75 5.59028e+18 1.47584e+22 1.64223e+22
39.1491 468.75 5.57783e+18 1.25423e+22 1.63227e+22
39.1892 468.75 5.56601e+18 1.21993e+22 1.5857e+22
39.2292 468.75 5.55512e+18 1.10652e+22 1.56897e+22
39.2693 468.75 5.54725e+18 1.29167e+22 1.51525e+22
39.3093 468.75 5.54166e+18 1.41845e+22 1.5481e+22
39.3493 468.75 5.53377e+18 1.55072e+22 1.56035e+22
39.3894 468.75 5.52467e+18 1.531e+22 1.53323e+22
39.4294 468.75 5.51151e+18 1.33946e+22 1.5662e+22
39.4695 468.75 5.49934e+18 1.22268e+22 1.57042e+22
39.5095 468.75 5.48876e+18 1.10376e+22 1.50803e+22
39.5495 468.75 5.48104e+18 1.24989e+22 1.49698e+22
39.5896 468.75 5.47479e+18 1.38527e+22 1.51266e+22
39.6296 468.75 5.46655e+18 1.53947e+22 1.55858e+22
39.6697 468.75 5.45524e+18 1.51147e+22 1.51356e+22
39.7097 468.75 5.44188e+18 1.33834e+22 1.48868e+22
39.7497 468.75 5.42745e+18 1.15367e+22 1.49247e+22
39.7898 468.75 5.41714e+18 1.03462e+22 1.51896e+22
39.8298 468.75 5.40785e+18 1.10594e+22 1.45799e+22
39.8699 468.75 5.40171e+18 1.28132e+22 1.51269e+22
39.9099 468.75 5.39236e+18 1.40879e+22 1.54137e+22
39.9499 468.75 5.38119e+18 1.44018e+22 1.51455e+22
39.99 468.75 5.36694e+18 1.25627e+22 1.50779e+22
40.03 468.75 5.3532e+18 1.06459e+22 1.44886e+22
40.0701 468.75 5.34192e+18 9.23926e+21 1.46616e+22
40.1101 468.75 5.33358e+18 9.40794e+21 1.48482e+22
40.1502 468.75 5.32643e+18 1.14463e+22 1.5542e+22
40.1902 468.75 5.31835e+18 1.24441e+22 1.50543e+22
40.2302 468.75 5.30696e+18 1.36455e+22 1.50814e+22
40.2703 468.75 5.2945e+18 1.15339e+22 1.50483e+22
40.3103 468.75 5.2813e+18 1.01605e+22 1.47956e+22
40.3504 468.75 5.27162e+18 8.12489e+21 1.51613e+22
40.3904 468.75 5.26373e+18 8.36445e+21 1.50081e+22
40.4304 468.75 5.25791e+18 1.00919e+22 1.53692e+22
40.4705 468.75 5.25034e+18 1.14463e+22 1.50096e+22
40.5105 468.75 5.24089e+18 1.30622e+22 1.58405e+22
40.5506 468.75 5.22933e+18 1.11876e+22 1.44719e+22
40.5906 468.75 5.2184e+18 1.02635e+22 1.47505e+22
40.6306 468.75 5.20921e+18 7.57585e+21 1.46869e+22
40.6707 468.75 5.20281e+18 8.20234e+21 1.5975e+22
40.7107 468.75 5.19692e+18 9.05886e+21 1.43667e+22
40.7508 468.75 5.19045e+18 1.152e+22 1.44826e+22
40.7908 468.75 5.18149e+18 1.2713e+22 1.51253e+22
40.8308 468.75 5.17127e+18 1.21621e+22 1.41438e+22
40.8709 468.75 5.16122e+18 1.07441e+22 1.45212e+22
40.9109 468.75 5.15279e+18 8.22428e+21 1.42247e+22
40.951 468.75 5.14638e+18 8.49681e+21 1.5513e+22
40.991 468.75 5.14032e+18 8.67545e+21 1.42381e+22
41.031 468.75 5.133e+18 1.21021e+22 1.40334e+22
41.0711 468.75 5.12394e+18 1.27141e+22 1.46088e+22
41.1111 468.75 5.11296e+18 1.40331e+22 1.45909e+22
41.1512 468.75 5.10324e+18 1.15221e+22 1.52318e+22
41.1912 468.75 5.09421e+18 1.01092e+22 1.41777e+22
41.2312 468.75 5.08792e+18 8.6236e+21 1.45536e+22
41.2713 468.75 5.08105e+18 9.21558e+21 1.40346e+22
41.3113 468.75 5.07335e+18 1.1908e+22 1.47467e+22
41.3514 468.75 5.06323e+18 1.32944e+22 1.39889e+22
41.3914 468.75 5.05149e+18 1.52661e+22 1.53157e+22
41.4314 468.75 5.04059e+18 1.30013e+22 1.5018e+22
41.4715 468.75 5.03065e+18 1.19962e+22 1.51585e+22
41.5115 468.75 5.02374e+18 9.03627e+21 1.45672e+22
41.5516 468.75 5.01653e+18 9.89308e+21 1.50243e+22
41.5916 468.75 5.00937e+18 1.07179e+22 1.41723e+22
41.6316 468.75 4.99951e+18 1.38115e+22 1.44859e+22
41.6717 468.75 4.98841e+18 1.49123e+22 1.50739e+22
41.7117 468.75 4.97719e+18 1.48452e+22 1.48752e+22
41.7518 468.75 4.96681e+18 1.28298e+22 1.44411e+22
41.7918 468.75 4.95906e+18 1.03113e+22 1.4395e+22
41.8318 468.75 4.95148e+18 9.56216e+21 1.50143e+22
41.8719 468.75 4.94476e+18 9.80728e+21 1.40939e+22
41.9119 468.75 4.93615e+18 1.2629e+22 1.40194e+22
41.952 468.75 4.92688e+18 1.39584e+22 1.42424e+22
41.992 468.75 4.91739e+18 1.52123e+22 1.52554e+22
42.032 468.75 4.90821e+18 1.32516e+22 1.33565e+22
42.0721 468.75 4.90109e+18 1.1293e+22 1.41918e+22
42.1121 468.75 4.89351e+18 9.09903e+21 1.41921e+22
42.1522 468.75 4.88722e+18 8.92377e+21 1.3972e+22
42.1922 468.75 4.87872e+18 1.04578e+22 1.36036e+22
42.2322 468.75 4.87112e+18 1.24699e+22 1.34472e+22
42.2723 468.75 4.86244e+18 1.39607e+22 1.39944e+22
42.3123 468.75 4.85565e+18 1.33254e+22 1.39544e+22
42.3524 468.75 4.8493e+18 1.14904e+22 1.38349e+22
42.3924 468.75 4.84357e+18 9.09033e+21 1.38037e+22
42.4324 468.75 4.83747e+18 7.90938e+21 1.41489e+22
42.4725 468.75 4.82988e+18 8.61072e+21 1.42824e+22
42.5125 468.75 4.82195e+18 1.0178e+22 1.43693e+22
42.5526 468.75 4.81338e+18 1.24316e+22 1.41264e+22
42.5926 468.75 4.80629e+18 1.23301e+22 1.34668e+22
42.6326 468.75 4.8e+18 1.18047e+22 1.40676e+22
42.6727 468.75 4.7948e+18 8.94605e+21 1.39514e+22
42.7127 468.75 4.78927e+18 7.82875e+21 1.45245e+22
42.7528 468.75 4.7827e+18 6.91548e+21 1.36e+22
42.7928 468.75 4.77504e+18 8.69554e+21 1.369e+22
42.8328 468.75 4.7664e+18 1.01412e+22 1.3994e+22
42.8729 468.75 4.75812e+18 1.18411e+22 1.40045e+22
42.9129 468.75 4.75035e+18 1.12295e+22 1.32698e+22
42.953 468.75 4.74351e+18 9.88172e+21 1.33787e+22
42.993 468.75 4.73712e+18 7.81569e+21 1.43453e+22
43.033 468.75 4.7303e+18 6.65793e+21 1.41476e+22
43.0731 468.75 4.72331e+18 7.53076e+21 1.39364e+22
43.1131 468.75 4.71524e+18 8.6292e+21 1.30169e+22
43.1532 468.75 4.70741e+18 1.12101e+22 1.39937e+22
43.1932 468.75 4.69906e+18 1.10079e+22 1.30882e+22
43.2332 468.75 4.69117e+18 1.11678e+22 1.31769e+22
43.2733 468.75 4.68304e+18 8.45714e+21 1.28782e+22
43.3133 468.75 4.67502e+18 7.82187e+21 1.40856e+22
43.3534 468.75 4.66707e+18 6.57425e+21 1.30927e+22
43.3934 468.75 4.65922e+18 8.65062e+21 1.3168e+22
43.4334 468.75 4.65202e+18 9.5703e+21 1.30444e+22
43.4735 468.75 4.6448e+18 1.20739e+22 1.32861e+22
43.5135 468.75 4.63794e+18 1.1252e+22 1.31204e+22
43.5536 468.75 4.63046e+18 1.0992e+22 1.26115e+22
43.5936 468.75 4.62259e+18 8.46339e+21 1.25752e+22
43.6336 468.75 4.6144e+18 7.95713e+21 1.29678e+22
43.6737 468.75 4.60606e+18 7.73535e+21 1.30738e+22
43.7137 468.75 4.59861e+18 9.57647e+21 1.28088e+22
43.7538 468.75 4.59147e+18 1.11997e+22 1.32127e+22
43.7938 468.75 4.58549e+18 1.25473e+22 1.26304e+22
43.8338 468.75 4.57929e+18 1.21002e+22 1.28187e+22
43.8739 468.75 4.57343e+18 1.08353e+22 1.24514e+22
43.9139 468.75 4.56679e+18 9.14333e+21 1.30262e+22
43.954 468.75 4.56009e+18 8.33759e+21 1.26316e+22
43.994 468.75 4.55305e+18 9.07622e+21 1.31074e+22
44.034 468.75 4.54605e+18 1.04775e+22 1.27608e+22
44.0741 468.75 4.53954e+18 1.2436e+22 1.33792e+22
44.1141 468.75 4.53297e+18 1.29199e+22 1.29379e+22
44.1542 468.75 4.52738e+18 1.25558e+22 1.25782e+22
44.1942 468.75 4.52152e+18 1.08136e+22 1.22654e+22
44.2342 468.75 4.51666e+18 9.52111e+21 1.27752e+22
44.2743 468.75 4.5111e+18 8.7669e+21 1.26115e+22
44.3143 468.75 4.50593e+18 9.7559e+21 1.23455e+22
44.3544 468.75 4.49948e+18 1.10269e+22 1.26519e+22
44.3944 468.75 4.49304e+18 1.27054e+22 1.31035e+22
44.4344 468.75 4.48571e+18 1.28753e+22 1.28937e+22
44.4745 468.75 4.47904e+18 1.2266e+22 1.22844e+22
44.5145 468.75 4.47282e+18 1.05918e+22 1.23053e+22
44.5546 468.75 4.46753e+18 9.36019e+21 1.23827e+22
44.5946 468.75 4.46279e+18 8.87977e+21 1.24847e+22
44.6346 468.75 4.45763e+18 9.72031e+21 1.2188e+22
44.6747 468.75 4.45204e+18 1.09709e+22 1.23554e+22
44.7147 468.75 4.44486e+18 1.21499e+22 1.22274e+22
44.7548 468.75 4.43759e+18 1.22327e+22 1.23684e+22
44.7948 468.75 4.42952e+18 1.13587e+22 1.23899e+22
44.8348 468.75 4.42281e+18 9.92979e+21 1.2027e+22
44.8749 468.75 4.41607e+18 8.74965e+21 1.22791e+22
44.9149 468.75 4.41064e+18 8.50966e+21 1.24909e+22
44.955 468.75 4.40442e+18 9.16095e+21 1.21932e+22
44.995 468.75 4.39841e+18 1.0336e+22 1.21637e+22
45.035 468.75 4.39115e+18 1.10905e+22 1.27181e+22
45.0751 468.75 4.38417e+18 1.11683e+22 1.22324e+22
45.1151 468.75 4.37676e+18 1.01582e+22 1.20369e+22
45.1552 468.75 4.36997e+18 9.02855e+21 1.20453e+22
45.1952 468.75 4.36314e+18 7.95125e+21 1.26958e+22
45.2352 468.75 4.35614e+18 7.89875e+21 1.22392e+22
45.2753 468.75 4.34894e+18 8.41142e+21 1.16515e+22
45.3153 468.75 4.34136e+18 9.4604e+21 1.18243e+22
45.3554 468.75 4.3344e+18 9.93928e+21 1.28455e+22
45.3954 468.75 4.32784e+18 1.0041e+22 1.19167e+22
45.4354 468.75 4.32242e+18 9.03437e+21 1.202e+22
45.4755 468.75 4.31695e+18 8.23445e+21 1.25836e+22
45.5155 468.75 4.31136e+18 7.28138e+21 1.24167e+22
45.5556 468.75 4.30441e+18 7.44403e+21 1.19777e+22
45.5956 468.75 4.29675e+18 7.80237e+21 1.1818e+22
45.6356 468.75 4.28858e+18 8.80562e+21 1.22982e+22
45.6757 468.75 4.28135e+18 9.05779e+21 1.23586e+22
45.7157 468.75 4.27549e+18 9.24838e+21 1.19904e+22
45.7558 468.75 4.2711e+18 8.31313e+21 1.21041e+22
45.7958 468.75 4.26737e+18 7.84216e+21 1.2502e+22
45.8358 468.75 4.26295e+18 7.01804e+21 1.18215e+22
45.8759 468.75 4.25738e+18 7.38483e+21 1.20661e+22
45.9159 468.75 4.25025e+18 7.5855e+21 1.17566e+22
45.956 468.75 4.24286e+18 8.63074e+21 1.22834e+22
45.996 468.75 4.23591e+18 8.65423e+21 1.20834e+22
46.036 468.75 4.23045e+18 9.04079e+21 1.20413e+22
46.0761 468.75 4.22622e+18 8.12297e+21 1.224e+22
46.1161 468.75 4.22241e+18 8.0106e+21 1.22959e+22
46.1562 468.75 4.2183e+18 7.24017e+21 1.18144e+22
46.1962 468.75 4.21276e+18 7.79966e+21 1.20526e+22
46.2362 468.75 4.20689e+18 7.83008e+21 1.2184e+22
46.2763 468.75 4.2002e+18 8.89292e+21 1.18647e+22
46.3163 468.75 4.1948e+18 8.763e+21 1.18298e+22
46.3564 468.75 4.18939e+18 9.2906e+21 1.1748e+22
46.3964 468.75 4.1852e+18 8.44894e+21 1.22012e+22
46.4364 468.75 4.1798e+18 8.58874e+21 1.21191e+22
46.4765 468.75 4.17456e+18 7.878e+21 1.18106e+22
46.5165 468.75 4.16762e+18 8.52579e+21 1.1683e+22
46.5566 468.75 4.16168e+18 8.40412e+21 1.20809e+22
46.5966 468.75 4.15549e+18 9.38141e+21 1.21073e+22
46.6366 468.75 4.15115e+18 9.18022e+21 1.15096e+22
46.6767 468.75 4.14662e+18 9.69336e+21 1.19517e+22
46.7167 468.75 4.14224e+18 9.0667e+21 1.16628e+22
46.7568 468.75 4.13605e+18 9.2221e+21 1.18727e+22
46.7968 468.75 4.12884e+18 8.76214e+21 1.16575e+22
46.8368 468.75 4.12048e+18 9.17558e+21 1.19528e+22
46.8769 468.75 4.11309e+18 9.17952e+21 1.17521e+22
46.9169 468.75 4.10677e+18 9.70185e+21 1.19987e+22
46.957 468.75 4.10252e+18 9.71913e+21 1.13523e+22
46.997 468.75 4.0987e+18 9.84979e+21 1.18968e+22
47.037 468.75 4.0945e+18 9.69022e+21 1.19565e+22
47.0771 468.75 4.08848e+18 9.56814e+21 1.18931e+22
47.1171 468.75 4.08069e+18 9.58581e+21 1.15885e+22
47.1572 468.75 4.07202e+18 9.55361e+21 1.16333e+22
47.1972 468.75 4.06382e+18 9.85318e+21 1.15785e+22
47.2372 468.75 4.05736e+18 9.75523e+21 1.18836e+22
47.2773 468.75 4.05248e+18 1.00445e+22 1.14077e+22
47.3173 468.75 4.04878e+18 9.67029e+21 1.15722e+22
47.3574 468.75 4.04429e+18 9.92597e+21 1.1916e+22
47.3974 468.75 4.03883e+18 9.51367e+21 1.16295e+22
47.4374 468.75 4.03157e+18 9.95324e+21 1.1711e+22
47.4775 468.75 4.02403e+18 9.62178e+21 1.14798e+22
47.5175 468.75 4.01688e+18 1.00822e+22 1.1475e+22
47.5576 468.75 4.01118e+18 9.60389e+21 1.13456e+22
47.5976 468.75 4.00661e+18 9.81934e+21 1.12202e+22
47.6376 468.75 4.00256e+18 9.25434e+21 1.14114e+22
47.6777 468.75 3.99771e+18 9.44779e+21 1.17499e+22
47.7177 468.75 3.99198e+18 9.18708e+21 1.14866e+22
47.7578 468.75 3.98522e+18 9.54935e+21 1.11654e+22
47.7978 468.75 3.97891e+18 9.52808e+21 1.15264e+22
47.8378 468.75 3.97341e+18 9.64973e+21 1.16671e+22
47.8779 468.75 3.9694e+18 9.43595e+21 1.13999e+22
47.9179 468.75 3.96594e+18 9.05523e+21 1.08841e+22
47.958 468.75 3.96223e+18 8.79534e+21 1.10113e+22
47.998 468.75 3.9572e+18 8.43675e+21 1.12756e+22
48.038 468.75 3.95095e+18 8.66223e+21 1.11694e+22
48.0781 468.75 3.94418e+18 8.64544e+21 1.13323e+22
48.1181 468.75 3.93803e+18 9.16104e+21 1.10072e+22
48.1582 468.75 3.93351e+18 8.93961e+21 1.13445e+22
48.1982 468.75 3.93038e+18 9.04445e+21 1.11369e+22
48.2382 468.75 3.9279e+18 8.31444e+21 1.07314e+22
48.2783 468.75 3.92461e+18 8.09515e+21 1.14294e+22
48.3183 468.75 3.91974e+18 7.52549e+21 1.12569e+22
48.3584 468.75 3.91324e+18 7.71377e+21 1.05455e+22
48.3984 468.75 3.90623e+18 7.81702e+21 1.08593e+22
48.4384 468.75 3.89977e+18 8.32622e+21 1.07944e+22
48.4785 468.75 3.89512e+18 8.49334e+21 1.09673e+22
48.5185 468.75 3.89175e+18 8.40785e+21 1.11794e+22
48.5586 468.75 3.88917e+18 8.019e+21 1.07285e+22
48.5986 468.75 3.88551e+18 7.31831e+21 1.09897e+22
48.6386 468.75 3.88061e+18 6.99204e+21 1.10814e+22
48.6787 468.75 3.87382e+18 6.71693e+21 1.102e+22
48.7187 468.75 3.86691e+18 7.1999e+21 1.10468e+22
48.7588 468.75 3.86027e+18 7.50819e+21 1.05907e+22
48.7988 468.75 3.85539e+18 8.16506e+21 1.08437e+22
48.8388 468.75 3.85142e+18 8.02787e+21 1.06807e+22
48.8789 468.75 3.84807e+18 7.87648e+21 1.03746e+22
48.9189 468.75 3.84353e+18 7.09526e+21 1.06395e+22
48.959 468.75 3.83799e+18 6.6256e+21 1.08507e+22
48.999 468.75 3.83078e+18 6.31351e+21 1.06129e+22
49.039 468.75 3.82396e+18 6.58513e+21 1.04905e+22
49.0791 468.75 3.81742e+18 7.18458e+21 1.09315e+22
49.1191 468.75 3.81281e+18 7.77045e+21 1.08464e+22
49.1592 468.75 3.80876e+18 8.22243e+21 1.06909e+22
49.1992 468.75 3.80517e+18 7.9198e+21 1.0139e+22
49.2392 468.75 3.80015e+18 7.51657e+21 1.02944e+22
49.2793 468.75 3.79412e+18 6.62815e+21 1.0238e+22
49.3193 468.75 3.7867e+18 6.36104e+21 1.05112e+22
49.3594 468.75 3.77972e+18 6.2886e+21 1.03391e+22
49.3994 468.75 3.77353e+18 7.03902e+21 1.03004e+22
49.4394 468.75 3.76917e+18 7.73943e+21 1.03294e+22
49.4795 468.75 3.76562e+18 8.45814e+21 1.06492e+22
49.5195 468.75 3.76234e+18 8.54992e+21 1.04408e+22
49.5596 468.75 3.75773e+18 8.08583e+21 1.01473e+22
49.5996 468.75 3.75193e+18 7.40005e+21 1.04496e+22
49.6396 468.75 3.74499e+18 6.62099e+21 9.92855e+21
49.6797 468.75 3.73821e+18 6.54969e+21 9.9811e+21
49.7197 468.75 3.73261e+18 6.83394e+21 1.00085e+22
49.7598 468.75 3.72841e+18 7.87669e+21 9.9403e+21
49.7998 468.75 3.72545e+18 8.64245e+21 1.01926e+22
49.8398 468.75 3.72239e+18 9.29495e+21 9.92571e+21
49.8799 468.75 3.71854e+18 9.03622e+21 9.85501e+21
49.9199 468.75 3.71319e+18 8.36687e+21 1.0156e+22
49.96 468.75 3.70718e+18 7.4821e+21 1.03151e+22
50 468.75 3.70092e+18 6.86995e+21 9.77942e+21
