#S 1 scored data
#N 5
#L  distance  fwhm  total_intensity  on_axis_intensity  peak_intensity
10 449.551 5.72673e-08 0.000219778 0.000220162
10.04 450.001 5.69878e-08 0.000175091 0.000210098
10.0801 446.849 5.67246e-08 0.000195963 0.000199726
10.1201 448.2 5.66022e-08 0.000203012 0.000203434
10.1602 449.551 5.64724e-08 0.000173412 0.00021387
10.2002 450.001 5.62149e-08 0.000218192 0.000218735
10.2402 446.849 5.59801e-08 0.000170355 0.000218455
10.2803 448.2 5.58787e-08 0.000212687 0.000213206
10.3203 449.551 5.57561e-08 0.000184699 0.000205142
10.3604 450.001 5.55158e-08 0.000196068 0.00019931
10.4004 446.849 5.53169e-08 0.00020296 0.000203136
10.4404 448.2 5.52383e-08 0.000182186 0.000210089
10.4805 449.551 5.51142e-08 0.000213645 0.000214136
10.5205 445.499 5.48893e-08 0.000178585 0.000215368
10.5606 446.849 5.47341e-08 0.000213598 0.000214123
10.6006 448.65 5.46747e-08 0.000184523 0.000210863
10.6406 450.001 5.45402e-08 0.000206405 0.000206654
10.6807 445.949 5.43373e-08 0.000194814 0.000202106
10.7207 447.3 5.42311e-08 0.000197675 0.000200938
10.7608 448.65 5.4179e-08 0.000204319 0.000204452
10.8008 450.001 5.40297e-08 0.000191492 0.000208013
10.8408 368.06 5.38623e-08 0.000210263 0.000210573
10.8809 353.202 5.38032e-08 0.000189279 0.000212028
10.9209 343.748 5.37397e-08 0.000212386 0.000212676
10.961 334.293 5.35823e-08 0.00019049 0.000212555
11.001 330.691 5.34677e-08 0.000211757 0.000211934
11.041 321.686 5.34384e-08 0.000193736 0.000210982
11.0811 318.085 5.33471e-08 0.000209845 0.000209874
11.1211 314.033 5.32049e-08 0.000197669 0.000208783
11.1612 310.431 5.31501e-08 0.000207769 0.000207779
11.2012 307.279 5.31182e-08 0.00020139 0.000206942
11.2412 303.677 5.30014e-08 0.000206211 0.000206257
11.2813 300.076 5.29069e-08 0.000204467 0.000205851
11.3213 296.474 5.2892e-08 0.00020539 0.000206113
11.3614 292.872 5.28274e-08 0.000206829 0.000206863
11.4014 284.318 5.27178e-08 0.000205269 0.000207794
11.4414 286.119 5.26853e-08 0.000208561 0.000208583
11.4815 277.564 5.26644e-08 0.000205723 0.000209262
11.5215 279.365 5.25711e-08 0.00020983 0.00020983
11.5616 270.811 5.25128e-08 0.000206618 0.000210329
11.6016 272.612 5.25111e-08 0.000210744 0.000210744
11.6416 269.46 5.24508e-08 0.000207798 0.000211105
11.6817 266.309 5.23777e-08 0.000211429 0.000211429
11.7217 262.707 5.23745e-08 0.000209202 0.0002117
11.7618 259.555 5.23466e-08 0.000211954 0.000211959
11.8018 256.854 5.22743e-08 0.000210765 0.000212171
11.8418 258.655 5.22603e-08 0.000212373 0.000212373
11.8819 255.503 5.22553e-08 0.000212433 0.000212608
11.9219 252.352 5.21946e-08 0.000212742 0.000213281
11.962 249.2 5.217e-08 0.000214127 0.000214127
12.002 246.499 5.21775e-08 0.000213127 0.00021499
12.042 248.3 5.21326e-08 0.000215782 0.000215782
12.0821 245.148 5.21019e-08 0.000213639 0.000216595
12.1221 242.447 5.21144e-08 0.00021727 0.00021727
12.1622 239.295 5.20844e-08 0.000214395 0.00021796
12.2022 241.096 5.20524e-08 0.000218462 0.000218467
12.2422 238.395 5.20663e-08 0.000215513 0.000218971
12.2823 235.693 5.20479e-08 0.000219297 0.000219297
12.3223 237.494 5.20181e-08 0.000217043 0.000219587
12.3624 234.793 5.20323e-08 0.000219758 0.000219758
12.4024 232.092 5.20219e-08 0.000218889 0.000219887
12.4424 233.892 5.19963e-08 0.000220034 0.000220034
12.4825 231.641 5.20111e-08 0.000220792 0.0002208
12.5225 228.94 5.20054e-08 0.000220438 0.000221678
12.5626 230.741 5.19849e-08 0.000222416 0.000222429
12.6026 228.039 5.20007e-08 0.000221289 0.000223065
12.6426 225.788 5.19972e-08 0.000223526 0.000223529
12.6827 227.589 5.19822e-08 0.000222719 0.000223883
12.7227 224.888 5.19994e-08 0.000224148 0.000224154
12.7628 222.637 5.19962e-08 0.000224488 0.000224494
12.8028 224.438 5.19871e-08 0.000224708 0.000225334
12.8428 222.187 5.20053e-08 0.000226085 0.000226087
12.8829 219.935 5.20012e-08 0.000225662 0.000226693
12.9229 221.736 5.19987e-08 0.000227172 0.000227172
12.963 219.485 5.20167e-08 0.000227177 0.000227521
13.003 220.836 5.20115e-08 0.000227878 0.000227991
13.043 219.035 5.2016e-08 0.000228801 0.000228802
13.0831 216.784 5.20317e-08 0.000228812 0.000229459
13.1231 218.134 5.20267e-08 0.000230005 0.000230022
13.1632 216.334 5.20377e-08 0.000230222 0.000230446
13.2032 214.533 5.20492e-08 0.000230888 0.000230997
13.2432 215.883 5.20466e-08 0.000231748 0.000231748
13.2833 214.082 5.20622e-08 0.000231949 0.000232381
13.3233 212.282 5.20683e-08 0.000232919 0.000232919
13.3634 213.632 5.20711e-08 0.000233411 0.000233411
13.4034 211.831 5.20875e-08 0.000233905 0.000234132
13.4434 210.03 5.20896e-08 0.000234797 0.000234798
13.4835 211.381 5.20992e-08 0.0002352 0.000235348
13.5235 209.58 5.2112e-08 0.000235888 0.00023593
13.5636 208.23 5.21142e-08 0.000236652 0.000236652
13.6036 209.13 5.21286e-08 0.000237102 0.000237273
13.6436 207.779 5.21358e-08 0.000237859 0.000237862
13.6837 206.429 5.21426e-08 0.000238539 0.000238544
13.7237 207.329 5.21566e-08 0.000239057 0.000239196
13.7638 205.978 5.21607e-08 0.000239814 0.000239814
13.8038 205.078 5.21729e-08 0.000240467 0.000240467
13.8438 205.528 5.2182e-08 0.00024105 0.000241143
13.8839 204.177 5.21887e-08 0.000241794 0.000241796
13.9239 203.277 5.22018e-08 0.000242456 0.000242467
13.964 203.727 5.22073e-08 0.000243074 0.000243138
14.004 202.827 5.22187e-08 0.0002438 0.000243806
14.044 201.926 5.22275e-08 0.000244489 0.000244489
14.0841 201.926 5.22351e-08 0.000245122 0.000245159
14.1241 201.026 5.22467e-08 0.000245835 0.000245844
14.1642 200.125 5.22529e-08 0.000246558 0.000246558
14.2042 200.125 5.2264e-08 0.000247212 0.000247229
14.2442 199.675 5.22717e-08 0.00024792 0.000247931
14.2843 198.775 5.22804e-08 0.000248642 0.000248642
14.3243 198.325 5.22901e-08 0.000249337 0.000249339
14.3644 197.874 5.2297e-08 0.000250042 0.000250051
14.4044 196.974 5.23074e-08 0.000250763 0.000250771
14.4444 196.524 5.23141e-08 0.000251491 0.000251495
14.4845 196.073 5.23236e-08 0.000252203 0.000252209
14.5245 195.623 5.23312e-08 0.000252923 0.000252937
14.5646 194.723 5.23394e-08 0.000253674 0.000253674
14.6046 194.273 5.23478e-08 0.000254408 0.000254408
14.6446 193.822 5.23549e-08 0.000255129 0.000255142
14.6847 193.372 5.23636e-08 0.000255879 0.000255888
14.7247 192.472 5.23703e-08 0.000256631 0.000256639
14.7648 192.021 5.23788e-08 0.000257382 0.000257394
14.8048 191.571 5.23855e-08 0.000258145 0.000258149
14.8448 191.121 5.23935e-08 0.000258904 0.000258909
14.8849 190.22 5.24002e-08 0.000259667 0.000259675
14.9249 189.77 5.24076e-08 0.000260434 0.000260454
14.965 189.32 5.24145e-08 0.000261226 0.000261226
15.005 188.87 5.24214e-08 0.000262007 0.000262007
15.045 187.969 5.24283e-08 0.000262797 0.000262797
15.0851 187.519 5.24347e-08 0.000263583 0.000263583
15.1251 187.069 5.24415e-08 0.000264374 0.000264379
15.1652 186.619 5.24477e-08 0.000265165 0.000265173
15.2052 185.718 5.24543e-08 0.000265976 0.000265976
15.2452 185.268 5.24602e-08 0.000266782 0.000266795
15.2853 184.818 5.24666e-08 0.000267592 0.000267601
15.3253 184.368 5.24723e-08 0.00026842 0.000268424
15.3654 183.467 5.24784e-08 0.000269244 0.000269249
15.4054 183.017 5.24839e-08 0.000270078 0.000270085
15.4454 182.567 5.24898e-08 0.0002709 0.00027091
15.4855 182.116 5.24951e-08 0.000271751 0.000271751
15.5255 181.216 5.25007e-08 0.000272595 0.000272608
15.5656 180.766 5.25059e-08 0.000273433 0.000273448
15.6056 180.316 5.25112e-08 0.000274299 0.000274305
15.6456 179.865 5.25162e-08 0.000275153 0.000275157
15.6857 178.965 5.25213e-08 0.00027603 0.000276032
15.7257 178.515 5.25261e-08 0.000276892 0.000276903
15.7658 178.064 5.2531e-08 0.000277777 0.000277777
15.8058 177.614 5.25356e-08 0.000278655 0.000278658
15.8458 176.714 5.25402e-08 0.000279522 0.000279552
15.8859 176.263 5.25447e-08 0.000280438 0.000280454
15.9259 175.813 5.25491e-08 0.000281341 0.000281347
15.966 175.138 5.25534e-08 0.000282251 0.000282251
16.006 174.463 5.25576e-08 0.000283153 0.000283154
16.046 174.012 5.25617e-08 0.000284082 0.000284082
16.0861 173.562 5.25657e-08 0.00028499 0.00028499
16.1261 172.662 5.25696e-08 0.000285936 0.000285936
16.1662 172.211 5.25734e-08 0.000286853 0.000286857
16.2062 171.761 5.25771e-08 0.000287784 0.000287802
16.2462 171.311 5.25808e-08 0.000288752 0.000288752
16.2863 170.411 5.25843e-08 0.000289691 0.000289708
16.3263 169.96 5.25878e-08 0.000290656 0.000290668
16.3664 169.51 5.25911e-08 0.00029162 0.000291625
16.4064 169.06 5.25944e-08 0.000292595 0.000292612
16.4464 168.159 5.25976e-08 0.000293573 0.000293581
16.4865 167.709 5.26007e-08 0.000294565 0.000294565
16.5265 167.259 5.26038e-08 0.000295552 0.000295581
16.5666 166.809 5.26067e-08 0.000296563 0.000296565
16.6066 165.908 5.26096e-08 0.000297561 0.000297562
16.6466 165.458 5.26124e-08 0.000298585 0.000298585
16.6867 165.008 5.26151e-08 0.000299609 0.000299609
16.7267 164.558 5.26177e-08 0.000300631 0.000300636
16.7668 163.657 5.26203e-08 0.000301665 0.000301668
16.8068 163.207 5.26228e-08 0.000302711 0.000302713
16.8468 162.757 5.26252e-08 0.000303731 0.000303748
16.8869 162.306 5.26275e-08 0.000304816 0.000304816
16.9269 161.406 5.26298e-08 0.00030587 0.000305872
16.967 160.956 5.2632e-08 0.000306921 0.000306959
17.007 160.506 5.26342e-08 0.000308013 0.000308018
17.047 160.055 5.26363e-08 0.000309105 0.000309123
17.0871 159.155 5.26383e-08 0.000310183 0.00031021
17.1271 158.705 5.26402e-08 0.000311286 0.00031131
17.1672 158.254 5.26421e-08 0.000312413 0.000312413
17.2072 157.804 5.26439e-08 0.000313527 0.000313534
17.2472 156.904 5.26457e-08 0.000314657 0.000314659
17.2873 156.454 5.26474e-08 0.000315763 0.00031579
17.3273 156.003 5.26491e-08 0.000316926 0.000316926
17.3674 155.553 5.26507e-08 0.000318065 0.000318071
17.4074 154.653 5.26522e-08 0.000319229 0.000319232
17.4474 154.202 5.26537e-08 0.000320375 0.000320409
17.4875 153.752 5.26551e-08 0.000321551 0.000321568
17.5275 153.302 5.26565e-08 0.000322744 0.000322762
17.5676 152.402 5.26578e-08 0.000323926 0.000323957
17.6076 151.951 5.26591e-08 0.000325161 0.000325161
17.6476 151.501 5.26604e-08 0.000326348 0.000326349
17.6877 151.051 5.26616e-08 0.000327575 0.000327576
17.7277 150.15 5.26627e-08 0.000328802 0.00032881
17.7678 149.7 5.26638e-08 0.000330049 0.000330049
17.8078 149.25 5.26649e-08 0.000331283 0.000331285
17.8478 148.8 5.26659e-08 0.000332531 0.000332544
17.8879 147.899 5.26669e-08 0.000333812 0.000333822
17.9279 147.449 5.26678e-08 0.00033509 0.000335098
17.968 146.999 5.26687e-08 0.000336357 0.000336382
18.008 146.549 5.26696e-08 0.000337654 0.000337674
18.048 145.648 5.26704e-08 0.000338954 0.000338971
18.0881 145.198 5.26712e-08 0.000340253 0.000340279
18.1281 144.748 5.2672e-08 0.000341612 0.000341631
18.1682 144.297 5.26727e-08 0.000342942 0.000342946
18.2082 143.397 5.26734e-08 0.000344302 0.000344302
18.2482 142.947 5.2674e-08 0.000345642 0.000345652
18.2883 142.497 5.26747e-08 0.00034702 0.000347024
18.3283 142.046 5.26753e-08 0.000348385 0.000348394
18.3684 141.146 5.26759e-08 0.000349782 0.000349789
18.4084 140.696 5.26764e-08 0.000351179 0.000351196
18.4484 140.245 5.26769e-08 0.000352589 0.000352596
18.4885 139.795 5.26774e-08 0.000354027 0.000354027
18.5285 138.895 5.26779e-08 0.000355462 0.000355462
18.5686 138.444 5.26784e-08 0.000356913 0.000356913
18.6086 137.994 5.26788e-08 0.000358347 0.000358355
18.6486 137.544 5.26792e-08 0.000359811 0.000359827
18.6887 136.644 5.26796e-08 0.0003613 0.000361326
18.7287 136.193 5.26799e-08 0.000362796 0.000362818
18.7688 135.743 5.26803e-08 0.000364327 0.000364327
18.8088 135.068 5.26806e-08 0.000365807 0.00036586
18.8488 134.392 5.26809e-08 0.000367351 0.000367375
18.8889 133.942 5.26812e-08 0.000368904 0.000368904
18.9289 133.492 5.26815e-08 0.000370471 0.000370474
18.969 132.817 5.26818e-08 0.000372019 0.000372047
19.009 132.141 5.2682e-08 0.000373634 0.000373634
19.049 131.691 5.26822e-08 0.000375222 0.000375223
19.0891 131.241 5.26824e-08 0.000376816 0.000376838
19.1291 130.34 5.26827e-08 0.000378462 0.000378462
19.1692 129.89 5.26828e-08 0.000380097 0.000380097
19.2092 129.44 5.2683e-08 0.000381748 0.000381762
19.2492 128.99 5.26832e-08 0.000383417 0.00038342
19.2893 128.089 5.26834e-08 0.000385094 0.000385104
19.3293 127.639 5.26835e-08 0.000386803 0.000386805
19.3694 127.189 5.26836e-08 0.000388529 0.000388529
19.4094 126.739 5.26838e-08 0.000390236 0.000390247
19.4494 125.838 5.26839e-08 0.000391984 0.00039199
19.4895 125.388 5.2684e-08 0.000393756 0.000393756
19.5295 124.938 5.26841e-08 0.00039551 0.000395538
19.5696 124.487 5.26842e-08 0.000397302 0.000397308
19.6096 123.587 5.26843e-08 0.000399137 0.000399137
19.6496 123.137 5.26844e-08 0.000400942 0.000400948
19.6897 122.687 5.26845e-08 0.000402791 0.000402796
19.7297 122.236 5.26845e-08 0.000404664 0.000404664
19.7698 121.336 5.26846e-08 0.000406501 0.000406527
19.8098 120.886 5.26847e-08 0.000408401 0.000408408
19.8498 120.435 5.26847e-08 0.000410303 0.000410323
19.8899 119.985 5.26848e-08 0.000412246 0.000412251
19.9299 119.085 5.26848e-08 0.000414201 0.000414201
19.97 118.635 5.26849e-08 0.000416158 0.00041616
20.01 118.184 5.26849e-08 0.000418155 0.000418155
20.0501 117.734 5.2685e-08 0.000420128 0.000420151
20.0901 116.834 5.2685e-08 0.000422177 0.000422195
20.1301 116.383 5.2685e-08 0.000424218 0.000424218
20.1702 115.933 5.2685e-08 0.00042627 0.00042627
20.2102 115.483 5.26851e-08 0.000428334 0.000428354
20.2503 114.583 5.26851e-08 0.000430472 0.000430472
20.2903 114.132 5.26851e-08 0.000432591 0.000432591
20.3303 113.682 5.26851e-08 0.000434689 0.000434723
20.3704 113.232 5.26852e-08 0.000436891 0.000436891
20.4104 112.331 5.26852e-08 0.000439051 0.000439061
20.4505 111.881 5.26852e-08 0.000441262 0.00044128
20.4905 111.431 5.26852e-08 0.000443494 0.000443523
20.5305 110.981 5.26852e-08 0.000445753 0.000445755
20.5706 110.08 5.26852e-08 0.000448021 0.000448036
20.6106 109.63 5.26852e-08 0.000450312 0.000450323
20.6507 109.18 5.26852e-08 0.000452649 0.000452662
20.6907 108.73 5.26853e-08 0.000454992 0.000454994
20.7307 107.829 5.26853e-08 0.000457353 0.000457378
20.7708 107.379 5.26853e-08 0.000459759 0.000459784
20.8108 106.929 5.26853e-08 0.00046218 0.000462194
20.8509 106.478 5.26853e-08 0.000464634 0.000464635
20.8909 105.578 5.26853e-08 0.000467105 0.000467107
20.9309 105.128 5.26853e-08 0.000469603 0.000469642
20.971 104.678 5.26853e-08 0.000472141 0.000472141
21.011 104.227 5.26853e-08 0.000474688 0.000474688
21.0511 103.327 5.26853e-08 0.000477271 0.000477275
21.0911 102.877 5.26853e-08 0.000479866 0.000479874
21.1311 102.426 5.26853e-08 0.000482519 0.000482519
21.1712 101.976 5.26853e-08 0.000485155 0.000485201
21.2112 101.076 5.26853e-08 0.000487875 0.000487884
21.2513 100.626 5.26853e-08 0.000490608 0.000490608
21.2913 100.175 5.26853e-08 0.000493352 0.000493366
21.3313 99.7251 5.26853e-08 0.000496139 0.00049615
21.3714 98.8246 5.26853e-08 0.000498982 0.000498982
21.4114 98.3744 5.26853e-08 0.000501817 0.000501831
21.4515 97.9242 5.26853e-08 0.000504696 0.000504706
21.4915 97.4739 5.26853e-08 0.000507614 0.000507631
21.5315 96.5735 5.26853e-08 0.000510559 0.000510583
21.5716 96.1233 5.26853e-08 0.000513565 0.000513582
21.6116 95.673 5.26853e-08 0.000516572 0.000516583
21.6517 95.2228 5.26853e-08 0.000519655 0.000519655
21.6917 94.3223 5.26853e-08 0.000522751 0.000522751
21.7317 93.8721 5.26853e-08 0.000525859 0.000525859
21.7718 93.4219 5.26853e-08 0.000529021 0.000529036
21.8118 92.9717 5.26853e-08 0.000532227 0.000532249
21.8519 92.0712 5.26853e-08 0.000535492 0.000535513
21.8919 91.621 5.26853e-08 0.000538768 0.000538768
21.9319 91.1708 5.26853e-08 0.000542107 0.000542113
21.972 90.7205 5.26853e-08 0.00054546 0.000545469
22.012 89.8201 5.26853e-08 0.000548875 0.000548877
22.0521 89.3699 5.26853e-08 0.000552321 0.000552341
22.0921 88.9196 5.26853e-08 0.000555823 0.000555823
22.1321 88.4694 5.26853e-08 0.000559364 0.000559371
22.1722 87.569 5.26853e-08 0.000562955 0.000562955
22.2122 87.1187 5.26853e-08 0.000566599 0.000566599
22.2523 86.6685 5.26853e-08 0.000570238 0.000570272
22.2923 86.2183 5.26853e-08 0.000573987 0.000574011
22.3323 85.3178 5.26853e-08 0.000577774 0.000577777
22.3724 84.8676 5.26853e-08 0.000581591 0.00058161
22.4124 84.4174 5.26853e-08 0.000585469 0.000585469
22.4525 83.9671 5.26853e-08 0.000589392 0.000589416
22.4925 83.0667 5.26853e-08 0.000593378 0.000593378
22.5325 82.6165 5.26853e-08 0.000597421 0.000597433
22.5726 82.1662 5.26853e-08 0.000601494 0.000601518
22.6126 81.716 5.26853e-08 0.000605633 0.000605651
22.6527 80.8156 5.26853e-08 0.000609864 0.000609864
22.6927 80.3653 5.26853e-08 0.000614102 0.000614127
22.7327 79.9151 5.26853e-08 0.000618452 0.000618463
22.7728 79.2398 5.26853e-08 0.000622847 0.000622847
22.8128 78.5644 5.26853e-08 0.000627294 0.000627294
22.8529 78.1142 5.26853e-08 0.000631777 0.000631785
22.8929 77.664 5.26853e-08 0.000636379 0.000636379
22.9329 76.7635 5.26853e-08 0.000641041 0.000641041
22.973 76.3133 5.26853e-08 0.000645738 0.000645738
23.013 75.8631 5.26853e-08 0.000650493 0.000650493
23.0531 75.4129 5.26853e-08 0.000655337 0.000655349
23.0931 74.5124 5.26853e-08 0.000660281 0.000660284
23.1331 74.0622 5.26853e-08 0.000665268 0.000665284
23.1732 73.612 5.26853e-08 0.000670357 0.000670357
23.2132 73.1617 5.26853e-08 0.000675514 0.000675514
23.2533 72.2613 5.26853e-08 0.000680725 0.00068075
23.2933 71.811 5.26853e-08 0.000686046 0.000686046
23.3333 71.3608 5.26853e-08 0.000691431 0.000691451
23.3734 70.9106 5.26853e-08 0.000696923 0.000696925
23.4134 70.0101 5.26853e-08 0.00070248 0.000702481
23.4535 69.5599 5.26853e-08 0.000708147 0.000708147
23.4935 69.1097 5.26853e-08 0.000713881 0.000713891
23.5335 68.6595 5.26853e-08 0.000719721 0.000719767
23.5736 67.759 5.26853e-08 0.000725689 0.000725689
23.6136 67.3088 5.26853e-08 0.000731717 0.000731731
23.6537 66.8586 5.26853e-08 0.00073787 0.00073787
23.6937 66.4083 5.26853e-08 0.000744103 0.000744103
23.7337 65.5079 5.26853e-08 0.000750447 0.000750457
23.7738 65.0577 5.26853e-08 0.000756898 0.000756898
23.8138 64.6074 5.26853e-08 0.00076349 0.00076349
23.8539 64.1572 5.26853e-08 0.000770174 0.000770174
23.8939 63.2568 5.26853e-08 0.000776963 0.000776963
23.9339 62.8065 5.26853e-08 0.000783904 0.000783904
23.974 62.3563 5.26853e-08 0.000790947 0.000790947
24.014 61.9061 5.26853e-08 0.000798092 0.000798116
24.0541 61.0056 5.26853e-08 0.000805406 0.000805406
24.0941 60.5554 5.26853e-08 0.000812843 0.000812844
24.1341 60.1052 5.26853e-08 0.000820419 0.000820445
24.1742 59.6549 5.26853e-08 0.000828159 0.000828159
24.2142 58.7545 5.26853e-08 0.000836012 0.000836012
24.2543 58.3043 5.26853e-08 0.000844032 0.000844032
24.2943 57.854 5.26853e-08 0.000852217 0.000852217
24.3343 57.4038 5.26853e-08 0.000860551 0.000860551
24.3744 56.9536 5.26853e-08 0.000869025 0.000869025
24.4144 56.0531 5.26853e-08 0.000877674 0.000877675
24.4545 55.6029 5.26853e-08 0.000886507 0.000886524
24.4945 55.1527 5.26853e-08 0.000895505 0.000895534
24.5345 54.7025 5.26853e-08 0.000904736 0.000904736
24.5746 53.802 5.26853e-08 0.000914102 0.000914102
24.6146 53.3518 5.26853e-08 0.000923695 0.000923695
24.6547 52.9016 5.26853e-08 0.000933464 0.000933477
24.6947 52.4513 5.26853e-08 0.000943443 0.000943478
24.7347 51.5509 5.26853e-08 0.000953655 0.000953675
24.7748 51.1007 5.26853e-08 0.000964119 0.000964119
24.8148 50.6504 5.26853e-08 0.000974768 0.00097479
24.8549 50.2002 5.26853e-08 0.000985658 0.000985661
24.8949 49.2997 5.26853e-08 0.000996784 0.000996824
24.9349 48.8495 5.26853e-08 0.00100821 0.00100821
24.975 48.3993 5.26853e-08 0.00101984 0.00101984
25.015 47.9491 5.26853e-08 0.00103176 0.00103178
25.0551 47.0486 5.26853e-08 0.001044 0.001044
25.0951 46.5984 5.26853e-08 0.00105649 0.00105649
25.1351 46.1482 5.26853e-08 0.00106927 0.00106927
25.1752 45.6979 5.26853e-08 0.00108239 0.00108241
25.2152 44.7975 5.26853e-08 0.00109576 0.00109582
25.2553 44.3473 5.26853e-08 0.00110957 0.00110959
25.2953 43.897 5.26853e-08 0.00112371 0.00112371
25.3353 43.4468 5.26853e-08 0.00113818 0.0011382
25.3754 42.5464 5.26853e-08 0.00115302 0.00115303
25.4154 42.0961 5.26853e-08 0.00116828 0.00116828
25.4555 41.6459 5.26853e-08 0.00118392 0.00118394
25.4955 41.1957 5.26853e-08 0.00119996 0.00119998
25.5355 40.2952 5.26853e-08 0.00121646 0.00121648
25.5756 39.845 5.26853e-08 0.00123342 0.00123343
25.6156 39.3948 5.26853e-08 0.00125086 0.00125088
25.6557 38.9445 5.26853e-08 0.00126881 0.00126883
25.6957 38.0441 5.26853e-08 0.00128724 0.00128725
25.7357 37.5939 5.26853e-08 0.00130621 0.00130623
25.7758 37.1436 5.26853e-08 0.00132576 0.00132576
25.8158 36.6934 5.26853e-08 0.00134588 0.00134588
25.8559 35.793 5.26853e-08 0.0013666 0.0013666
25.8959 35.3427 5.26853e-08 0.001388 0.00138802
25.9359 34.8925 5.26853e-08 0.00141005 0.00141007
25.976 34.4423 5.26853e-08 0.00143282 0.00143283
26.016 33.5418 5.26853e-08 0.00145633 0.00145633
26.0561 33.0916 5.26853e-08 0.00148058 0.00148058
26.0961 32.6414 5.26853e-08 0.00150563 0.00150565
26.1361 32.1912 5.26853e-08 0.00153158 0.00153158
26.1762 31.7409 5.26853e-08 0.00155841 0.00155841
26.2162 30.8405 5.26853e-08 0.00158615 0.00158617
26.2563 30.3903 5.26853e-08 0.00161488 0.00161491
26.2963 29.94 5.26853e-08 0.0016447 0.0016447
26.3363 29.4898 5.26853e-08 0.00167562 0.00167562
26.3764 28.5894 5.26853e-08 0.00170764 0.00170764
26.4164 28.1391 5.26853e-08 0.00174095 0.00174096
26.4565 27.6889 5.26853e-08 0.00177552 0.00177552
26.4965 27.2387 5.26853e-08 0.00181144 0.00181144
26.5365 26.3382 5.26853e-08 0.00184885 0.00184887
26.5766 25.888 5.26853e-08 0.00188779 0.00188779
26.6166 25.4378 5.26853e-08 0.00192841 0.00192841
26.6567 24.9875 5.26853e-08 0.00197067 0.00197067
26.6967 24.5373 5.26853e-08 0.00201484 0.00201485
26.7367 23.6369 5.26853e-08 0.00206094 0.00206096
26.7768 23.1866 5.26853e-08 0.00210918 0.00210921
26.8168 22.7364 5.26853e-08 0.00215966 0.00215968
26.8569 22.2862 5.26853e-08 0.00221251 0.00221252
26.8969 21.3857 5.26853e-08 0.00226791 0.00226791
26.9369 20.9355 5.26853e-08 0.00232606 0.0023261
26.977 20.4853 5.26853e-08 0.0023872 0.0023872
27.017 20.0351 5.26853e-08 0.00245148 0.00245148
27.0571 19.5848 5.26853e-08 0.00251916 0.00251919
27.0971 18.6844 5.26853e-08 0.00259054 0.00259054
27.1371 18.2342 5.26853e-08 0.00266579 0.00266579
27.1772 17.7839 5.26853e-08 0.00274535 0.00274537
27.2172 17.3337 5.26853e-08 0.00282956 0.00282956
27.2573 16.8835 5.26853e-08 0.00291878 0.00291879
27.2973 15.983 5.26853e-08 0.00301338 0.00301338
27.3373 15.5328 5.26853e-08 0.00311394 0.00311394
27.3774 15.0826 5.26853e-08 0.00322091 0.00322091
27.4174 14.6323 5.26853e-08 0.00333494 0.00333494
27.4575 14.1821 5.26853e-08 0.00345657 0.00345657
27.4975 13.7319 5.26853e-08 0.00358652 0.00358652
27.5375 13.2817 5.26853e-08 0.00372559 0.00372559
27.5776 12.3812 5.26853e-08 0.00387461 0.00387461
27.6176 11.931 5.26853e-08 0.00403444 0.00403446
27.6577 11.4808 5.26853e-08 0.00420621 0.00420622
27.6977 11.0305 5.26853e-08 0.00439087 0.00439088
27.7377 10.5803 5.26853e-08 0.00458958 0.00458958
27.7778 10.1301 5.26853e-08 0.00480346 0.00480346
27.8178 9.67986 5.26853e-08 0.0050336 0.0050336
27.8579 9.22963 5.26853e-08 0.00528111 0.00528111
27.8979 8.77941 5.26853e-08 0.00554675 0.00554678
27.9379 8.32918 5.26853e-08 0.00583106 0.00583106
27.978 7.87896 5.26853e-08 0.00613379 0.00613379
28.018 7.42873 5.26853e-08 0.00645387 0.00645387
28.0581 6.9785 5.26853e-08 0.00678892 0.00678892
28.0981 6.52828 5.26853e-08 0.00713438 0.00713438
28.1381 6.52828 5.26853e-08 0.00748348 0.00748348
28.1782 6.07805 5.26853e-08 0.00782621 0.00782621
28.2182 5.62783 5.26853e-08 0.00814947 0.00814947
28.2583 5.62783 5.26853e-08 0.00843706 0.00843706
28.2983 5.62783 5.26853e-08 0.00867128 0.00867128
28.3383 5.1776 5.26853e-08 0.008835 0.008835
28.3784 5.1776 5.26853e-08 0.00891469 0.00891469
28.4184 5.1776 5.26853e-08 0.00890324 0.00890324
28.4585 5.1776 5.26853e-08 0.00880171 0.00880171
28.4985 5.62783 5.26853e-08 0.00861898 0.00861898
28.5385 5.62783 5.26853e-08 0.00836979 0.00836979
28.5786 6.07805 5.26853e-08 0.0080717 0.0080717
28.6186 6.07805 5.26853e-08 0.00774221 0.00774221
28.6587 6.52828 5.26853e-08 0.00739681 0.00739681
28.6987 6.9785 5.26853e-08 0.00704776 0.00704776
28.7387 6.9785 5.26853e-08 0.00670435 0.00670435
28.7788 7.42873 5.26853e-08 0.00637272 0.00637274
28.8188 7.87896 5.26853e-08 0.00605675 0.00605683
28.8589 8.32918 5.26853e-08 0.00575856 0.00575858
28.8989 8.77941 5.26853e-08 0.00547894 0.00547894
28.9389 9.22963 5.26853e-08 0.00521784 0.00521784
28.979 9.67986 5.26853e-08 0.00497475 0.00497477
29.019 10.1301 5.26853e-08 0.0047487 0.00474872
29.0591 10.5803 5.26853e-08 0.00453871 0.00453871
29.0991 11.0305 5.26853e-08 0.00434362 0.00434363
29.1391 11.4808 5.26853e-08 0.0041623 0.00416232
29.1792 12.3812 5.26853e-08 0.00399362 0.00399362
29.2192 12.8314 5.26853e-08 0.00383648 0.00383651
29.2593 13.2817 5.26853e-08 0.00369008 0.00369008
29.2993 13.7319 5.26853e-08 0.00355331 0.00355333
29.3393 14.1821 5.26853e-08 0.0034255 0.00342552
29.3794 14.6323 5.26853e-08 0.00330586 0.00330586
29.4194 15.0826 5.26853e-08 0.00319365 0.00319368
29.4595 15.983 5.26853e-08 0.00308835 0.00308835
29.4995 16.4332 5.26853e-08 0.00298931 0.00298931
29.5395 16.8835 5.26853e-08 0.00289605 0.00289606
29.5796 17.3337 5.26853e-08 0.00280815 0.00280815
29.6196 17.7839 5.26853e-08 0.00272508 0.0027251
29.6597 18.6844 5.26853e-08 0.00264661 0.00264664
29.6997 19.1346 5.26853e-08 0.00257235 0.00257235
29.7397 19.5848 5.26853e-08 0.00250196 0.00250196
29.7798 20.0351 5.26853e-08 0.00243517 0.00243517
29.8198 20.4853 5.26853e-08 0.0023717 0.00237171
29.8599 21.3857 5.26853e-08 0.00231134 0.00231137
29.8999 21.836 5.26853e-08 0.00225387 0.00225387
29.9399 22.2862 5.26853e-08 0.00219912 0.00219912
29.98 22.7364 5.26853e-08 0.00214688 0.00214688
30.02 23.1866 5.26853e-08 0.00209698 0.00209698
30.0601 24.0871 5.26853e-08 0.00204928 0.00204929
30.1001 24.5373 5.26853e-08 0.00200365 0.00200367
30.1401 24.9875 5.26853e-08 0.00195997 0.00195997
30.1802 25.4378 5.26853e-08 0.00191814 0.00191814
30.2202 26.3382 5.26853e-08 0.00187797 0.00187797
30.2603 26.7884 5.26853e-08 0.00183938 0.00183941
30.3003 27.2387 5.26853e-08 0.00180238 0.00180238
30.3403 27.6889 5.26853e-08 0.00176676 0.00176677
30.3804 28.1391 5.26853e-08 0.00173251 0.00173252
30.4204 29.0396 5.26853e-08 0.00169956 0.00169956
30.4605 29.4898 5.26853e-08 0.00166782 0.00166783
30.5005 29.94 5.26853e-08 0.00163716 0.00163718
30.5405 30.3903 5.26853e-08 0.00160765 0.00160765
30.5806 31.2907 5.26853e-08 0.00157914 0.00157915
30.6206 31.7409 5.26853e-08 0.00155163 0.00155163
30.6607 32.1912 5.26853e-08 0.00152504 0.00152505
30.7007 32.6414 5.26853e-08 0.00149933 0.00149934
30.7407 33.5418 5.26853e-08 0.00147445 0.00147445
30.7808 33.9921 5.26853e-08 0.00145037 0.00145039
30.8208 34.4423 5.26853e-08 0.00142706 0.00142706
30.8609 34.8925 5.26853e-08 0.0014045 0.00140452
30.9009 35.793 5.26853e-08 0.0013826 0.0013826
30.9409 36.2432 5.26853e-08 0.00136137 0.00136138
30.981 36.6934 5.26853e-08 0.00134077 0.00134078
31.021 37.1436 5.26853e-08 0.00132082 0.00132082
31.0611 37.5939 5.26853e-08 0.00130142 0.00130144
31.1011 38.4943 5.26853e-08 0.0012826 0.0012826
31.1411 38.9445 5.26853e-08 0.00126425 0.00126425
31.1812 39.3948 5.26853e-08 0.00124643 0.00124651
31.2212 39.845 5.26853e-08 0.00122914 0.00122914
31.2613 40.7455 5.26853e-08 0.00121233 0.00121233
31.3013 41.1957 5.26853e-08 0.00119595 0.00119595
31.3413 41.6459 5.26853e-08 0.00117995 0.00117995
31.3814 42.0961 5.26853e-08 0.00116443 0.00116443
31.4214 42.9966 5.26853e-08 0.0011493 0.0011493
31.4615 43.4468 5.26853e-08 0.0011345 0.00113457
31.5015 43.897 5.26853e-08 0.00112012 0.00112012
31.5415 44.3473 5.26853e-08 0.00110609 0.0011061
31.5816 45.2477 5.26853e-08 0.00109241 0.00109243
31.6216 45.6979 5.26853e-08 0.0010791 0.0010791
31.6617 46.1482 5.26853e-08 0.00106602 0.00106605
31.7017 46.5984 5.26853e-08 0.00105333 0.00105334
31.7417 47.4988 5.26853e-08 0.00104089 0.00104089
31.7818 47.9491 5.26853e-08 0.00102878 0.00102878
31.8218 48.3993 5.26853e-08 0.00101691 0.00101691
31.8619 48.8495 5.26853e-08 0.00100534 0.00100534
31.9019 49.75 5.26853e-08 0.000994023 0.000994024
31.9419 50.2002 5.26853e-08 0.000982886 0.000982934
31.982 50.6504 5.26853e-08 0.000972089 0.000972089
32.022 51.1007 5.26853e-08 0.000961452 0.000961492
32.0621 52.0011 5.26853e-08 0.000951126 0.000951126
32.1021 52.4513 5.26853e-08 0.000940935 0.000940935
32.1421 52.9016 5.26853e-08 0.000930996 0.000931009
32.1822 53.3518 5.26853e-08 0.000921262 0.000921285
32.2222 54.2522 5.26853e-08 0.000911752 0.000911768
32.2623 54.7025 5.26853e-08 0.000902422 0.000902422
32.3023 55.1527 5.26853e-08 0.000893239 0.000893239
32.3423 55.6029 5.26853e-08 0.000884295 0.0008843
32.3824 56.5034 5.26853e-08 0.000875509 0.000875509
32.4224 56.9536 5.26853e-08 0.000866901 0.000866901
32.4625 57.4038 5.26853e-08 0.000858456 0.000858456
32.5025 57.854 5.26853e-08 0.000850131 0.000850169
32.5425 58.7545 5.26853e-08 0.000841999 0.000842015
32.5826 59.2047 5.26853e-08 0.000834043 0.000834043
32.6226 59.6549 5.26853e-08 0.000826189 0.000826189
32.6627 60.1052 5.26853e-08 0.00081851 0.00081851
32.7027 61.0056 5.26853e-08 0.000810992 0.000811027
32.7427 61.4558 5.26853e-08 0.000803566 0.000803566
32.7828 61.9061 5.26853e-08 0.000796302 0.000796303
32.8228 62.3563 5.26853e-08 0.00078912 0.00078917
32.8629 63.2568 5.26853e-08 0.000782141 0.000782154
32.9029 63.707 5.26853e-08 0.000775288 0.000775288
32.9429 64.1572 5.26853e-08 0.00076851 0.000768521
32.983 64.6074 5.26853e-08 0.000761848 0.000761856
33.023 65.5079 5.26853e-08 0.000755237 0.000755315
33.0631 65.9581 5.26853e-08 0.00074884 0.00074884
33.1031 66.4083 5.26853e-08 0.000742547 0.000742571
33.1431 66.8586 5.26853e-08 0.000736307 0.000736334
33.1832 67.759 5.26853e-08 0.000730222 0.000730231
33.2232 68.2092 5.26853e-08 0.000724201 0.000724201
33.2633 68.6595 5.26853e-08 0.000718285 0.000718285
33.3033 69.1097 5.26853e-08 0.000712462 0.000712471
33.3433 70.0101 5.26853e-08 0.000706745 0.000706745
33.3834 70.4604 5.26853e-08 0.000701078 0.000701106
33.4234 70.9106 5.26853e-08 0.000695529 0.000695538
33.4635 71.3608 5.26853e-08 0.000690048 0.000690092
33.5035 72.2613 5.26853e-08 0.000684728 0.000684728
33.5435 72.7115 5.26853e-08 0.000679446 0.000679454
33.5836 73.1617 5.26853e-08 0.000674192 0.000674217
33.6236 73.612 5.26853e-08 0.000669056 0.000669066
33.6637 74.5124 5.26853e-08 0.000664011 0.000664011
33.7037 74.9626 5.26853e-08 0.000659024 0.000659036
33.7437 75.4129 5.26853e-08 0.000654119 0.000654139
33.7838 75.8631 5.26853e-08 0.000649289 0.000649289
33.8238 76.7635 5.26853e-08 0.000644563 0.000644586
33.8639 77.2138 5.26853e-08 0.000639862 0.000639862
33.9039 77.664 5.26853e-08 0.000635234 0.000635243
33.9439 78.1142 5.26853e-08 0.000630665 0.000630666
33.984 79.0147 5.26853e-08 0.000626131 0.000626138
34.024 79.4649 5.26853e-08 0.000621735 0.000621756
34.0641 79.9151 5.26853e-08 0.000617406 0.000617406
34.1041 80.3653 5.26853e-08 0.000613089 0.000613089
34.1441 81.2658 5.26853e-08 0.000608823 0.000608823
34.1842 81.716 5.26853e-08 0.000604629 0.000604636
34.2242 82.1662 5.26853e-08 0.000600483 0.000600488
34.2643 82.6165 5.26853e-08 0.0005964 0.0005964
34.3043 83.5169 5.26853e-08 0.00059238 0.000592388
34.3443 83.9671 5.26853e-08 0.000588441 0.000588444
34.3844 84.4174 5.26853e-08 0.000584486 0.000584503
34.4244 84.8676 5.26853e-08 0.000580638 0.000580654
34.4645 85.7681 5.26853e-08 0.000576835 0.000576835
34.5045 86.2183 5.26853e-08 0.00057307 0.000573088
34.5445 86.6685 5.26853e-08 0.000569365 0.000569374
34.5846 87.1187 5.26853e-08 0.00056569 0.000565697
34.6246 88.0192 5.26853e-08 0.00056205 0.000562086
34.6647 88.4694 5.26853e-08 0.000558522 0.000558522
34.7047 88.9196 5.26853e-08 0.000554967 0.000554967
34.7447 89.3699 5.26853e-08 0.000551452 0.000551452
34.7848 90.2703 5.26853e-08 0.000548012 0.000548061
34.8248 90.7205 5.26853e-08 0.000544652 0.000544672
34.8649 91.1708 5.26853e-08 0.000541258 0.000541281
34.9049 91.621 5.26853e-08 0.000537959 0.000537969
34.9449 92.5214 5.26853e-08 0.000534689 0.000534698
34.985 92.9717 5.26853e-08 0.000531438 0.000531447
35.025 93.4219 5.26853e-08 0.000528255 0.000528278
35.0651 93.8721 5.26853e-08 0.000525105 0.000525111
35.1051 94.7726 5.26853e-08 0.000521973 0.000521973
35.1451 95.2228 5.26853e-08 0.0005189 0.0005189
35.1852 95.673 5.26853e-08 0.000515837 0.000515837
35.2252 96.1233 5.26853e-08 0.000512816 0.000512839
35.2653 97.0237 5.26853e-08 0.000509838 0.000509838
35.3053 97.4739 5.26853e-08 0.000506914 0.000506937
35.3453 97.9242 5.26853e-08 0.000503952 0.000503981
35.3854 98.3744 5.26853e-08 0.000501109 0.000501109
35.4254 99.2748 5.26853e-08 0.00049826 0.000498271
35.4655 99.7251 5.26853e-08 0.00049547 0.000495484
35.5055 100.175 5.26853e-08 0.000492684 0.000492684
35.5455 100.626 5.26853e-08 0.000489961 0.000489961
35.5856 101.526 5.26853e-08 0.000487208 0.000487221
35.6256 101.976 5.26853e-08 0.000484527 0.000484527
35.6657 102.426 5.26853e-08 0.000481846 0.000481846
35.7057 102.877 5.26853e-08 0.000479231 0.000479231
35.7457 103.777 5.26853e-08 0.000476616 0.000476637
35.7858 104.227 5.26853e-08 0.000474054 0.000474054
35.8258 104.678 5.26853e-08 0.000471494 0.000471513
35.8659 105.128 5.26853e-08 0.000468993 0.000468993
35.9059 106.028 5.26853e-08 0.000466484 0.000466506
35.9459 106.478 5.26853e-08 0.000464 0.000464018
35.986 106.929 5.26853e-08 0.000461562 0.000461612
36.026 107.379 5.26853e-08 0.000459155 0.000459174
36.0661 108.279 5.26853e-08 0.000456777 0.000456777
36.1061 108.73 5.26853e-08 0.00045441 0.000454435
36.1461 109.18 5.26852e-08 0.000452074 0.000452076
36.1862 109.63 5.26852e-08 0.000449725 0.000449786
36.2262 110.53 5.26852e-08 0.000447484 0.000447484
36.2663 110.981 5.26852e-08 0.000445186 0.000445211
36.3063 111.431 5.26852e-08 0.000442925 0.000442937
36.3463 111.881 5.26852e-08 0.000440758 0.000440758
36.3864 112.782 5.26852e-08 0.000438541 0.000438541
36.4264 113.232 5.26852e-08 0.000436344 0.000436344
36.4665 113.682 5.26851e-08 0.000434165 0.000434174
36.5065 114.132 5.26851e-08 0.000432061 0.000432061
36.5465 115.033 5.26851e-08 0.000429926 0.000429926
36.5866 115.483 5.26851e-08 0.000427849 0.000427849
36.6266 115.933 5.2685e-08 0.000425773 0.000425773
36.6667 116.383 5.2685e-08 0.000423688 0.000423733
36.7067 117.284 5.2685e-08 0.000421644 0.000421664
36.7467 117.734 5.26849e-08 0.00041965 0.000419665
36.7868 118.184 5.26849e-08 0.000417644 0.000417644
36.8268 118.635 5.26849e-08 0.00041569 0.000415694
36.8669 119.535 5.26848e-08 0.000413741 0.000413741
36.9069 119.985 5.26848e-08 0.000411735 0.000411781
36.9469 120.435 5.26847e-08 0.000409854 0.000409864
36.987 120.886 5.26847e-08 0.000407941 0.000407951
37.027 121.786 5.26846e-08 0.000406045 0.000406053
37.0671 122.236 5.26845e-08 0.000404162 0.000404171
37.1071 122.687 5.26844e-08 0.000402317 0.000402344
37.1471 123.362 5.26844e-08 0.00040049 0.000400495
37.1872 124.037 5.26843e-08 0.000398662 0.000398677
37.2272 124.487 5.26842e-08 0.000396861 0.000396865
37.2673 124.938 5.26841e-08 0.000395064 0.000395088
37.3073 125.613 5.2684e-08 0.000393331 0.000393331
37.3473 126.288 5.26839e-08 0.000391531 0.000391562
37.3874 126.739 5.26837e-08 0.000389809 0.000389812
37.4274 127.189 5.26836e-08 0.000388096 0.000388096
37.4675 128.089 5.26835e-08 0.000386403 0.000386403
37.5075 128.54 5.26833e-08 0.000384677 0.000384697
37.5475 128.99 5.26832e-08 0.000383 0.000383013
37.5876 129.44 5.2683e-08 0.000381333 0.000381353
37.6276 130.34 5.26828e-08 0.000379692 0.000379692
37.6677 130.791 5.26826e-08 0.000378056 0.000378056
37.7077 131.241 5.26824e-08 0.000376392 0.000376446
37.7477 131.691 5.26822e-08 0.000374815 0.000374822
37.7878 132.592 5.26819e-08 0.000373228 0.00037324
37.8278 133.042 5.26817e-08 0.000371646 0.000371646
37.8679 133.492 5.26814e-08 0.000370097 0.000370097
37.9079 133.942 5.26811e-08 0.000368533 0.000368541
37.9479 134.843 5.26808e-08 0.000366974 0.000367003
37.988 135.293 5.26805e-08 0.000365454 0.000365454
38.028 135.743 5.26802e-08 0.000363934 0.000363955
38.0681 136.193 5.26798e-08 0.000362447 0.000362465
38.1081 137.094 5.26795e-08 0.000360955 0.000360964
38.1481 137.544 5.26791e-08 0.000359442 0.000359476
38.1882 137.994 5.26787e-08 0.00035801 0.00035801
38.2282 138.444 5.26782e-08 0.000356536 0.000356536
38.2683 139.345 5.26778e-08 0.000355094 0.000355094
38.3083 139.795 5.26773e-08 0.00035364 0.000353664
38.3483 140.245 5.26768e-08 0.000352238 0.000352242
38.3884 140.696 5.26763e-08 0.000350826 0.00035083
38.4284 141.596 5.26757e-08 0.000349433 0.000349453
38.4685 142.046 5.26751e-08 0.000348053 0.000348054
38.5085 142.497 5.26745e-08 0.000346701 0.000346706
38.5485 142.947 5.26739e-08 0.000345357 0.000345357
38.5886 143.847 5.26732e-08 0.000343969 0.000343969
38.6286 144.297 5.26725e-08 0.000342607 0.000342624
38.6687 144.748 5.26718e-08 0.000341301 0.000341309
38.7087 145.198 5.2671e-08 0.000339948 0.000339976
38.7487 146.098 5.26702e-08 0.000338643 0.000338649
38.7888 146.549 5.26694e-08 0.000337381 0.000337381
38.8288 146.999 5.26685e-08 0.000336074 0.000336085
38.8689 147.449 5.26676e-08 0.000334781 0.000334782
38.9089 148.349 5.26666e-08 0.000333489 0.000333494
38.9489 148.8 5.26656e-08 0.000332228 0.000332263
38.989 149.25 5.26646e-08 0.000330965 0.000330992
39.029 149.7 5.26635e-08 0.000329701 0.000329756
39.0691 150.601 5.26624e-08 0.000328509 0.000328519
39.1091 151.051 5.26613e-08 0.000327275 0.000327287
39.1491 151.501 5.26601e-08 0.000326043 0.000326062
39.1892 151.951 5.26588e-08 0.000324848 0.000324856
39.2292 152.852 5.26575e-08 0.000323643 0.000323643
39.2693 153.302 5.26562e-08 0.000322453 0.00032246
39.3093 153.752 5.26548e-08 0.000321284 0.000321286
39.3493 154.202 5.26533e-08 0.000320132 0.000320132
39.3894 155.103 5.26518e-08 0.000318972 0.000318976
39.4294 155.553 5.26503e-08 0.000317821 0.000317821
39.4695 156.003 5.26487e-08 0.000316656 0.000316656
39.5095 156.454 5.2647e-08 0.000315517 0.000315517
39.5495 157.354 5.26453e-08 0.000314375 0.000314379
39.5896 157.804 5.26435e-08 0.000313246 0.000313254
39.6296 158.254 5.26416e-08 0.000312147 0.000312147
39.6697 158.705 5.26397e-08 0.000311022 0.000311036
39.7097 159.605 5.26378e-08 0.000309902 0.000309934
39.7497 160.055 5.26357e-08 0.000308834 0.000308834
39.7898 160.506 5.26337e-08 0.000307721 0.000307748
39.8298 160.956 5.26315e-08 0.000306689 0.000306689
39.8699 161.856 5.26293e-08 0.000305578 0.000305631
39.9099 162.306 5.2627e-08 0.000304559 0.000304559
39.9499 162.757 5.26246e-08 0.000303496 0.000303504
39.99 163.207 5.26222e-08 0.000302434 0.000302473
40.03 164.107 5.26197e-08 0.000301405 0.000301405
40.0701 164.558 5.26171e-08 0.000300385 0.00030039
40.1101 165.008 5.26144e-08 0.000299326 0.000299355
40.1502 165.908 5.26117e-08 0.000298316 0.000298339
40.1902 166.359 5.26089e-08 0.000297324 0.00029734
40.2302 166.809 5.2606e-08 0.00029631 0.000296314
40.2703 167.259 5.2603e-08 0.000295348 0.000295348
40.3103 167.709 5.26e-08 0.00029431 0.000294343
40.3504 168.61 5.25968e-08 0.000293347 0.000293347
40.3904 169.06 5.25936e-08 0.000292358 0.000292374
40.4304 169.51 5.25903e-08 0.000291382 0.000291394
40.4705 170.411 5.25869e-08 0.000290423 0.000290423
40.5105 170.861 5.25834e-08 0.000289446 0.000289472
40.5506 171.311 5.25799e-08 0.000288505 0.000288527
40.5906 171.761 5.25762e-08 0.000287557 0.000287568
40.6306 172.662 5.25725e-08 0.000286633 0.000286646
40.6707 173.112 5.25686e-08 0.000285706 0.000285708
40.7107 173.562 5.25647e-08 0.000284763 0.000284769
40.7508 174.012 5.25607e-08 0.000283848 0.000283866
40.7908 174.913 5.25566e-08 0.000282938 0.000282938
40.8308 175.363 5.25523e-08 0.000282009 0.00028203
40.8709 175.813 5.2548e-08 0.000281137 0.000281137
40.9109 176.263 5.25436e-08 0.000280194 0.00028022
40.951 177.164 5.25391e-08 0.000279313 0.000279316
40.991 177.614 5.25345e-08 0.000278438 0.000278439
41.031 178.064 5.25298e-08 0.000277557 0.000277562
41.0711 178.515 5.2525e-08 0.000276678 0.000276696
41.1111 179.415 5.252e-08 0.000275802 0.000275813
41.1512 179.865 5.2515e-08 0.000274923 0.000274959
41.1912 180.316 5.25099e-08 0.0002741 0.0002741
41.2312 180.766 5.25046e-08 0.000273201 0.000273239
41.2713 181.666 5.24993e-08 0.000272376 0.000272377
41.3113 182.116 5.24938e-08 0.000271534 0.000271535
41.3514 182.567 5.24882e-08 0.000270687 0.000270695
41.3914 183.017 5.24826e-08 0.000269886 0.000269886
41.4314 183.917 5.24768e-08 0.000269023 0.000269053
41.4715 184.368 5.24709e-08 0.000268214 0.000268222
41.5115 184.818 5.24648e-08 0.000267387 0.000267405
41.5516 185.268 5.24587e-08 0.000266579 0.000266579
41.5916 186.168 5.24524e-08 0.000265742 0.000265776
41.6316 186.619 5.24461e-08 0.000264967 0.000264979
41.6717 187.069 5.24396e-08 0.000264169 0.000264169
41.7117 187.519 5.2433e-08 0.000263385 0.000263389
41.7518 188.42 5.24263e-08 0.000262595 0.000262605
41.7918 188.87 5.24194e-08 0.000261805 0.000261811
41.8318 189.32 5.24124e-08 0.000261006 0.00026102
41.8719 189.77 5.24054e-08 0.000260257 0.000260271
41.9119 190.671 5.23982e-08 0.000259493 0.000259493
41.952 191.121 5.23908e-08 0.000258717 0.000258725
41.992 191.571 5.23834e-08 0.000257959 0.000257966
42.032 192.021 5.23758e-08 0.000257194 0.00025721
42.0721 192.922 5.23681e-08 0.000256428 0.000256464
42.1121 193.372 5.23602e-08 0.000255684 0.000255689
42.1522 193.822 5.23523e-08 0.000254959 0.000254961
42.1922 194.273 5.23442e-08 0.000254221 0.000254221
42.2322 195.173 5.2336e-08 0.000253473 0.000253482
42.2723 195.623 5.23276e-08 0.00025275 0.000252755
42.3123 196.073 5.23192e-08 0.000252017 0.000252033
42.3524 196.524 5.23106e-08 0.000251284 0.000251302
42.3924 197.424 5.23018e-08 0.000250579 0.000250593
42.4324 197.874 5.2293e-08 0.00024986 0.000249876
42.4725 198.325 5.2284e-08 0.000249155 0.000249159
42.5125 198.775 5.22749e-08 0.000248442 0.000248446
42.5526 199.675 5.22656e-08 0.000247777 0.000247777
42.5926 200.125 5.22562e-08 0.000247053 0.000247055
42.6326 200.576 5.22467e-08 0.00024636 0.00024636
42.6727 201.026 5.2237e-08 0.000245675 0.000245675
42.7127 201.926 5.22272e-08 0.000244962 0.000245004
42.7528 202.377 5.22173e-08 0.0002443 0.000244326
42.7928 202.827 5.22072e-08 0.000243636 0.000243636
42.8328 203.502 5.2197e-08 0.000242946 0.000242948
42.8729 204.177 5.21867e-08 0.00024228 0.00024228
42.9129 204.628 5.21762e-08 0.000241617 0.000241635
42.953 205.078 5.21656e-08 0.000240954 0.000240957
42.993 205.753 5.21549e-08 0.000240281 0.000240285
43.033 206.429 5.2144e-08 0.000239654 0.000239654
43.0731 206.879 5.2133e-08 0.000238995 0.000238995
43.1131 207.329 5.21218e-08 0.000238331 0.000238331
43.1532 208.004 5.21105e-08 0.00023768 0.000237698
43.1932 208.68 5.20991e-08 0.000237031 0.000237053
43.2332 209.13 5.20875e-08 0.000236387 0.000236407
43.2733 209.58 5.20758e-08 0.000235759 0.000235759
43.3133 210.481 5.2064e-08 0.00023513 0.00023513
43.3534 210.931 5.2052e-08 0.000234493 0.000234508
43.3934 211.381 5.20399e-08 0.000233875 0.000233897
43.4334 211.831 5.20276e-08 0.000233249 0.000233268
43.4735 212.732 5.20152e-08 0.000232639 0.00023264
43.5135 213.182 5.20027e-08 0.000232002 0.000232044
43.5536 213.632 5.199e-08 0.000231401 0.000231408
43.5936 214.082 5.19772e-08 0.000230778 0.00023081
43.6336 214.983 5.19642e-08 0.000230198 0.000230214
43.6737 215.433 5.19511e-08 0.000229579 0.000229604
43.7137 215.883 5.19379e-08 0.000228975 0.000228995
43.7538 216.334 5.19245e-08 0.000228393 0.000228393
43.7938 217.234 5.1911e-08 0.000227799 0.000227827
43.8338 217.684 5.18973e-08 0.000227208 0.000227219
43.8739 218.134 5.18835e-08 0.000226618 0.000226628
43.9139 218.585 5.18696e-08 0.000226031 0.000226041
43.954 219.485 5.18555e-08 0.000225447 0.000225466
43.994 219.935 5.18413e-08 0.000224861 0.000224881
44.034 220.386 5.1827e-08 0.000224313 0.000224313
44.0741 220.836 5.18125e-08 0.000223731 0.00022374
44.1141 221.736 5.17979e-08 0.000223154 0.000223169
44.1542 222.187 5.17831e-08 0.000222588 0.000222597
44.1942 222.637 5.17682e-08 0.000222027 0.000222033
44.2342 223.087 5.17531e-08 0.000221465 0.00022148
44.2743 223.987 5.17379e-08 0.00022093 0.00022093
44.3143 224.438 5.17226e-08 0.000220353 0.00022038
44.3544 224.888 5.17072e-08 0.000219799 0.000219815
44.3944 225.338 5.16915e-08 0.000219241 0.000219247
44.4344 226.239 5.16758e-08 0.000218713 0.000218713
44.4745 226.689 5.16599e-08 0.000218156 0.000218178
44.5145 227.139 5.16439e-08 0.000217623 0.000217629
44.5546 227.589 5.16278e-08 0.000217063 0.00021709
44.5946 228.49 5.16115e-08 0.000216559 0.000216559
44.6346 228.94 5.15951e-08 0.000215997 0.000216022
44.6747 229.39 5.15785e-08 0.000215469 0.000215487
44.7147 229.84 5.15618e-08 0.000214968 0.000214968
44.7548 230.741 5.1545e-08 0.000214423 0.000214433
44.7948 231.191 5.1528e-08 0.00021392 0.00021392
44.8348 231.641 5.15109e-08 0.000213373 0.000213395
44.8749 232.092 5.14937e-08 0.000212874 0.000212874
44.9149 232.992 5.14763e-08 0.00021234 0.000212359
44.955 233.442 5.14588e-08 0.000211832 0.000211844
44.995 233.892 5.14412e-08 0.00021133 0.000211336
45.035 234.343 5.14234e-08 0.000210809 0.000210821
45.0751 235.243 5.14055e-08 0.000210314 0.000210333
45.1151 235.693 5.13874e-08 0.000209818 0.000209819
45.1552 236.144 5.13693e-08 0.000209311 0.000209311
45.1952 236.594 5.1351e-08 0.000208802 0.000208813
45.2352 237.494 5.13325e-08 0.000208327 0.000208327
45.2753 237.944 5.1314e-08 0.000207822 0.000207828
45.3153 238.395 5.12953e-08 0.000207311 0.000207337
45.3554 239.295 5.12765e-08 0.000206837 0.000206858
45.3954 239.745 5.12575e-08 0.000206342 0.000206359
45.4354 240.196 5.12384e-08 0.000205861 0.000205878
45.4755 240.646 5.12192e-08 0.000205374 0.000205401
45.5155 241.096 5.11999e-08 0.000204893 0.000204914
45.5556 241.996 5.11804e-08 0.000204426 0.000204433
45.5956 242.447 5.11608e-08 0.000203944 0.000203974
45.6356 242.897 5.11411e-08 0.000203481 0.000203496
45.6757 243.347 5.11212e-08 0.000203006 0.000203024
45.7157 244.248 5.11013e-08 0.000202537 0.000202544
45.7558 244.698 5.10812e-08 0.000202076 0.000202083
45.7958 245.148 5.10609e-08 0.000201572 0.000201618
45.8358 245.823 5.10406e-08 0.00020113 0.000201158
45.8759 246.499 5.10201e-08 0.000200683 0.0002007
45.9159 246.949 5.09995e-08 0.000200204 0.000200249
45.956 247.399 5.09788e-08 0.000199755 0.00019977
45.996 248.075 5.0958e-08 0.000199331 0.000199331
46.036 248.75 5.0937e-08 0.00019885 0.000198866
46.0761 249.2 5.09159e-08 0.000198405 0.000198419
46.1161 249.65 5.08947e-08 0.000197969 0.000197972
46.1562 250.551 5.08734e-08 0.000197507 0.000197523
46.1962 251.001 5.0852e-08 0.000197093 0.000197093
46.2362 251.451 5.08304e-08 0.000196633 0.000196647
46.2763 251.901 5.08087e-08 0.000196188 0.000196195
46.3163 252.577 5.07869e-08 0.000195756 0.000195791
46.3564 253.252 5.0765e-08 0.000195324 0.000195324
46.3964 253.702 5.0743e-08 0.000194884 0.000194903
46.4364 254.153 5.07208e-08 0.000194442 0.000194472
46.4765 255.053 5.06986e-08 0.000194029 0.000194033
46.5165 255.503 5.06762e-08 0.000193596 0.000193615
46.5566 255.953 5.06537e-08 0.000193174 0.000193175
46.5966 256.404 5.06311e-08 0.000192749 0.000192756
46.6366 257.304 5.06084e-08 0.000192308 0.000192325
46.6767 257.754 5.05856e-08 0.000191879 0.000191901
46.7167 258.205 5.05626e-08 0.000191469 0.000191491
46.7568 258.655 5.05396e-08 0.000191056 0.000191066
46.7968 259.555 5.05165e-08 0.000190631 0.000190653
46.8368 260.006 5.04932e-08 0.000190237 0.00019024
46.8769 260.456 5.04698e-08 0.000189804 0.000189831
46.9169 260.906 5.04463e-08 0.000189398 0.000189402
46.957 261.806 5.04227e-08 0.000189004 0.000189018
46.997 262.257 5.0399e-08 0.000188594 0.000188619
47.037 262.707 5.03752e-08 0.000188211 0.000188211
47.0771 263.157 5.03513e-08 0.000187772 0.000187796
47.1171 264.058 5.03273e-08 0.000187377 0.000187399
47.1572 264.508 5.03032e-08 0.000186974 0.000186996
47.1972 264.958 5.02789e-08 0.000186573 0.000186588
47.2372 265.408 5.02546e-08 0.000186187 0.000186206
47.2773 266.309 5.02302e-08 0.00018578 0.000185806
47.3173 266.759 5.02057e-08 0.000185409 0.000185409
47.3574 267.209 5.0181e-08 0.000184997 0.000185025
47.3974 267.659 5.01563e-08 0.000184637 0.000184638
47.4374 268.56 5.01315e-08 0.000184247 0.000184251
47.4775 269.01 5.01065e-08 0.000183842 0.000183868
47.5175 269.46 5.00815e-08 0.000183442 0.000183469
47.5576 269.91 5.00564e-08 0.000183086 0.000183095
47.5976 270.811 5.00311e-08 0.000182692 0.000182711
47.6376 271.261 5.00058e-08 0.000182315 0.000182324
47.6777 271.711 4.99804e-08 0.000181925 0.000181946
47.7177 272.162 4.99549e-08 0.000181546 0.000181577
47.7578 273.062 4.99293e-08 0.000181193 0.000181198
47.7978 273.512 4.99036e-08 0.000180812 0.000180835
47.8378 273.963 4.98778e-08 0.000180443 0.000180444
47.8779 274.413 4.98519e-08 0.000180066 0.000180084
47.9179 275.313 4.98259e-08 0.000179689 0.000179707
47.958 275.763 4.97999e-08 0.00017935 0.00017935
47.998 276.214 4.97737e-08 0.000178956 0.00017898
48.038 277.114 4.97475e-08 0.000178594 0.000178613
48.0781 277.564 4.97211e-08 0.000178237 0.000178261
48.1181 278.015 4.96947e-08 0.000177883 0.000177887
48.1582 278.465 4.96682e-08 0.000177502 0.000177539
48.1982 279.365 4.96416e-08 0.000177145 0.000177172
48.2382 279.815 4.96149e-08 0.000176805 0.000176816
48.2783 280.266 4.95881e-08 0.00017645 0.000176467
48.3183 280.716 4.95613e-08 0.00017609 0.000176103
48.3584 281.166 4.95343e-08 0.00017573 0.000175761
48.3984 282.067 4.95073e-08 0.00017539 0.000175401
48.4384 282.517 4.94802e-08 0.00017504 0.000175051
48.4785 282.967 4.9453e-08 0.000174679 0.000174694
48.5185 283.642 4.94257e-08 0.000174331 0.000174351
48.5586 284.318 4.93984e-08 0.00017399 0.000174009
48.5986 284.768 4.9371e-08 0.000173635 0.000173665
48.6386 285.218 4.93434e-08 0.000173288 0.00017332
48.6787 285.894 4.93159e-08 0.000172962 0.000172974
48.7187 286.569 4.92882e-08 0.000172622 0.000172628
48.7588 287.019 4.92604e-08 0.000172293 0.000172302
48.7988 287.469 4.92326e-08 0.000171955 0.000171966
48.8388 288.37 4.92047e-08 0.000171606 0.000171621
48.8789 288.82 4.91768e-08 0.000171282 0.000171282
48.9189 289.27 4.91487e-08 0.00017094 0.000170955
48.959 289.72 4.91206e-08 0.000170609 0.000170613
48.999 290.621 4.90924e-08 0.000170281 0.000170294
49.039 291.071 4.90641e-08 0.000169952 0.000169956
49.0791 291.521 4.90358e-08 0.000169597 0.000169629
49.1191 291.972 4.90074e-08 0.0001693 0.0001693
49.1592 292.872 4.89789e-08 0.00016896 0.000168973
49.1992 293.322 4.89504e-08 0.000168621 0.000168647
49.2392 293.772 4.89217e-08 0.000168301 0.000168328
49.2793 294.223 4.8893e-08 0.00016798 0.000168007
49.3193 295.123 4.88643e-08 0.000167667 0.000167679
49.3594 295.573 4.88355e-08 0.00016735 0.000167358
49.3994 296.024 4.88066e-08 0.00016703 0.000167038
49.4394 296.474 4.87776e-08 0.000166701 0.000166721
49.4795 297.374 4.87486e-08 0.000166399 0.000166404
49.5195 297.824 4.87195e-08 0.000166074 0.000166094
49.5596 298.275 4.86904e-08 0.000165753 0.000165776
49.5996 298.725 4.86611e-08 0.000165445 0.00016546
49.6396 299.625 4.86319e-08 0.00016516 0.000165162
49.6797 300.076 4.86025e-08 0.000164818 0.000164848
49.7197 300.526 4.85731e-08 0.00016451 0.000164531
49.7598 300.976 4.85436e-08 0.000164224 0.000164224
49.7998 301.877 4.85141e-08 0.000163901 0.000163928
49.8398 302.327 4.84845e-08 0.000163607 0.000163614
49.8799 302.777 4.84549e-08 0.000163286 0.000163317
49.9199 303.227 4.84252e-08 0.000162996 0.000163007
49.96 304.128 4.83954e-08 0.0001627 0.000162708
50 304.578 4.83656e-08 0.000162397 0.000162398
