#S 1 scored data
#N 5
#L  distance  fwhm  total_intensity  on_axis_intensity  peak_intensity
10 449.551 4.18895e-06 0.0159513 0.0163315
10.04 450.001 4.1655e-06 0.0163594 0.0167619
10.0801 448.2 4.14355e-06 0.0125542 0.0150152
10.1201 449.551 4.13438e-06 0.00820574 0.0151824
10.1602 450.001 4.11327e-06 0.00643905 0.0167071
10.2002 448.2 4.0913e-06 0.00778489 0.015276
10.2402 449.551 4.08265e-06 0.0108725 0.014303
10.2803 450.001 4.06262e-06 0.0138031 0.0144244
10.3203 448.2 4.04214e-06 0.0154393 0.0157563
10.3604 449.551 4.03417e-06 0.0155495 0.0158862
10.4004 450.001 4.01401e-06 0.0145543 0.014814
10.4404 448.65 3.99619e-06 0.0130868 0.0137356
10.4805 450.001 3.98833e-06 0.01164 0.0133998
10.5205 450.001 3.9675e-06 0.0104888 0.0134259
10.5606 448.65 3.95399e-06 0.00971753 0.0137409
10.6006 450.001 3.94484e-06 0.00928963 0.0141833
10.6406 447.75 3.92404e-06 0.00912008 0.0144613
10.6807 449.1 3.91558e-06 0.00912295 0.0145482
10.7207 450.001 3.90274e-06 0.00924397 0.014508
10.7608 448.2 3.88536e-06 0.00945954 0.01437
10.8008 449.551 3.87972e-06 0.00977721 0.0141205
10.8408 450.001 3.86262e-06 0.0102295 0.0137292
10.8809 449.1 3.85258e-06 0.0108471 0.0131912
10.9209 450.001 3.8439e-06 0.011639 0.0128024
10.961 448.2 3.82782e-06 0.0125546 0.0128176
11.001 449.551 3.8233e-06 0.0134367 0.013482
11.041 450.001 3.80859e-06 0.0140321 0.0140343
11.0811 449.1 3.80093e-06 0.0140512 0.0141114
11.1211 450.001 3.79242e-06 0.0133461 0.013408
11.1612 448.2 3.78021e-06 0.012139 0.0127909
11.2012 450.001 3.77632e-06 0.0111013 0.0138376
11.2412 447.75 3.76294e-06 0.0110353 0.01404
11.2813 449.551 3.75977e-06 0.0121618 0.0129771
11.3213 447.3 3.74866e-06 0.0135762 0.0136611
11.3614 449.1 3.7438e-06 0.013829 0.0139268
11.4014 450.001 3.73615e-06 0.0126412 0.0129718
11.4414 448.65 3.7294e-06 0.0117099 0.014003
11.4815 450.001 3.72471e-06 0.0125693 0.0132212
11.5215 448.2 3.71692e-06 0.0138624 0.0139522
11.5616 450.001 3.71417e-06 0.0133175 0.013349
11.6016 424.788 3.7063e-06 0.0122669 0.0140077
11.6416 446.399 3.70467e-06 0.0131855 0.0132824
11.6817 378.865 3.6973e-06 0.0139457 0.0140077
11.7217 364.458 3.6963e-06 0.0128665 0.0138366
11.7618 353.653 3.68977e-06 0.0132112 0.0136219
11.8018 336.544 3.68908e-06 0.014046 0.0140981
11.8418 319.435 3.68363e-06 0.0131091 0.0140763
11.8819 328.44 3.68295e-06 0.0137817 0.0137823
11.9219 314.933 3.67887e-06 0.013902 0.013914
11.962 301.877 3.67778e-06 0.013487 0.0141866
12.002 295.123 3.67545e-06 0.0142779 0.0142821
12.042 288.37 3.67354e-06 0.0136391 0.0143827
12.0821 284.768 3.67317e-06 0.0143888 0.0144128
12.1221 278.465 3.67044e-06 0.013891 0.0144758
12.1622 272.162 3.6715e-06 0.0145128 0.0145374
12.2022 269.01 3.66891e-06 0.0141111 0.0146166
12.2422 265.858 3.66993e-06 0.0146593 0.0146789
12.2823 262.707 3.66907e-06 0.0143718 0.0147203
12.3223 256.854 3.66863e-06 0.0147103 0.0147172
12.3624 256.854 3.66996e-06 0.0147648 0.0147683
12.4024 251.001 3.66886e-06 0.0147045 0.014962
12.4424 248.3 3.67025e-06 0.0150423 0.0150561
12.4825 246.049 3.67093e-06 0.0150192 0.0150354
12.5225 243.347 3.67079e-06 0.0150365 0.0152305
12.5626 237.944 3.67271e-06 0.0152826 0.0152874
12.6026 235.693 3.6734e-06 0.0154 0.0154062
12.6426 233.442 3.67395e-06 0.0154084 0.0154806
12.6827 231.191 3.67597e-06 0.0154925 0.015614
12.7227 228.94 3.67711e-06 0.015653 0.0156683
12.7628 227.139 3.67792e-06 0.0158055 0.015807
12.8028 224.888 3.67985e-06 0.0159238 0.0159243
12.8428 223.087 3.68161e-06 0.0160244 0.0160244
12.8829 221.286 3.68268e-06 0.0161248 0.0161248
12.9229 219.485 3.6842e-06 0.0162325 0.0162333
12.963 215.433 3.68623e-06 0.0163487 0.0163526
13.003 214.082 3.68794e-06 0.0164711 0.0164724
13.043 212.282 3.6893e-06 0.0165989 0.0165989
13.0831 210.931 3.69086e-06 0.016728 0.016728
13.1231 209.58 3.69272e-06 0.0168567 0.0168567
13.1632 205.978 3.69456e-06 0.0169818 0.0169821
13.2032 205.078 3.69618e-06 0.0171041 0.0171047
13.2432 203.727 3.69768e-06 0.0172309 0.0172436
13.2833 202.377 3.6992e-06 0.017368 0.0173738
13.3233 199.675 3.7008e-06 0.0175115 0.0175123
13.3634 198.775 3.70243e-06 0.0176452 0.0176466
13.4034 197.424 3.70402e-06 0.0177855 0.0177889
13.4434 195.173 3.70554e-06 0.0179323 0.0179328
13.4835 193.822 3.70698e-06 0.0180737 0.0180774
13.5235 191.571 3.70837e-06 0.0182241 0.0182244
13.5636 190.671 3.7097e-06 0.018373 0.018374
13.6036 188.87 3.71098e-06 0.0185277 0.0185277
13.6436 187.519 3.71222e-06 0.0186812 0.0186832
13.6837 185.718 3.71342e-06 0.0188407 0.0188407
13.7237 183.917 3.71456e-06 0.0190005 0.0190013
13.7638 182.567 3.71566e-06 0.0191638 0.0191645
13.8038 181.216 3.71671e-06 0.0193308 0.0193308
13.8438 179.415 3.7177e-06 0.0195001 0.0195001
13.8839 177.839 3.71863e-06 0.0196721 0.0196724
13.9239 176.263 3.71951e-06 0.0198468 0.019848
13.964 174.913 3.72033e-06 0.0200266 0.0200266
14.004 173.112 3.72111e-06 0.0202072 0.0202078
14.044 171.761 3.72185e-06 0.0203927 0.0203933
14.0841 169.96 3.72254e-06 0.0205814 0.0205815
14.1241 168.61 3.72319e-06 0.0207729 0.0207729
14.1642 166.809 3.72379e-06 0.0209684 0.0209684
14.2042 165.458 3.72433e-06 0.021168 0.021168
14.2442 163.657 3.72485e-06 0.0213709 0.0213711
14.2843 162.306 3.72533e-06 0.0215786 0.0215786
14.3243 160.506 3.72576e-06 0.0217886 0.0217893
14.3644 159.155 3.72616e-06 0.022004 0.0220049
14.4044 157.354 3.72653e-06 0.0222236 0.0222242
14.4444 156.003 3.72686e-06 0.0224484 0.0224484
14.4845 154.202 3.72717e-06 0.022677 0.022677
14.5245 152.852 3.72744e-06 0.0229097 0.02291
14.5646 151.051 3.72769e-06 0.0231472 0.0231486
14.6046 149.7 3.72791e-06 0.0233908 0.0233914
14.6446 147.899 3.72811e-06 0.0236392 0.0236393
14.6847 146.549 3.72829e-06 0.023893 0.0238937
14.7247 144.748 3.72845e-06 0.0241523 0.0241523
14.7648 143.397 3.72859e-06 0.0244168 0.0244168
14.8048 141.596 3.72871e-06 0.0246877 0.0246877
14.8448 140.245 3.72881e-06 0.0249634 0.0249645
14.8849 138.444 3.72891e-06 0.0252463 0.0252472
14.9249 137.094 3.72899e-06 0.0255353 0.0255366
14.965 135.293 3.72906e-06 0.0258324 0.0258324
15.005 133.942 3.72912e-06 0.0261353 0.0261353
15.045 132.141 3.72917e-06 0.0264458 0.0264458
15.0851 130.791 3.72922e-06 0.0267634 0.0267638
15.1251 128.99 3.72925e-06 0.0270879 0.0270891
15.1652 127.639 3.72928e-06 0.027422 0.027422
15.2052 125.838 3.72931e-06 0.0277646 0.0277646
15.2452 124.487 3.72933e-06 0.0281148 0.0281148
15.2853 122.687 3.72935e-06 0.028473 0.028473
15.3253 121.336 3.72936e-06 0.0288426 0.0288426
15.3654 119.535 3.72937e-06 0.0292212 0.0292212
15.4054 118.184 3.72938e-06 0.0296101 0.0296101
15.4454 116.383 3.72939e-06 0.0300083 0.0300087
15.4855 115.033 3.72939e-06 0.0304183 0.0304183
15.5255 113.232 3.7294e-06 0.0308388 0.0308388
15.5656 111.881 3.7294e-06 0.0312728 0.0312728
15.6056 110.08 3.7294e-06 0.0317175 0.0317181
15.6456 108.73 3.7294e-06 0.0321758 0.0321758
15.6857 106.929 3.7294e-06 0.0326472 0.0326475
15.7257 105.578 3.7294e-06 0.0331328 0.0331337
15.7658 103.777 3.7294e-06 0.0336343 0.0336343
15.8058 102.426 3.72941e-06 0.0341478 0.0341482
15.8458 100.626 3.72941e-06 0.0346784 0.0346784
15.8859 99.2748 3.72941e-06 0.0352281 0.0352281
15.9259 97.4739 3.72941e-06 0.0357932 0.0357947
15.966 96.1233 3.72941e-06 0.0363794 0.0363794
16.006 94.3223 3.72941e-06 0.0369833 0.0369833
16.046 92.9717 3.72941e-06 0.0376054 0.037606
16.0861 91.1708 3.7294e-06 0.0382515 0.0382525
16.1261 89.8201 3.72941e-06 0.0389194 0.0389197
16.1662 88.0192 3.72941e-06 0.0396119 0.0396129
16.2062 86.6685 3.72941e-06 0.0403287 0.0403296
16.2462 84.8676 3.72941e-06 0.0410723 0.0410723
16.2863 83.5169 3.72941e-06 0.0418418 0.041845
16.3263 81.716 3.7294e-06 0.0426449 0.0426476
16.3664 80.3653 3.7294e-06 0.0434785 0.0434787
16.4064 78.5644 3.72941e-06 0.0443438 0.0443438
16.4464 77.2138 3.72941e-06 0.0452452 0.0452452
16.4865 75.8631 3.7294e-06 0.0461799 0.0461811
16.5265 74.0622 3.72941e-06 0.0471591 0.0471591
16.5666 72.7115 3.72941e-06 0.0481784 0.0481796
16.6066 70.9106 3.72941e-06 0.0492443 0.0492443
16.6466 69.5599 3.72941e-06 0.0503577 0.0503577
16.6867 67.759 3.72941e-06 0.0515212 0.0515212
16.7267 66.4083 3.72941e-06 0.0527403 0.052741
16.7668 64.6074 3.72941e-06 0.054018 0.0540202
16.8068 63.2568 3.7294e-06 0.055363 0.055363
16.8468 61.4558 3.7294e-06 0.0567715 0.0567715
16.8869 60.1052 3.72941e-06 0.0582569 0.0582569
16.9269 58.3043 3.7294e-06 0.0598192 0.059821
16.967 56.9536 3.72941e-06 0.0614691 0.0614705
17.007 55.1527 3.72941e-06 0.0632122 0.0632134
17.047 53.802 3.72941e-06 0.0650555 0.0650583
17.0871 52.0011 3.7294e-06 0.0670148 0.0670148
17.1271 50.6504 3.72941e-06 0.0690939 0.0690939
17.1672 48.8495 3.7294e-06 0.071301 0.071301
17.2072 47.4988 3.72941e-06 0.0736593 0.0736593
17.2472 45.6979 3.72941e-06 0.0761754 0.0761759
17.2873 44.3473 3.72942e-06 0.0788671 0.0788683
17.3273 42.5464 3.72941e-06 0.0817612 0.0817612
17.3674 41.1957 3.7294e-06 0.0848745 0.0848765
17.4074 39.3948 3.7294e-06 0.0882326 0.0882326
17.4474 38.0441 3.72941e-06 0.0918684 0.0918684
17.4875 36.2432 3.72941e-06 0.0958139 0.095815
17.5275 34.8925 3.72941e-06 0.100113 0.100116
17.5676 33.0916 3.72941e-06 0.104817 0.10482
17.6076 31.7409 3.72941e-06 0.109986 0.109986
17.6476 29.94 3.72941e-06 0.115686 0.115687
17.6877 28.5894 3.72941e-06 0.122011 0.122011
17.7277 26.7884 3.72941e-06 0.129061 0.129062
17.7678 25.4378 3.72941e-06 0.136976 0.136976
17.8078 23.6369 3.72941e-06 0.145922 0.145925
17.8478 22.2862 3.72941e-06 0.156114 0.156114
17.8879 20.4853 3.72941e-06 0.167824 0.167825
17.9279 19.1346 3.72941e-06 0.181427 0.181429
17.968 17.3337 3.72941e-06 0.197417 0.197417
18.008 15.983 3.72941e-06 0.216469 0.216469
18.048 14.1821 3.72941e-06 0.239554 0.239554
18.0881 12.8314 3.7294e-06 0.268076 0.268079
18.1281 11.4808 3.72941e-06 0.304199 0.304203
18.1682 9.67986 3.72941e-06 0.351346 0.351347
18.2082 8.32918 3.72941e-06 0.415271 0.415271
18.2482 6.52828 3.72941e-06 0.506362 0.506365
18.2883 5.1776 3.72941e-06 0.644902 0.644902
18.3283 3.82692 3.72941e-06 0.873005 0.873005
18.3684 2.47624 3.72941e-06 1.267 1.267
18.4084 2.02602 3.72941e-06 1.72259 1.72259
18.4484 2.02602 3.72941e-06 1.48375 1.48375
18.4885 3.3767 3.72941e-06 1.01292 1.01292
18.5285 4.72737 3.72941e-06 0.725803 0.725803
18.5686 6.07805 3.7294e-06 0.556832 0.556832
18.6086 7.42873 3.72941e-06 0.449225 0.449229
18.6486 9.22963 3.72941e-06 0.375596 0.375596
18.6887 10.5803 3.72941e-06 0.322334 0.322334
18.7287 12.3812 3.72941e-06 0.282114 0.282114
18.7688 13.7319 3.72941e-06 0.250726 0.250731
18.8088 15.0826 3.7294e-06 0.225571 0.225571
18.8488 16.8835 3.7294e-06 0.204967 0.204969
18.8889 18.2342 3.72941e-06 0.187792 0.187792
18.9289 20.0351 3.72941e-06 0.173262 0.173262
18.969 21.3857 3.72941e-06 0.160812 0.160812
19.009 23.1866 3.72941e-06 0.150022 0.150022
19.049 24.5373 3.72941e-06 0.140583 0.140583
19.0891 26.3382 3.72941e-06 0.13226 0.132264
19.1291 27.6889 3.7294e-06 0.124864 0.124867
19.1692 29.4898 3.72941e-06 0.11825 0.118254
19.2092 30.8405 3.72941e-06 0.112303 0.112303
19.2492 32.6414 3.72941e-06 0.106923 0.106924
19.2893 33.9921 3.72941e-06 0.102034 0.102036
19.3293 35.793 3.72941e-06 0.0975717 0.0975717
19.3694 37.1436 3.72941e-06 0.0934826 0.0934826
19.4094 38.9445 3.72941e-06 0.0897204 0.0897209
19.4494 40.2952 3.72941e-06 0.0862517 0.0862521
19.4895 42.0961 3.72941e-06 0.083039 0.083039
19.5295 43.4468 3.7294e-06 0.0800558 0.0800576
19.5696 45.2477 3.7294e-06 0.077279 0.0772796
19.6096 46.5984 3.72941e-06 0.0746925 0.0746925
19.6496 48.3993 3.72941e-06 0.0722694 0.0722702
19.6897 49.75 3.72941e-06 0.0700006 0.0700006
19.7297 51.5509 3.72941e-06 0.0678681 0.0678681
19.7698 52.9016 3.72941e-06 0.0658618 0.0658653
19.8098 54.7025 3.72941e-06 0.0639715 0.0639729
19.8498 56.0531 3.72941e-06 0.0621883 0.0621883
19.8899 57.854 3.72941e-06 0.0604994 0.0604996
19.9299 59.2047 3.7294e-06 0.0589 0.0589
19.97 61.0056 3.7294e-06 0.0573852 0.0573852
20.01 62.3563 3.72941e-06 0.0559433 0.0559433
20.0501 64.1572 3.72941e-06 0.0545732 0.0545732
20.0901 65.5079 3.72941e-06 0.0532671 0.0532694
20.1301 67.3088 3.72941e-06 0.0520248 0.0520253
20.1702 68.6595 3.72941e-06 0.0508377 0.0508385
20.2102 70.4604 3.72941e-06 0.0497039 0.0497044
20.2503 71.811 3.72941e-06 0.0486179 0.0486199
20.2903 73.612 3.72941e-06 0.047582 0.047582
20.3303 74.9626 3.72941e-06 0.046584 0.0465846
20.3704 76.7635 3.72941e-06 0.0456307 0.0456333
20.4104 78.1142 3.72941e-06 0.0447154 0.0447154
20.4505 79.9151 3.72941e-06 0.0438351 0.043836
20.4905 81.2658 3.7294e-06 0.042989 0.042989
20.5305 83.0667 3.72941e-06 0.0421745 0.0421764
20.5706 84.4174 3.72941e-06 0.0413906 0.0413918
20.6106 85.9932 3.72941e-06 0.0406346 0.0406363
20.6507 87.569 3.72941e-06 0.0399086 0.0399086
20.6907 88.9196 3.72941e-06 0.0392061 0.0392061
20.7307 90.7205 3.72941e-06 0.0385285 0.0385285
20.7708 92.0712 3.72941e-06 0.0378711 0.0378734
20.8108 93.8721 3.72941e-06 0.03724 0.03724
20.8509 95.2228 3.72941e-06 0.0366277 0.0366277
20.8909 97.0237 3.72941e-06 0.0360365 0.0360365
20.9309 98.3744 3.72941e-06 0.0354623 0.0354623
20.971 100.175 3.72941e-06 0.0349042 0.0349048
21.011 101.526 3.72941e-06 0.0343676 0.0343686
21.0511 103.327 3.72941e-06 0.0338458 0.0338458
21.0911 104.678 3.7294e-06 0.0333399 0.0333399
21.1311 106.478 3.7294e-06 0.0328494 0.0328494
21.1712 107.829 3.72941e-06 0.0323701 0.0323701
21.2112 109.63 3.72941e-06 0.0319064 0.0319064
21.2513 110.981 3.7294e-06 0.0314563 0.0314563
21.2913 112.782 3.7294e-06 0.0310193 0.0310193
21.3313 114.132 3.72939e-06 0.030592 0.0305931
21.3714 115.933 3.72939e-06 0.0301761 0.0301778
21.4114 117.284 3.72938e-06 0.0297742 0.0297744
21.4515 119.085 3.72938e-06 0.0293815 0.0293832
21.4915 120.435 3.72936e-06 0.0289984 0.0289998
21.5315 122.236 3.72936e-06 0.0286252 0.0286266
21.5716 123.587 3.72934e-06 0.0282631 0.0282631
21.6116 125.388 3.72931e-06 0.0279092 0.0279092
21.6517 126.739 3.72929e-06 0.0275627 0.0275633
21.6917 128.54 3.72927e-06 0.027227 0.0272271
21.7317 129.89 3.72923e-06 0.0268975 0.0268981
21.7718 131.691 3.72919e-06 0.026577 0.0265775
21.8118 133.042 3.72914e-06 0.0262641 0.0262641
21.8519 134.843 3.72909e-06 0.0259588 0.0259588
21.8919 136.193 3.72902e-06 0.0256601 0.0256601
21.9319 137.994 3.72895e-06 0.0253672 0.0253672
21.972 139.345 3.72886e-06 0.0250828 0.0250828
22.012 141.146 3.72875e-06 0.024801 0.0248023
22.0521 142.497 3.72863e-06 0.0245288 0.024529
22.0921 144.297 3.7285e-06 0.0242609 0.0242614
22.1321 145.648 3.72835e-06 0.0240003 0.0240003
22.1722 147.449 3.72818e-06 0.0237443 0.0237452
22.2122 148.8 3.728e-06 0.0234931 0.0234943
22.2523 150.601 3.72778e-06 0.0232496 0.0232496
22.2923 151.951 3.72755e-06 0.0230085 0.0230094
22.3323 153.752 3.72728e-06 0.0227729 0.0227734
22.3724 155.103 3.72699e-06 0.0225422 0.0225433
22.4124 156.904 3.72667e-06 0.0223167 0.0223172
22.4525 158.254 3.72632e-06 0.0220951 0.0220951
22.4925 160.055 3.72593e-06 0.0218779 0.0218787
22.5325 161.406 3.72551e-06 0.0216651 0.0216653
22.5726 163.207 3.72505e-06 0.021457 0.021457
22.6126 164.558 3.72455e-06 0.0212528 0.0212528
22.6527 166.359 3.72401e-06 0.021051 0.0210513
22.6927 167.709 3.72343e-06 0.0208543 0.0208544
22.7327 169.51 3.7228e-06 0.02066 0.0206613
22.7728 170.861 3.72212e-06 0.0204688 0.0204717
22.8128 172.662 3.7214e-06 0.0202834 0.0202855
22.8529 174.012 3.72063e-06 0.0201012 0.0201024
22.8929 175.813 3.7198e-06 0.0199202 0.0199223
22.9329 177.164 3.71892e-06 0.0197448 0.0197455
22.973 178.965 3.71798e-06 0.0195713 0.0195723
23.013 180.316 3.71699e-06 0.0194002 0.0194013
23.0531 182.116 3.71593e-06 0.0192333 0.0192338
23.0931 183.467 3.71482e-06 0.0190676 0.0190688
23.1331 185.268 3.71364e-06 0.0189063 0.0189068
23.1732 186.619 3.7124e-06 0.0187481 0.0187484
23.2132 188.42 3.7111e-06 0.0185912 0.0185921
23.2533 189.77 3.70973e-06 0.0184367 0.0184369
23.2933 191.571 3.70829e-06 0.0182854 0.0182866
23.3333 192.922 3.70679e-06 0.0181361 0.0181374
23.3734 194.723 3.70521e-06 0.0179893 0.017991
23.4134 196.073 3.70356e-06 0.0178466 0.017847
23.4535 197.874 3.70185e-06 0.0177034 0.0177051
23.4935 199.225 3.70006e-06 0.0175651 0.0175651
23.5335 201.026 3.6982e-06 0.0174264 0.0174276
23.5736 202.377 3.69626e-06 0.0172918 0.0172928
23.6136 203.952 3.69425e-06 0.0171585 0.017159
23.6537 205.528 3.69217e-06 0.0170276 0.0170281
23.6937 207.329 3.69001e-06 0.0168987 0.0168987
23.7337 208.68 3.68777e-06 0.0167703 0.0167712
23.7738 210.256 3.68546e-06 0.0166463 0.0166463
23.8138 211.831 3.68308e-06 0.0165223 0.0165223
23.8539 213.182 3.68062e-06 0.0164005 0.0164011
23.8939 214.983 3.67807e-06 0.0162807 0.0162813
23.9339 216.334 3.67545e-06 0.0161634 0.0161634
23.974 218.134 3.67276e-06 0.0160456 0.0160457
24.014 219.485 3.66999e-06 0.0159315 0.0159321
24.0541 221.286 3.66715e-06 0.0158183 0.0158186
24.0941 222.637 3.66422e-06 0.0157065 0.0157066
24.1341 224.438 3.66123e-06 0.0155959 0.0155972
24.1742 225.788 3.65815e-06 0.0154875 0.0154882
24.2142 227.589 3.655e-06 0.0153806 0.0153814
24.2543 228.94 3.65178e-06 0.0152752 0.0152765
24.2943 230.741 3.64848e-06 0.0151716 0.0151721
24.3343 232.092 3.6451e-06 0.0150698 0.0150699
24.3744 233.892 3.64165e-06 0.0149671 0.0149685
24.4144 235.243 3.63813e-06 0.0148689 0.0148689
24.4545 237.044 3.63454e-06 0.014769 0.0147705
24.4945 238.395 3.63087e-06 0.0146724 0.0146729
24.5345 240.196 3.62713e-06 0.0145747 0.0145771
24.5746 241.546 3.62332e-06 0.0144806 0.0144819
24.6146 243.347 3.61944e-06 0.0143873 0.0143881
24.6547 244.698 3.61549e-06 0.0142958 0.0142964
24.6947 246.499 3.61148e-06 0.0142039 0.014205
24.7347 247.849 3.60739e-06 0.0141141 0.0141153
24.7748 249.65 3.60324e-06 0.0140245 0.0140256
24.8148 251.001 3.59902e-06 0.0139369 0.0139382
24.8549 252.802 3.59474e-06 0.0138507 0.0138514
24.8949 254.153 3.59039e-06 0.0137642 0.0137661
24.9349 255.953 3.58598e-06 0.0136792 0.0136809
24.975 257.304 3.58151e-06 0.0135961 0.0135971
25.015 259.105 3.57698e-06 0.0135139 0.0135159
25.0551 260.456 3.57239e-06 0.0134323 0.0134336
25.0951 262.257 3.56773e-06 0.0133529 0.0133529
25.1351 263.607 3.56302e-06 0.0132727 0.0132747
25.1752 265.408 3.55825e-06 0.0131944 0.0131955
25.2152 266.759 3.55343e-06 0.0131161 0.0131175
25.2553 268.56 3.54855e-06 0.0130385 0.0130401
25.2953 269.91 3.54361e-06 0.0129639 0.0129645
25.3353 271.711 3.53862e-06 0.0128889 0.0128897
25.3754 273.062 3.53358e-06 0.0128156 0.0128156
25.4154 274.863 3.52848e-06 0.0127421 0.0127421
25.4555 276.214 3.52334e-06 0.0126685 0.0126701
25.4955 278.015 3.51815e-06 0.012597 0.012598
25.5355 279.365 3.51291e-06 0.0125274 0.0125274
25.5756 281.166 3.50763e-06 0.0124559 0.0124568
25.6156 282.517 3.50229e-06 0.0123876 0.0123884
25.6557 284.318 3.49691e-06 0.0123175 0.0123198
25.6957 285.668 3.49149e-06 0.0122512 0.0122515
25.7357 287.469 3.48603e-06 0.0121832 0.0121848
25.7758 288.82 3.48051e-06 0.0121167 0.0121184
25.8158 290.621 3.47497e-06 0.012052 0.012052
25.8559 291.972 3.46938e-06 0.0119874 0.0119879
25.8959 293.772 3.46376e-06 0.0119227 0.0119235
25.9359 295.123 3.45809e-06 0.0118594 0.0118601
25.976 296.924 3.45239e-06 0.0117962 0.0117973
26.016 298.275 3.44665e-06 0.0117343 0.0117351
26.0561 300.076 3.44088e-06 0.0116728 0.0116732
26.0961 301.426 3.43507e-06 0.0116127 0.0116128
26.1361 303.227 3.42924e-06 0.0115519 0.0115523
26.1762 304.578 3.42336e-06 0.0114917 0.0114929
26.2162 306.379 3.41746e-06 0.0114339 0.0114339
26.2563 307.729 3.41152e-06 0.0113752 0.0113752
26.2963 309.53 3.40556e-06 0.0113176 0.0113178
26.3363 310.881 3.39957e-06 0.0112609 0.0112609
26.3764 312.682 3.39355e-06 0.0112039 0.0112041
26.4164 314.033 3.38751e-06 0.0111479 0.0111479
26.4565 315.834 3.38144e-06 0.0110923 0.0110923
26.4965 317.184 3.37534e-06 0.0110371 0.0110375
26.5365 318.985 3.36922e-06 0.0109826 0.0109826
26.5766 320.336 3.36308e-06 0.0109295 0.0109295
26.6166 322.137 3.35692e-06 0.0108756 0.0108756
26.6567 323.487 3.35074e-06 0.010823 0.010823
26.6967 324.838 3.34453e-06 0.0107703 0.0107705
26.7367 326.639 3.33831e-06 0.0107192 0.0107192
26.7768 328.44 3.33206e-06 0.0106676 0.0106676
26.8168 329.791 3.3258e-06 0.0106162 0.0106165
26.8569 331.591 3.31952e-06 0.0105659 0.0105659
26.8969 332.942 3.31322e-06 0.0105158 0.0105161
26.9369 334.293 3.30691e-06 0.0104665 0.0104665
26.977 336.094 3.30058e-06 0.0104175 0.0104175
27.017 337.444 3.29424e-06 0.0103689 0.0103698
27.0571 339.245 3.28788e-06 0.0103213 0.0103213
27.0971 340.596 3.28152e-06 0.0102733 0.0102735
27.1371 342.397 3.27513e-06 0.0102275 0.0102275
27.1772 343.973 3.26875e-06 0.0101798 0.0101798
27.2172 345.548 3.26235e-06 0.0101333 0.010134
27.2573 346.899 3.25593e-06 0.0100874 0.0100874
27.2973 348.7 3.24951e-06 0.0100413 0.0100416
27.3373 350.051 3.24308e-06 0.00999713 0.00999739
27.3774 351.852 3.23664e-06 0.00995205 0.00995255
27.4174 353.202 3.23019e-06 0.00990772 0.00990786
27.4575 355.003 3.22374e-06 0.00986487 0.00986487
27.4975 356.354 3.21727e-06 0.00982017 0.00982058
27.5375 358.155 3.21081e-06 0.00977728 0.00977778
27.5776 359.505 3.20433e-06 0.00973475 0.00973502
27.6176 361.306 3.19786e-06 0.00969222 0.00969289
27.6577 363.107 3.19138e-06 0.00964975 0.00965064
27.6977 364.458 3.18489e-06 0.00960807 0.00960901
27.7377 365.809 3.1784e-06 0.0095683 0.0095683
27.7778 367.61 3.17191e-06 0.00952565 0.0095268
27.8178 368.96 3.16542e-06 0.00948655 0.00948655
27.8579 370.536 3.15892e-06 0.0094454 0.00944594
27.8979 372.562 3.15242e-06 0.00940598 0.00940632
27.9379 373.913 3.14593e-06 0.00936554 0.00936612
27.978 375.263 3.13944e-06 0.00932644 0.00932743
28.018 377.064 3.13294e-06 0.00928851 0.00928851
28.0581 378.415 3.12644e-06 0.0092493 0.0092494
28.0981 380.216 3.11995e-06 0.00921132 0.00921156
28.1381 382.017 3.11345e-06 0.00917247 0.00917418
28.1782 382.917 3.10696e-06 0.00913551 0.00913589
28.2182 384.718 3.10046e-06 0.00909861 0.00909887
28.2583 386.519 3.09399e-06 0.00906035 0.00906196
28.2983 387.87 3.08751e-06 0.00902508 0.00902508
28.3383 389.671 3.08102e-06 0.00898833 0.00898852
28.3784 390.796 3.07454e-06 0.0089512 0.00895234
28.4184 392.822 3.06807e-06 0.0089162 0.00891661
28.4585 394.623 3.06162e-06 0.00887961 0.00888114
28.4985 395.524 3.05515e-06 0.0088458 0.00884596
28.5385 397.775 3.04869e-06 0.00880997 0.00881063
28.5786 398.675 3.04224e-06 0.00877593 0.00877593
28.6186 400.926 3.0358e-06 0.00874125 0.00874145
28.6587 401.827 3.02937e-06 0.00870673 0.00870768
28.6987 403.628 3.02293e-06 0.00867379 0.00867419
28.7387 405.879 3.0165e-06 0.00863843 0.00864027
28.7788 406.329 3.01008e-06 0.00860699 0.00860715
28.8188 409.03 3.00368e-06 0.00857205 0.00857367
28.8589 409.481 2.99728e-06 0.00854047 0.00854104
28.8989 412.182 2.99088e-06 0.00850762 0.00850779
28.9389 412.632 2.98449e-06 0.0084751 0.00847577
28.979 415.108 2.97811e-06 0.00844321 0.00844344
29.019 415.333 2.97176e-06 0.0084103 0.00841144
29.0591 418.035 2.9654e-06 0.00837962 0.00838015
29.0991 418.485 2.95904e-06 0.00834741 0.00834891
29.1391 421.186 2.95269e-06 0.00831768 0.00831792
29.1792 421.637 2.94637e-06 0.00828479 0.00828682
29.2192 424.338 2.94006e-06 0.00825642 0.0082565
29.2593 424.788 2.93376e-06 0.00822405 0.00822555
29.2993 427.49 2.92744e-06 0.00819548 0.00819586
29.3393 429.741 2.92114e-06 0.00816355 0.00816529
29.3794 430.641 2.91487e-06 0.00813532 0.00813577
29.4194 430.641 2.90861e-06 0.00810423 0.00810571
29.4595 433.793 2.90237e-06 0.00807651 0.0080766
29.4995 433.793 2.89612e-06 0.00804565 0.00804746
29.5395 436.944 2.88987e-06 0.00801756 0.00801893
29.5796 436.944 2.88365e-06 0.00798795 0.00798959
29.6196 440.546 2.87745e-06 0.0079601 0.00796095
29.6597 440.321 2.87127e-06 0.00793161 0.00793217
29.6997 443.698 2.86509e-06 0.00790275 0.0079041
29.7397 443.698 2.85891e-06 0.00787676 0.00787702
29.7798 447.3 2.85273e-06 0.00784652 0.00784954
29.8198 446.849 2.84658e-06 0.00782259 0.00782259
29.8599 450.001 2.84047e-06 0.00779058 0.00779537
29.8999 450.001 2.83437e-06 0.00776833 0.00776869
29.9399 450.001 2.82826e-06 0.00773689 0.00774149
29.98 450.001 2.82215e-06 0.00771397 0.00771397
30.02 450.001 2.81605e-06 0.00768353 0.00768693
30.0601 450.001 2.80999e-06 0.00765973 0.00765975
30.1001 450.001 2.80396e-06 0.00763327 0.00763407
30.1401 450.001 2.79794e-06 0.00760462 0.0076089
30.1802 450.001 2.79191e-06 0.0075831 0.00758338
30.2202 450.001 2.78588e-06 0.00755221 0.00755857
30.2603 450.001 2.77986e-06 0.00753219 0.00753252
30.3003 450.001 2.77388e-06 0.00750288 0.00750659
30.3403 450.001 2.76793e-06 0.00747891 0.00747952
30.3804 450.001 2.762e-06 0.00745561 0.00745561
30.4204 450.001 2.75607e-06 0.00742624 0.00743262
30.4605 450.001 2.75013e-06 0.00740827 0.00740894
30.5005 450.001 2.74419e-06 0.00737648 0.00738282
30.5405 450.001 2.73829e-06 0.00735736 0.00735742
30.5806 450.001 2.73242e-06 0.0073318 0.00733204
30.6206 450.001 2.72658e-06 0.00730316 0.00731082
30.6607 450.001 2.72075e-06 0.00728805 0.00728821
30.7007 450.001 2.71491e-06 0.00725605 0.00726369
30.7407 450.001 2.70906e-06 0.00723784 0.00723804
30.7808 450.001 2.70323e-06 0.00721463 0.00721463
30.8208 450.001 2.69744e-06 0.00718442 0.00719426
30.8609 450.001 2.69168e-06 0.00717097 0.00717158
30.9009 450.001 2.68596e-06 0.00714042 0.00714638
30.9409 450.001 2.68023e-06 0.00711978 0.00712187
30.981 450.001 2.67449e-06 0.00710261 0.00710261
31.021 450.001 2.66875e-06 0.0070691 0.00708142
31.0611 450.001 2.66302e-06 0.00705687 0.0070569
31.1011 450.001 2.65734e-06 0.00703125 0.00703212
31.1411 450.001 2.65169e-06 0.00700223 0.00701432
31.1812 450.001 2.64608e-06 0.00699325 0.00699325
31.2212 450.001 2.64046e-06 0.00696236 0.00696782
31.2613 450.001 2.63483e-06 0.0069391 0.00694661
31.3013 450.001 2.6292e-06 0.00692776 0.00692815
31.3413 450.001 2.62358e-06 0.00689347 0.00690591
31.3814 450.001 2.61799e-06 0.00687765 0.00687933
31.4214 450.001 2.61245e-06 0.00686398 0.00686451
31.4615 450.001 2.60695e-06 0.00682873 0.00684504
31.5015 450.001 2.60146e-06 0.00681767 0.00681802
31.5415 450.001 2.59595e-06 0.00680019 0.00680021
31.5816 450.001 2.59043e-06 0.00676561 0.00678365
31.6216 450.001 2.58492e-06 0.00675717 0.00675717
31.6617 450.001 2.57942e-06 0.00673783 0.00673796
31.7017 450.001 2.57397e-06 0.00670218 0.00672241
31.7417 450.001 2.56857e-06 0.00669747 0.00669747
31.7818 450.001 2.5632e-06 0.00667848 0.00667848
31.8218 450.001 2.55783e-06 0.006642 0.0066628
31.8619 450.001 2.55246e-06 0.00663825 0.00663825
31.9019 450.001 2.54706e-06 0.00661979 0.00661979
31.9419 450.001 2.54166e-06 0.00658335 0.0066047
31.982 450.001 2.5363e-06 0.00657711 0.00657745
32.022 450.001 2.53098e-06 0.00656259 0.00656331
32.0621 450.001 2.52571e-06 0.00652363 0.00654753
32.1021 450.001 2.52046e-06 0.00651667 0.00651747
32.1421 450.001 2.51523e-06 0.00650716 0.00650779
32.1822 450.001 2.50998e-06 0.00646792 0.00648839
32.2222 450.001 2.50472e-06 0.00645616 0.00646326
32.2623 450.001 2.49945e-06 0.0064538 0.0064538
32.3023 450.001 2.4942e-06 0.00641631 0.00642891
32.3423 450.001 2.48899e-06 0.00639386 0.00641323
32.3824 450.001 2.48383e-06 0.00639907 0.0063992
32.4224 450.001 2.47872e-06 0.00636801 0.00636854
32.4625 450.001 2.47363e-06 0.00633523 0.00636469
32.5025 450.001 2.46852e-06 0.00633861 0.00633906
32.5425 450.001 2.46341e-06 0.00632188 0.00632318
32.5826 450.001 2.45828e-06 0.00627997 0.00630948
32.6226 450.001 2.45314e-06 0.00627623 0.00628069
32.6627 450.001 2.44804e-06 0.00627618 0.00627623
32.7027 450.001 2.44297e-06 0.00623599 0.00624879
32.7427 450.001 2.43795e-06 0.00621013 0.00623853
32.7828 450.001 2.43299e-06 0.00621979 0.00622117
32.8228 450.001 2.42804e-06 0.00619759 0.00619805
32.8629 450.001 2.42309e-06 0.00615497 0.00619065
32.9029 450.001 2.41812e-06 0.00615588 0.00615721
32.9429 450.001 2.41311e-06 0.00615693 0.006158
32.983 450.001 2.40812e-06 0.00611456 0.00612912
33.023 450.001 2.40314e-06 0.00608879 0.00612177
33.0631 450.001 2.39821e-06 0.00610204 0.00610204
33.1031 450.001 2.39333e-06 0.0060838 0.0060854
33.1431 450.001 2.3885e-06 0.00603751 0.00607379
33.1832 450.001 2.3837e-06 0.00603096 0.00604808
33.2232 450.001 2.3789e-06 0.00604402 0.00604462
33.2633 450.001 2.37408e-06 0.00600899 0.00600978
33.3033 450.001 2.36925e-06 0.00596777 0.00601312
33.3433 450.001 2.36439e-06 0.0059761 0.00597674
33.3834 450.001 2.35955e-06 0.00598086 0.00598255
33.4234 450.001 2.35472e-06 0.00593615 0.00594897
33.4635 450.001 2.34995e-06 0.0059042 0.00594953
33.5035 450.001 2.34523e-06 0.00591983 0.00592077
33.5435 450.001 2.34056e-06 0.00591686 0.00591749
33.5836 450.001 2.33591e-06 0.00586724 0.00589318
33.6236 450.001 2.33126e-06 0.00584358 0.00588549
33.6637 450.001 2.32661e-06 0.00586422 0.00586469
33.7037 450.001 2.32192e-06 0.00585472 0.00585507
33.7437 450.001 2.31723e-06 0.00580032 0.00583587
33.7838 450.001 2.31252e-06 0.00578238 0.0058248
33.8238 450.001 2.30785e-06 0.00580607 0.00580645
33.8639 450.001 2.30321e-06 0.00579385 0.00579472
33.9039 450.001 2.29862e-06 0.00573923 0.00577661
33.9439 450.001 2.29408e-06 0.00571917 0.00576717
33.984 450.001 2.28959e-06 0.00574585 0.00574633
34.024 450.001 2.28511e-06 0.00573791 0.00573917
34.0641 450.001 2.28062e-06 0.00568322 0.00571548
34.1041 450.001 2.27611e-06 0.00565675 0.00571312
34.1441 450.001 2.27158e-06 0.00568328 0.00568388
34.1842 450.001 2.26703e-06 0.00568622 0.00568622
34.2242 450.001 2.26249e-06 0.00563146 0.00565224
34.2643 450.001 2.25796e-06 0.00559412 0.00566143
34.3043 450.001 2.25349e-06 0.00561655 0.00561764
34.3443 450.001 2.24906e-06 0.00563267 0.0056341
34.3844 450.001 2.2447e-06 0.00558758 0.00558778
34.4244 450.001 2.24036e-06 0.00553447 0.00560558
34.4645 450.001 2.23604e-06 0.00554552 0.00556862
34.5045 450.001 2.23172e-06 0.00557507 0.00557658
34.5445 450.001 2.22737e-06 0.00555008 0.00555062
34.5846 450.001 2.22301e-06 0.00548584 0.00554493
34.6246 450.001 2.21863e-06 0.00547245 0.00553104
34.6647 450.001 2.21423e-06 0.00550893 0.00550935
34.7047 450.001 2.20986e-06 0.00551015 0.00551202
34.7447 450.001 2.20552e-06 0.00545194 0.00547044
34.7848 450.001 2.20122e-06 0.00540753 0.00548855
34.8248 450.001 2.19698e-06 0.00542972 0.00544042
34.8649 450.001 2.1928e-06 0.0054601 0.00546092
34.9049 450.001 2.18863e-06 0.00542942 0.00542949
34.9449 450.001 2.18449e-06 0.00536323 0.00542768
34.985 450.001 2.18033e-06 0.00534769 0.00541827
35.025 450.001 2.17615e-06 0.00538737 0.0053877
35.0651 450.001 2.17196e-06 0.00540022 0.00540022
35.1051 450.001 2.16772e-06 0.00534453 0.00534628
35.1451 450.001 2.16349e-06 0.00528728 0.0053752
35.1852 450.001 2.15928e-06 0.00529503 0.00534141
35.2252 450.001 2.15509e-06 0.00533931 0.00533931
35.2653 450.001 2.15095e-06 0.00533335 0.00533356
35.3053 450.001 2.14687e-06 0.00526569 0.00529508
35.3453 450.001 2.14283e-06 0.00521876 0.00531667
35.3854 450.001 2.13883e-06 0.00524267 0.00526792
35.4254 450.001 2.13485e-06 0.00528548 0.00528641
35.4655 450.001 2.13087e-06 0.00526659 0.00526746
35.5055 450.001 2.12688e-06 0.00519571 0.00524145
35.5455 450.001 2.12286e-06 0.00515564 0.00525751
35.5856 450.001 2.11882e-06 0.0051877 0.00520142
35.6256 450.001 2.11475e-06 0.00522974 0.00523076
35.6657 450.001 2.11069e-06 0.00520724 0.00520724
35.7057 450.001 2.10663e-06 0.00513257 0.0051842
35.7457 450.001 2.10261e-06 0.00509239 0.00520103
35.7858 450.001 2.09865e-06 0.0051255 0.00514393
35.8258 450.001 2.09473e-06 0.00517071 0.00517131
35.8659 450.001 2.09085e-06 0.00515391 0.00515391
35.9059 450.001 2.08703e-06 0.00507815 0.00512082
35.9459 450.001 2.08322e-06 0.00502896 0.00514625
35.986 450.001 2.07942e-06 0.00505545 0.00509596
36.026 450.001 2.07561e-06 0.00510874 0.00511008
36.0661 450.001 2.07178e-06 0.00510617 0.00510667
36.1061 450.001 2.0679e-06 0.0050336 0.00504897
36.1461 450.001 2.06402e-06 0.00497036 0.00509031
36.1862 450.001 2.06013e-06 0.00498061 0.00505684
36.2262 450.001 2.05622e-06 0.00503885 0.00503907
36.2663 450.001 2.05235e-06 0.0050595 0.0050595
36.3063 450.001 2.04852e-06 0.00500273 0.00500309
36.3463 450.001 2.04472e-06 0.00492418 0.00502477
36.3864 450.001 2.04097e-06 0.00490527 0.00502267
36.4264 450.001 2.03729e-06 0.00495522 0.00495583
36.4665 450.001 2.03364e-06 0.00500331 0.00500437
36.5065 450.001 2.03e-06 0.00497824 0.00497861
36.5465 450.001 2.02638e-06 0.00489641 0.00494218
36.5866 450.001 2.02275e-06 0.00484024 0.00497794
36.6266 450.001 2.01909e-06 0.0048607 0.00493401
36.6667 450.001 2.01541e-06 0.00492519 0.00492535
36.7067 450.001 2.01171e-06 0.00494688 0.00494723
36.7467 450.001 2.00798e-06 0.00488859 0.00488897
36.7868 450.001 2.00424e-06 0.00480472 0.00490537
36.8268 450.001 2.00052e-06 0.00477422 0.0049147
36.8669 450.001 1.99684e-06 0.00482118 0.00484762
36.9069 450.001 1.99317e-06 0.00488289 0.00488316
36.9469 450.001 1.98956e-06 0.00488159 0.00488187
36.987 450.001 1.98602e-06 0.004806 0.00480777
37.027 450.001 1.9825e-06 0.00472576 0.00485908
37.0671 450.001 1.97902e-06 0.00471465 0.00484947
37.1071 450.001 1.97558e-06 0.00477386 0.00477594
37.1471 450.001 1.97214e-06 0.00483193 0.00483294
37.1872 450.001 1.96868e-06 0.00481942 0.00481942
37.2272 450.001 1.9652e-06 0.00473532 0.0047475
37.2673 450.001 1.96171e-06 0.00465728 0.00480509
37.3073 450.001 1.95819e-06 0.0046535 0.00479
37.3473 450.001 1.95463e-06 0.00471791 0.00471791
37.3874 450.001 1.95107e-06 0.00477587 0.00477733
37.4274 450.001 1.94752e-06 0.00476242 0.00476286
37.4675 450.001 1.94398e-06 0.00467807 0.00468642
37.5075 450.001 1.94045e-06 0.00459642 0.00474778
37.5475 450.001 1.93699e-06 0.00458603 0.00473936
37.5876 450.001 1.93359e-06 0.00464803 0.00465789
37.6276 450.001 1.93021e-06 0.00471532 0.00471598
37.6677 450.001 1.92687e-06 0.004715 0.00471568
37.7077 450.001 1.92358e-06 0.00463823 0.00463933
37.7477 450.001 1.92032e-06 0.0045466 0.00468173
37.7878 450.001 1.91705e-06 0.00451515 0.0046947
37.8278 450.001 1.91377e-06 0.00456532 0.00462464
37.8679 450.001 1.91049e-06 0.00464253 0.00464365
37.9079 450.001 1.90719e-06 0.00466988 0.00466988
37.9479 450.001 1.90383e-06 0.00461389 0.00461389
37.988 450.001 1.90046e-06 0.00451417 0.0046009
38.028 450.001 1.89708e-06 0.00445099 0.00464416
38.0681 450.001 1.89371e-06 0.00447205 0.00460524
38.1081 450.001 1.89031e-06 0.00455061 0.00455147
38.1481 450.001 1.88694e-06 0.00461153 0.00461204
38.1882 450.001 1.88363e-06 0.00459515 0.00459553
38.2282 450.001 1.88036e-06 0.00450721 0.0045086
38.2683 450.001 1.8771e-06 0.00441428 0.00457275
38.3083 450.001 1.87389e-06 0.0043847 0.00458328
38.3483 450.001 1.87076e-06 0.00443848 0.00451244
38.3884 450.001 1.86765e-06 0.00452305 0.00452312
38.4284 450.001 1.86455e-06 0.00456078 0.00456266
38.4685 450.001 1.86145e-06 0.00451753 0.00451753
38.5085 450.001 1.85837e-06 0.00441577 0.00446214
38.5485 450.001 1.85529e-06 0.0043323 0.00452828
38.5886 450.001 1.85216e-06 0.00432615 0.00451747
38.6286 450.001 1.84899e-06 0.00439501 0.00443134
38.6687 450.001 1.84582e-06 0.00447786 0.00447852
38.7087 450.001 1.84264e-06 0.00450538 0.00450615
38.7487 450.001 1.83943e-06 0.00444882 0.00444882
38.7888 450.001 1.83619e-06 0.00434372 0.00441329
38.8288 450.001 1.83298e-06 0.00426472 0.00447559
38.8689 450.001 1.82981e-06 0.00426335 0.00445958
38.9089 450.001 1.82667e-06 0.00433546 0.00437063
38.9489 450.001 1.82353e-06 0.00442118 0.00442254
38.989 450.001 1.82045e-06 0.00445188 0.00445263
39.029 450.001 1.81744e-06 0.00439805 0.00439818
39.0691 450.001 1.81448e-06 0.00429257 0.0043464
39.1091 450.001 1.81153e-06 0.00420414 0.00441762
39.1491 450.001 1.80858e-06 0.00419187 0.00441348
39.1892 450.001 1.80568e-06 0.00425778 0.00433047
39.2292 450.001 1.8028e-06 0.00435029 0.00435044
39.2693 450.001 1.79989e-06 0.00439889 0.00439921
39.3093 450.001 1.79694e-06 0.00436273 0.00436476
39.3493 450.001 1.79398e-06 0.00426296 0.00426963
39.3894 450.001 1.79102e-06 0.00416078 0.00434742
39.4294 450.001 1.78804e-06 0.00411995 0.0043718
39.4695 450.001 1.78501e-06 0.00416331 0.00431167
39.5095 450.001 1.78193e-06 0.004257 0.004257
39.5495 450.001 1.77889e-06 0.00433271 0.00433271
39.5896 450.001 1.77588e-06 0.00433562 0.00433597
39.6296 450.001 1.77288e-06 0.0042581 0.00425849
39.6697 450.001 1.76986e-06 0.00414536 0.00424956
39.7097 450.001 1.76688e-06 0.00406509 0.00431442
39.7497 450.001 1.76398e-06 0.00406351 0.00430022
39.7898 450.001 1.76113e-06 0.00413739 0.00421025
39.8298 450.001 1.75831e-06 0.0042348 0.00423495
39.8699 450.001 1.75549e-06 0.00429068 0.00429094
39.9099 450.001 1.75271e-06 0.00426363 0.00426487
39.9499 450.001 1.75e-06 0.00416617 0.00416711
39.99 450.001 1.7473e-06 0.00405335 0.00421679
40.03 450.001 1.74457e-06 0.00398913 0.00426588
40.0701 450.001 1.74182e-06 0.00400784 0.00423229
40.1101 450.001 1.73905e-06 0.00409395 0.00413093
40.1502 450.001 1.73631e-06 0.00419215 0.00419316
40.1902 450.001 1.73354e-06 0.00423799 0.00423996
40.2302 450.001 1.73072e-06 0.00420182 0.00420295
40.2703 450.001 1.72784e-06 0.00409985 0.00410106
40.3103 450.001 1.72498e-06 0.0039855 0.0041637
40.3504 450.001 1.72213e-06 0.00392216 0.00421191
40.3904 450.001 1.71929e-06 0.00394275 0.00417808
40.4304 450.001 1.71642e-06 0.0040288 0.00407682
40.4705 450.001 1.71354e-06 0.00412953 0.00412953
40.5105 450.001 1.71072e-06 0.00418429 0.00418445
40.5506 450.001 1.70796e-06 0.00415874 0.00415874
40.5906 450.001 1.70525e-06 0.00406074 0.00406081
40.6306 450.001 1.70255e-06 0.003942 0.00409023
40.6707 450.001 1.69985e-06 0.0038633 0.00415528
40.7107 450.001 1.69722e-06 0.0038624 0.00414137
40.7508 450.001 1.69465e-06 0.00393697 0.00405243
40.7908 450.001 1.69211e-06 0.00404206 0.00404366
40.8308 450.001 1.68957e-06 0.00412054 0.00412174
40.8709 450.001 1.68699e-06 0.00412405 0.00412622
40.9109 450.001 1.68442e-06 0.00405022 0.00405086
40.951 450.001 1.68188e-06 0.00392965 0.00398824
40.991 450.001 1.67935e-06 0.00382572 0.00407947
41.031 450.001 1.67676e-06 0.00378408 0.00410679
41.0711 450.001 1.67412e-06 0.00382507 0.0040516
41.1111 450.001 1.67144e-06 0.0039238 0.00394653
41.1512 450.001 1.66878e-06 0.00402778 0.00402778
41.1912 450.001 1.66613e-06 0.00407907 0.00408077
41.2312 450.001 1.66346e-06 0.0040522 0.00405242
41.2713 450.001 1.66075e-06 0.00395411 0.00395512
41.3113 450.001 1.65801e-06 0.00383151 0.00396284
41.3514 450.001 1.65532e-06 0.00373892 0.00404196
41.3914 450.001 1.65269e-06 0.00371986 0.00404894
41.4314 450.001 1.6501e-06 0.0037786 0.00397626
41.4715 450.001 1.64751e-06 0.0038846 0.00388897
41.5115 450.001 1.64492e-06 0.00398458 0.00398545
41.5516 450.001 1.64237e-06 0.0040289 0.00402904
41.5916 450.001 1.6399e-06 0.00399292 0.00399329
41.6316 450.001 1.6375e-06 0.00388991 0.00389049
41.6717 450.001 1.63511e-06 0.00376507 0.00390906
41.7117 450.001 1.6327e-06 0.00367249 0.00398965
41.7518 450.001 1.63029e-06 0.00365091 0.00399737
41.7918 450.001 1.62789e-06 0.00370736 0.00392805
41.8318 450.001 1.62555e-06 0.00381278 0.00382802
41.8719 450.001 1.62322e-06 0.00391883 0.00391991
41.9119 450.001 1.62085e-06 0.00397529 0.00397626
41.952 450.001 1.61842e-06 0.00395273 0.00395398
41.992 450.001 1.61595e-06 0.00386043 0.00386043
42.032 450.001 1.61349e-06 0.00373356 0.00382369
42.0721 450.001 1.61105e-06 0.00362622 0.00391852
42.1121 450.001 1.6086e-06 0.00358017 0.00395195
42.1522 450.001 1.60609e-06 0.00361391 0.00390614
42.1922 450.001 1.60353e-06 0.00370898 0.00379835
42.2322 450.001 1.60096e-06 0.00382318 0.0038232
42.2723 450.001 1.59844e-06 0.00390645 0.00390659
42.3123 450.001 1.59596e-06 0.00392149 0.00392177
42.3524 450.001 1.59351e-06 0.00385925 0.00385987
42.3924 450.001 1.59104e-06 0.00374351 0.00374783
42.4324 450.001 1.58856e-06 0.00361761 0.0038153
42.4725 450.001 1.58611e-06 0.0035304 0.0038894
42.5125 450.001 1.58373e-06 0.00351513 0.00389176
42.5526 450.001 1.58144e-06 0.00357571 0.00381997
42.5926 450.001 1.57918e-06 0.00368405 0.00371314
42.6326 450.001 1.57692e-06 0.00379602 0.00379697
42.6727 450.001 1.57463e-06 0.00386615 0.00386673
42.7127 450.001 1.57237e-06 0.00386279 0.00386394
42.7528 450.001 1.57016e-06 0.00378703 0.00378805
42.7928 450.001 1.568e-06 0.00366445 0.003683
42.8328 450.001 1.56586e-06 0.00354056 0.00377085
42.8729 450.001 1.56368e-06 0.0034586 0.00384091
42.9129 450.001 1.56144e-06 0.00344811 0.00383935
42.953 450.001 1.55917e-06 0.00351146 0.0037635
42.993 450.001 1.55692e-06 0.00362164 0.00365535
43.033 450.001 1.55469e-06 0.00373634 0.00373683
43.0731 450.001 1.55246e-06 0.00381087 0.00381133
43.1131 450.001 1.55018e-06 0.00381555 0.00381708
43.1532 450.001 1.54783e-06 0.00374807 0.0037486
43.1932 450.001 1.54544e-06 0.00362944 0.00363333
43.2332 450.001 1.54306e-06 0.0034998 0.0036938
43.2733 450.001 1.54072e-06 0.00340418 0.00377867
43.3133 450.001 1.53842e-06 0.00337441 0.00379704
43.3534 450.001 1.53611e-06 0.00341866 0.00374105
43.3934 450.001 1.53377e-06 0.00351965 0.00362828
43.4334 450.001 1.5314e-06 0.00363919 0.00364053
43.4735 450.001 1.52906e-06 0.00373581 0.00373647
43.5135 450.001 1.52679e-06 0.00377283 0.0037737
43.5536 450.001 1.52459e-06 0.00373674 0.00373717
43.5936 450.001 1.52245e-06 0.00363688 0.00363736
43.6336 450.001 1.52031e-06 0.00350611 0.00357651
43.6737 450.001 1.51814e-06 0.00338603 0.0036832
43.7137 450.001 1.51598e-06 0.00331456 0.00374342
43.7538 450.001 1.51386e-06 0.00331346 0.00373393
43.7938 450.001 1.51182e-06 0.00338117 0.00365479
43.8338 450.001 1.50984e-06 0.00349423 0.00354228
43.8739 450.001 1.50787e-06 0.00361383 0.00361383
43.9139 450.001 1.50586e-06 0.00369874 0.00369934
43.954 450.001 1.50379e-06 0.00372103 0.00372214
43.994 450.001 1.50171e-06 0.00367218 0.00367291
44.034 450.001 1.49965e-06 0.00356474 0.00356565
44.0741 450.001 1.49763e-06 0.00343213 0.00352776
44.1141 450.001 1.49562e-06 0.00331424 0.00363492
44.1542 450.001 1.49358e-06 0.00324454 0.00369289
44.1942 450.001 1.49147e-06 0.00324435 0.00368282
44.2342 450.001 1.4893e-06 0.00331191 0.00360508
44.2743 450.001 1.48709e-06 0.0034235 0.00348932
44.3143 450.001 1.48491e-06 0.00354522 0.00354573
44.3544 450.001 1.48276e-06 0.0036378 0.00363881
44.3944 450.001 1.48063e-06 0.00367237 0.0036733
44.4344 450.001 1.4785e-06 0.00363709 0.00363709
44.4745 450.001 1.4763e-06 0.00353957 0.00354043
44.5145 450.001 1.47407e-06 0.00340963 0.0034525
44.5546 450.001 1.47184e-06 0.00328188 0.00355027
44.5946 450.001 1.46967e-06 0.00319299 0.00363025
44.6346 450.001 1.46757e-06 0.00316631 0.00364571
44.6747 450.001 1.46552e-06 0.00320888 0.00359303
44.7147 450.001 1.4635e-06 0.00330627 0.00348506
44.7548 450.001 1.46146e-06 0.00342909 0.00343422
44.7948 450.001 1.45939e-06 0.00354232 0.00354262
44.8348 450.001 1.45734e-06 0.0036106 0.00361254
44.8749 450.001 1.45534e-06 0.00361613 0.00361701
44.9149 450.001 1.45343e-06 0.00355455 0.00355512
44.955 450.001 1.45159e-06 0.00344108 0.00344185
44.995 450.001 1.44977e-06 0.00330577 0.00341407
45.035 450.001 1.44791e-06 0.00318633 0.00352446
45.0751 450.001 1.44602e-06 0.0031113 0.00358953
45.1151 450.001 1.4441e-06 0.00309976 0.003591
45.1552 450.001 1.4422e-06 0.00315441 0.0035273
45.1952 450.001 1.44034e-06 0.00325917 0.00341189
45.2352 450.001 1.43853e-06 0.00338333 0.00338514
45.2753 450.001 1.43673e-06 0.0034945 0.00349588
45.3153 450.001 1.43489e-06 0.00356187 0.00356343
45.3554 450.001 1.43297e-06 0.0035667 0.00356787
45.3954 450.001 1.43099e-06 0.00350649 0.00350762
45.4354 450.001 1.42898e-06 0.00339581 0.00339599
45.4755 450.001 1.42699e-06 0.00326187 0.00334763
45.5155 450.001 1.42504e-06 0.00313663 0.0034566
45.5556 450.001 1.42311e-06 0.00305163 0.00353141
45.5956 450.001 1.42117e-06 0.00302636 0.00354751
45.6356 450.001 1.41918e-06 0.00306666 0.00349807
45.6757 450.001 1.41712e-06 0.00315912 0.00339487
45.7157 450.001 1.41503e-06 0.00328178 0.00331021
45.7558 450.001 1.41294e-06 0.00340276 0.00340347
45.7958 450.001 1.41092e-06 0.00349027 0.00349181
45.8358 450.001 1.40896e-06 0.00352291 0.00352487
45.8759 450.001 1.40705e-06 0.00349239 0.00349439
45.9159 450.001 1.40514e-06 0.00340378 0.00340466
45.956 450.001 1.4032e-06 0.00327815 0.00329063
45.996 450.001 1.40124e-06 0.00314349 0.00333563
46.036 450.001 1.39927e-06 0.00303108 0.00343836
46.0761 450.001 1.39735e-06 0.00296564 0.00349473
46.1161 450.001 1.3955e-06 0.00296181 0.00348852
46.1562 450.001 1.39374e-06 0.0030193 0.0034218
46.1962 450.001 1.39204e-06 0.00312325 0.00330948
46.2362 450.001 1.39034e-06 0.00324803 0.0032611
46.2763 450.001 1.38861e-06 0.00336557 0.00336673
46.3163 450.001 1.38684e-06 0.00344822 0.00344859
46.3564 450.001 1.38505e-06 0.00347483 0.00347559
46.3964 450.001 1.3833e-06 0.00343877 0.00344002
46.4364 450.001 1.38159e-06 0.00334958 0.00334958
46.4765 450.001 1.37995e-06 0.00322333 0.0032355
46.5165 450.001 1.37835e-06 0.00308831 0.00327261
46.5566 450.001 1.37673e-06 0.00297332 0.00337907
46.5966 450.001 1.37505e-06 0.00290223 0.00344281
46.6366 450.001 1.37329e-06 0.00288816 0.00344621
46.6767 450.001 1.37149e-06 0.00293478 0.00339041
46.7167 450.001 1.36967e-06 0.0030303 0.00328594
46.7568 450.001 1.36788e-06 0.00315341 0.00319775
46.7968 450.001 1.36614e-06 0.00327714 0.00327714
46.8368 450.001 1.36442e-06 0.00337342 0.00337342
46.8769 450.001 1.36269e-06 0.00342237 0.00342269
46.9169 450.001 1.36091e-06 0.00341334 0.00341347
46.957 450.001 1.35904e-06 0.0033457 0.00334638
46.997 450.001 1.35713e-06 0.00323438 0.00323461
47.037 450.001 1.35519e-06 0.00310121 0.00317129
47.0771 450.001 1.35329e-06 0.00297163 0.00326629
47.1171 450.001 1.35143e-06 0.00287056 0.00335841
47.1572 450.001 1.34963e-06 0.00282 0.00340119
47.1972 450.001 1.34787e-06 0.00282697 0.00338575
47.2372 450.001 1.34609e-06 0.00288954 0.00331459
47.2773 450.001 1.34427e-06 0.00299436 0.00320148
47.3173 450.001 1.34241e-06 0.0031195 0.0031442
47.3574 450.001 1.34054e-06 0.0032405 0.00324085
47.3974 450.001 1.33869e-06 0.00333122 0.00333209
47.4374 450.001 1.33691e-06 0.00337544 0.00337634
47.4775 450.001 1.33522e-06 0.00336234 0.0033631
47.5175 450.001 1.3336e-06 0.00329494 0.00329539
47.5576 450.001 1.33201e-06 0.00318412 0.00318491
47.5976 450.001 1.33042e-06 0.00305105 0.0031146
47.6376 450.001 1.32878e-06 0.00292015 0.00319872
47.6777 450.001 1.32712e-06 0.0028152 0.00329613
47.7177 450.001 1.32544e-06 0.00275483 0.00334834
47.7578 450.001 1.3238e-06 0.00275026 0.00334504
47.7978 450.001 1.32222e-06 0.00279973 0.00328729
47.8378 450.001 1.32072e-06 0.00289463 0.00318505
47.8779 450.001 1.31927e-06 0.003015 0.00308861
47.9179 450.001 1.31783e-06 0.00314052 0.00314118
47.958 450.001 1.31636e-06 0.00324643 0.00324689
47.998 450.001 1.31483e-06 0.00331312 0.00331312
48.038 450.001 1.31323e-06 0.00332796 0.00332796
48.0781 450.001 1.3116e-06 0.00328695 0.00328772
48.1181 450.001 1.30997e-06 0.00319825 0.00319865
48.1582 450.001 1.30838e-06 0.00307732 0.00308287
48.1982 450.001 1.30683e-06 0.00294291 0.00307341
48.2382 450.001 1.30532e-06 0.00281913 0.00317984
48.2783 450.001 1.3038e-06 0.00272491 0.00326516
48.3183 450.001 1.30225e-06 0.00267817 0.00330474
48.3584 450.001 1.30062e-06 0.00268488 0.00329024
48.3984 450.001 1.29892e-06 0.00274304 0.00322379
48.4384 450.001 1.29716e-06 0.00284184 0.0031171
48.4785 450.001 1.2954e-06 0.00296474 0.00303248
48.5185 450.001 1.29366e-06 0.00308857 0.00308951
48.5586 450.001 1.29198e-06 0.00319354 0.00319447
48.5986 450.001 1.29034e-06 0.00326066 0.00326269
48.6386 450.001 1.28874e-06 0.00328035 0.00328145
48.6787 450.001 1.28712e-06 0.00324647 0.00324698
48.7187 450.001 1.28545e-06 0.00316403 0.00316524
48.7588 450.001 1.28373e-06 0.00304785 0.00304943
48.7988 450.001 1.28197e-06 0.00291536 0.00300621
48.8388 450.001 1.28021e-06 0.00278645 0.003095
48.8789 450.001 1.27848e-06 0.00268257 0.00319212
48.9189 450.001 1.27682e-06 0.00261877 0.00324772
48.959 450.001 1.27525e-06 0.00260489 0.00325492
48.999 450.001 1.27373e-06 0.00264194 0.00321
49.039 450.001 1.27225e-06 0.00272335 0.00312071
49.0791 450.001 1.27076e-06 0.00283589 0.00300533
49.1191 450.001 1.26923e-06 0.00296132 0.0029841
49.1592 450.001 1.26767e-06 0.00308038 0.00308113
49.1992 450.001 1.26608e-06 0.00317236 0.00317375
49.2392 450.001 1.26451e-06 0.00322491 0.00322628
49.2793 450.001 1.263e-06 0.00322832 0.00322963
49.3193 450.001 1.26156e-06 0.00318176 0.00318239
49.3594 450.001 1.26019e-06 0.0030909 0.00309231
49.3994 450.001 1.25889e-06 0.00297158 0.00297857
49.4394 450.001 1.25759e-06 0.0028392 0.00295573
49.4795 450.001 1.25627e-06 0.00271272 0.00304855
49.5195 450.001 1.2549e-06 0.00261206 0.00314355
49.5596 450.001 1.25348e-06 0.00254846 0.00319881
49.5996 450.001 1.25201e-06 0.00253336 0.00320692
49.6396 450.001 1.25053e-06 0.00256669 0.00316614
49.6797 450.001 1.24908e-06 0.00264359 0.00308221
49.7197 450.001 1.24768e-06 0.00275217 0.00296771
49.7598 450.001 1.24634e-06 0.00287648 0.00292292
49.7998 450.001 1.24503e-06 0.00299756 0.00299799
49.8398 450.001 1.24372e-06 0.00309858 0.00309961
49.8799 450.001 1.24236e-06 0.00316468 0.00316484
49.9199 450.001 1.24095e-06 0.00318505 0.00318573
49.96 450.001 1.23945e-06 0.00315753 0.00315978
50 450.001 1.23789e-06 0.00308653 0.00308712
