#S 1 spectral density
#N 2
#UFWHM 131.414
#L  abscissas [um]  spectral density
-1250  3.27735e+18
-1246.87  4.13484e+18
-1243.74  2.88997e+18
-1240.61  3.99164e+18
-1237.48  3.49925e+18
-1234.36  3.18256e+18
-1231.23  3.90223e+18
-1228.1  3.28397e+18
-1224.97  3.67529e+18
-1221.84  3.6075e+18
-1218.71  3.61323e+18
-1215.58  3.30901e+18
-1212.45  3.83328e+18
-1209.32  3.61964e+18
-1206.2  3.36126e+18
-1203.07  4.33628e+18
-1199.94  2.83101e+18
-1196.81  4.06346e+18
-1193.68  3.94358e+18
-1190.55  2.9839e+18
-1187.42  4.78475e+18
-1184.29  2.86699e+18
-1181.16  3.90831e+18
-1178.04  4.31453e+18
-1174.91  2.92873e+18
-1171.78  4.60661e+18
-1168.65  3.34287e+18
-1165.52  3.73691e+18
-1162.39  4.30856e+18
-1159.26  3.40117e+18
-1156.13  4.02542e+18
-1153  3.81165e+18
-1149.87  3.9071e+18
-1146.75  3.86366e+18
-1143.62  4.13204e+18
-1140.49  3.63032e+18
-1137.36  3.94862e+18
-1134.23  4.35634e+18
-1131.1  3.36796e+18
-1127.97  4.62261e+18
-1124.84  3.76324e+18
-1121.71  3.89035e+18
-1118.59  4.69131e+18
-1115.46  3.3251e+18
-1112.33  4.62828e+18
-1109.2  4.13684e+18
-1106.07  4.02747e+18
-1102.94  4.61901e+18
-1099.81  3.8878e+18
-1096.68  4.4178e+18
-1093.55  4.20149e+18
-1090.43  4.54335e+18
-1087.3  4.19339e+18
-1084.17  4.61506e+18
-1081.04  4.47905e+18
-1077.91  3.88465e+18
-1074.78  5.26307e+18
-1071.65  3.76201e+18
-1068.52  4.85718e+18
-1065.39  4.93097e+18
-1062.27  3.62869e+18
-1059.14  5.77289e+18
-1056.01  3.78379e+18
-1052.88  4.6437e+18
-1049.75  5.43405e+18
-1046.62  3.75604e+18
-1043.49  5.68317e+18
-1040.36  4.40442e+18
-1037.23  4.65869e+18
-1034.11  5.62225e+18
-1030.98  4.38217e+18
-1027.85  5.29121e+18
-1024.72  5.21627e+18
-1021.59  5.10555e+18
-1018.46  5.38793e+18
-1015.33  5.44779e+18
-1012.2  5.35399e+18
-1009.07  5.76552e+18
-1005.95  5.81028e+18
-1002.82  5.26777e+18
-999.687  6.3676e+18
-996.558  5.74136e+18
-993.429  5.97273e+18
-990.3  6.57152e+18
-987.172  5.82436e+18
-984.043  6.73326e+18
-980.914  6.19142e+18
-977.785  6.30875e+18
-974.656  6.62178e+18
-971.527  6.4338e+18
-968.398  6.66711e+18
-965.269  6.45659e+18
-962.14  6.99358e+18
-959.011  6.06561e+18
-955.882  6.86508e+18
-952.754  6.46766e+18
-949.625  5.76699e+18
-946.496  7.32163e+18
-943.367  5.35569e+18
-940.238  6.67699e+18
-937.109  6.37421e+18
-933.98  5.00597e+18
-930.851  7.11185e+18
-927.722  4.67222e+18
-924.593  5.75146e+18
-921.464  6.01892e+18
-918.336  4.34858e+18
-915.207  6.05112e+18
-912.078  4.57402e+18
-908.949  5.08894e+18
-905.82  5.07228e+18
-902.691  4.33097e+18
-899.562  5.052e+18
-896.433  4.3717e+18
-893.304  4.69835e+18
-890.175  4.11953e+18
-887.046  4.85152e+18
-883.918  4.21783e+18
-880.789  4.0145e+18
-877.66  5.26445e+18
-874.531  3.56538e+18
-871.402  5.10777e+18
-868.273  4.55774e+18
-865.144  4.08231e+18
-862.015  5.5792e+18
-858.886  3.77683e+18
-855.757  5.20558e+18
-852.628  4.95015e+18
-849.5  4.3024e+18
-846.371  5.60836e+18
-843.242  4.79795e+18
-840.113  5.21476e+18
-836.984  5.39919e+18
-833.855  5.38623e+18
-830.726  5.07023e+18
-827.597  5.67481e+18
-824.468  5.29956e+18
-821.339  4.81169e+18
-818.21  6.24491e+18
-815.082  4.42781e+18
-811.953  5.70773e+18
-808.824  5.72663e+18
-805.695  4.34402e+18
-802.566  6.50451e+18
-799.437  4.32665e+18
-796.308  5.46797e+18
-793.179  5.66788e+18
-790.05  3.92137e+18
-786.921  6.1499e+18
-783.792  4.32695e+18
-780.663  4.7541e+18
-777.535  5.43582e+18
-774.406  4.30715e+18
-771.277  5.04839e+18
-768.148  4.72629e+18
-765.019  5.04673e+18
-761.89  4.42795e+18
-758.761  5.26098e+18
-755.632  4.96908e+18
-752.503  4.55617e+18
-749.374  5.94303e+18
-746.245  4.48164e+18
-743.117  5.82611e+18
-739.988  5.52006e+18
-736.859  5.04967e+18
-733.73  6.55479e+18
-730.601  4.97102e+18
-727.472  6.33568e+18
-724.343  6.16294e+18
-721.214  5.59661e+18
-718.085  6.8978e+18
-714.956  6.13932e+18
-711.827  6.60731e+18
-708.699  6.96199e+18
-705.57  7.00773e+18
-702.441  6.87638e+18
-699.312  7.76041e+18
-696.183  7.31255e+18
-693.054  7.26448e+18
-689.925  8.71577e+18
-686.796  6.68894e+18
-683.667  8.75772e+18
-680.538  8.24446e+18
-677.409  6.98227e+18
-674.281  1.00407e+19
-671.152  7.03492e+18
-668.023  8.91614e+18
-664.894  9.6076e+18
-661.765  7.40927e+18
-658.636  1.05002e+19
-655.507  8.75286e+18
-652.378  9.42681e+18
-649.249  1.04475e+19
-646.12  9.6113e+18
-642.991  1.07919e+19
-639.863  1.04543e+19
-636.734  1.1541e+19
-633.605  1.08884e+19
-630.476  1.21087e+19
-627.347  1.24259e+19
-624.218  1.16413e+19
-621.089  1.4099e+19
-617.96  1.24309e+19
-614.831  1.37856e+19
-611.702  1.47093e+19
-608.573  1.33107e+19
-605.445  1.55497e+19
-602.316  1.46887e+19
-599.187  1.48875e+19
-596.058  1.59414e+19
-592.929  1.52262e+19
-589.8  1.55065e+19
-586.671  1.61161e+19
-583.542  1.53675e+19
-580.413  1.53338e+19
-577.284  1.63705e+19
-574.155  1.41247e+19
-571.027  1.57812e+19
-567.898  1.50737e+19
-564.769  1.30179e+19
-561.64  1.60887e+19
-558.511  1.20891e+19
-555.382  1.35644e+19
-552.253  1.40978e+19
-549.124  1.00444e+19
-545.995  1.41357e+19
-542.866  1.03813e+19
-539.737  1.03648e+19
-536.609  1.24501e+19
-533.48  7.99301e+18
-530.351  1.10549e+19
-527.222  9.52394e+18
-524.093  7.90792e+18
-520.964  1.03563e+19
-517.835  7.90453e+18
-514.706  8.30757e+18
-511.577  9.51632e+18
-508.448  7.60505e+18
-505.319  8.62078e+18
-502.191  9.72908e+18
-499.062  7.3275e+18
-495.933  1.02529e+19
-492.804  9.59633e+18
-489.675  8.11218e+18
-486.546  1.2617e+19
-483.417  8.43732e+18
-480.288  1.15556e+19
-477.159  1.27974e+19
-474.03  8.93704e+18
-470.901  1.54163e+19
-467.772  1.06859e+19
-464.644  1.29174e+19
-461.515  1.56236e+19
-458.386  1.02713e+19
-455.257  1.70477e+19
-452.128  1.25709e+19
-448.999  1.35581e+19
-445.87  1.68011e+19
-442.741  1.09802e+19
-439.612  1.68669e+19
-436.483  1.29953e+19
-433.354  1.2923e+19
-430.226  1.59461e+19
-427.097  1.04653e+19
-423.968  1.50204e+19
-420.839  1.18931e+19
-417.71  1.12191e+19
-414.581  1.37572e+19
-411.452  9.1361e+18
-408.323  1.25502e+19
-405.194  1.02613e+19
-402.065  9.51977e+18
-398.936  1.1725e+19
-395.808  8.23454e+18
-392.679  1.10263e+19
-389.55  9.6171e+18
-386.421  9.27803e+18
-383.292  1.14147e+19
-380.163  9.12108e+18
-377.034  1.17728e+19
-373.905  1.11479e+19
-370.776  1.14782e+19
-367.647  1.3625e+19
-364.518  1.241e+19
-361.39  1.50728e+19
-358.261  1.498e+19
-355.132  1.59085e+19
-352.003  1.78741e+19
-348.874  1.74271e+19
-345.745  1.98553e+19
-342.616  1.99595e+19
-339.487  2.1046e+19
-336.358  2.25484e+19
-333.229  2.2348e+19
-330.1  2.41699e+19
-326.972  2.41038e+19
-323.843  2.47863e+19
-320.714  2.56825e+19
-317.585  2.51071e+19
-314.456  2.62664e+19
-311.327  2.56009e+19
-308.198  2.57492e+19
-305.069  2.598e+19
-301.94  2.47765e+19
-298.811  2.56196e+19
-295.682  2.40411e+19
-292.554  2.43213e+19
-289.425  2.36702e+19
-286.296  2.26043e+19
-283.167  2.32804e+19
-280.038  2.13143e+19
-276.909  2.25336e+19
-273.78  2.10064e+19
-270.651  2.16012e+19
-267.522  2.16664e+19
-264.393  2.11409e+19
-261.264  2.29324e+19
-258.136  2.18718e+19
-255.007  2.45362e+19
-251.878  2.41408e+19
-248.749  2.65713e+19
-245.62  2.77937e+19
-242.491  2.94142e+19
-239.362  3.23741e+19
-236.233  3.34187e+19
-233.104  3.74379e+19
-229.975  3.86375e+19
-226.846  4.27469e+19
-223.718  4.47505e+19
-220.589  4.8251e+19
-217.46  5.1202e+19
-214.331  5.39283e+19
-211.202  5.74265e+19
-208.073  5.96299e+19
-204.944  6.30196e+19
-201.815  6.50379e+19
-198.686  6.77879e+19
-195.557  6.97517e+19
-192.428  7.16994e+19
-189.3  7.34454e+19
-186.171  7.48059e+19
-183.042  7.60129e+19
-179.913  7.72057e+19
-176.784  7.76453e+19
-173.655  7.90719e+19
-170.526  7.88308e+19
-167.397  8.07303e+19
-164.268  8.03034e+19
-161.139  8.27461e+19
-158.01  8.29766e+19
-154.882  8.59783e+19
-151.753  8.7894e+19
-148.624  9.15808e+19
-145.495  9.62014e+19
-142.366  1.0095e+20
-139.237  1.09135e+20
-136.108  1.15634e+20
-132.979  1.28008e+20
-129.85  1.37221e+20
-126.721  1.54176e+20
-123.592  1.67233e+20
-120.463  1.88982e+20
-117.335  2.07025e+20
-114.206  2.3367e+20
-111.077  2.577e+20
-107.948  2.89291e+20
-104.819  3.20036e+20
-101.69  3.56592e+20
-98.5611  3.94431e+20
-95.4322  4.35926e+20
-92.3033  4.80847e+20
-89.1744  5.2717e+20
-86.0455  5.78778e+20
-82.9166  6.29677e+20
-79.7877  6.87218e+20
-76.6587  7.42251e+20
-73.5298  8.04664e+20
-70.4009  8.63155e+20
-67.272  9.29124e+20
-64.1431  9.90146e+20
-61.0142  1.05816e+21
-57.8853  1.12054e+21
-54.7564  1.18895e+21
-51.6275  1.25131e+21
-48.4986  1.31838e+21
-45.3697  1.37918e+21
-42.2407  1.44316e+21
-39.1118  1.50076e+21
-35.9829  1.55991e+21
-32.854  1.61267e+21
-29.7251  1.66536e+21
-26.5962  1.71169e+21
-23.4673  1.75643e+21
-20.3384  1.79488e+21
-17.2095  1.83037e+21
-14.0806  1.85972e+21
-10.9516  1.88492e+21
-7.82273  1.9042e+21
-4.69382  1.91834e+21
-1.56491  1.92693e+21
1.564  1.92957e+21
4.69291  1.92717e+21
7.82182  1.9182e+21
10.9507  1.9049e+21
14.0796  1.88456e+21
17.2085  1.8608e+21
20.3375  1.82966e+21
23.4664  1.79621e+21
26.5953  1.75515e+21
29.7242  1.7131e+21
32.8531  1.66327e+21
35.982  1.61395e+21
39.1109  1.55676e+21
42.2398  1.50166e+21
45.3687  1.43869e+21
48.4977  1.37943e+21
51.6266  1.31241e+21
54.7555  1.25062e+21
57.8844  1.18134e+21
61.0133  1.1186e+21
64.1422  1.04888e+21
67.2711  9.86653e+20
70.4  9.18241e+20
73.5289  8.57812e+20
76.6578  7.92367e+20
79.7867  7.34796e+20
82.9157  6.7379e+20
86.0446  6.19911e+20
89.1735  5.64571e+20
92.3024  5.14996e+20
95.4313  4.66239e+20
98.5602  4.21388e+20
101.689  3.79769e+20
104.818  3.39915e+20
107.947  3.0559e+20
111.076  2.709e+20
114.205  2.43619e+20
117.334  2.14189e+20
120.463  1.93333e+20
123.591  1.69191e+20
126.72  1.53849e+20
129.849  1.34935e+20
132.978  1.24026e+20
136.107  1.10138e+20
139.236  1.02563e+20
142.365  9.32916e+19
145.494  8.80786e+19
148.623  8.27705e+19
151.752  7.918e+19
154.881  7.69451e+19
158.01  7.45029e+19
161.138  7.42982e+19
164.267  7.27412e+19
167.396  7.35233e+19
170.525  7.26758e+19
173.654  7.35837e+19
176.783  7.32176e+19
179.912  7.37206e+19
183.041  7.34714e+19
186.17  7.34107e+19
189.299  7.28077e+19
192.428  7.22961e+19
195.556  7.0915e+19
198.685  7.01246e+19
201.814  6.77965e+19
204.943  6.67366e+19
208.072  6.36889e+19
211.201  6.21108e+19
214.33  5.89185e+19
217.459  5.64376e+19
220.588  5.37533e+19
223.717  5.01547e+19
226.846  4.83285e+19
229.974  4.38781e+19
233.103  4.26981e+19
236.232  3.82154e+19
239.361  3.69882e+19
242.49  3.35376e+19
245.619  3.15402e+19
248.748  2.98484e+19
251.877  2.69052e+19
255.006  2.68647e+19
258.135  2.3631e+19
261.264  2.4295e+19
264.392  2.19431e+19
267.521  2.21293e+19
270.65  2.15548e+19
273.779  2.06979e+19
276.908  2.18045e+19
280.037  2.03947e+19
283.166  2.20828e+19
286.295  2.1248e+19
289.424  2.22361e+19
292.553  2.27209e+19
295.682  2.25734e+19
298.81  2.39958e+19
301.939  2.34154e+19
305.068  2.45667e+19
308.197  2.45808e+19
311.326  2.45915e+19
314.455  2.53689e+19
317.584  2.4591e+19
320.713  2.51627e+19
323.842  2.47315e+19
326.971  2.40749e+19
330.1  2.44792e+19
333.228  2.28537e+19
336.357  2.31477e+19
339.486  2.20004e+19
342.615  2.08348e+19
345.744  2.10696e+19
348.873  1.85729e+19
352.002  1.91558e+19
355.131  1.72461e+19
358.26  1.62148e+19
361.389  1.64342e+19
364.518  1.35503e+19
367.646  1.4825e+19
370.775  1.24743e+19
373.904  1.20621e+19
377.033  1.25435e+19
380.162  9.69054e+18
383.291  1.18859e+19
386.42  9.47128e+18
389.549  9.75197e+18
392.678  1.08442e+19
395.807  8.00266e+18
398.936  1.1238e+19
402.064  8.88019e+18
405.193  9.57242e+18
408.322  1.15316e+19
411.451  8.26564e+18
414.58  1.25388e+19
417.709  1.00855e+19
420.838  1.07056e+19
423.967  1.36164e+19
427.096  9.3674e+18
430.225  1.44904e+19
433.354  1.17713e+19
436.482  1.17799e+19
439.611  1.55857e+19
442.74  1.00579e+19
445.869  1.55847e+19
448.998  1.27278e+19
452.127  1.16758e+19
455.256  1.61903e+19
458.385  9.68645e+18
461.514  1.48708e+19
464.643  1.24306e+19
467.772  1.01544e+19
470.901  1.49448e+19
474.029  8.51074e+18
477.158  1.23895e+19
480.287  1.11047e+19
483.416  7.98067e+18
486.545  1.21903e+19
489.674  7.39611e+18
492.803  9.13152e+18
495.932  9.34504e+18
499.061  6.4458e+18
502.19  8.85459e+18
505.319  7.09441e+18
508.447  6.55766e+18
511.576  7.67941e+18
514.705  6.49718e+18
517.834  6.11245e+18
520.963  7.64059e+18
524.092  5.81628e+18
527.221  6.45799e+18
530.35  8.00219e+18
533.479  4.96806e+18
536.608  8.41507e+18
539.737  6.98405e+18
542.865  6.00253e+18
545.994  9.78888e+18
549.123  5.7077e+18
552.252  8.8252e+18
555.381  8.91189e+18
558.51  6.52656e+18
561.639  1.05744e+19
564.768  7.54513e+18
567.897  8.79171e+18
571.026  1.00342e+19
574.155  7.72893e+18
577.283  9.89991e+18
580.412  9.0525e+18
583.541  8.4897e+18
586.67  9.49348e+18
589.799  8.77847e+18
592.928  8.18238e+18
596.057  9.16775e+18
599.186  8.01714e+18
602.315  7.54771e+18
605.444  8.92549e+18
608.573  6.34203e+18
611.701  7.78452e+18
614.83  7.45906e+18
617.959  5.42408e+18
621.088  7.87012e+18
624.217  5.38884e+18
627.346  5.90384e+18
630.475  6.58749e+18
633.604  4.72217e+18
636.733  6.05995e+18
639.862  5.24908e+18
642.991  5.29888e+18
646.119  5.09518e+18
649.248  5.56121e+18
652.377  5.10765e+18
655.506  4.81223e+18
658.635  6.4745e+18
661.764  4.12041e+18
664.893  6.32282e+18
668.022  6.04783e+18
671.151  4.49167e+18
674.28  7.82831e+18
677.409  4.99283e+18
680.537  6.63409e+18
683.666  7.59238e+18
686.795  5.38603e+18
689.924  8.30338e+18
693.053  6.68327e+18
696.182  6.99197e+18
699.311  8.23455e+18
702.44  6.75617e+18
705.569  7.85491e+18
708.698  7.73846e+18
711.827  7.31521e+18
714.955  7.70646e+18
718.084  7.87216e+18
721.213  7.25078e+18
724.342  7.84406e+18
727.471  7.81219e+18
730.6  7.09558e+18
733.729  8.24307e+18
736.858  7.05224e+18
739.987  7.6224e+18
743.116  7.7269e+18
746.245  6.62853e+18
749.373  7.98188e+18
752.502  6.62417e+18
755.631  6.97898e+18
758.76  7.33497e+18
761.889  6.37456e+18
765.018  6.94069e+18
768.147  6.69906e+18
771.276  6.73725e+18
774.405  6.12235e+18
777.534  7.11465e+18
780.663  6.2562e+18
783.792  5.98628e+18
786.92  7.52658e+18
790.049  5.28353e+18
793.178  7.12542e+18
796.307  6.58123e+18
799.436  5.55226e+18
802.565  7.7378e+18
805.694  5.18709e+18
808.823  6.8801e+18
811.952  6.60453e+18
815.081  5.13597e+18
818.21  7.31454e+18
821.338  5.31275e+18
824.467  6.10683e+18
827.596  6.43909e+18
830.725  5.37779e+18
833.854  6.25757e+18
836.983  5.70977e+18
840.112  5.61718e+18
843.241  5.40905e+18
846.37  5.67899e+18
849.499  4.7856e+18
852.628  5.12599e+18
855.756  5.31277e+18
858.885  4.03838e+18
862.014  5.48346e+18
865.143  4.15299e+18
868.272  4.45615e+18
871.401  4.9293e+18
874.53  3.36119e+18
877.659  4.95811e+18
880.788  3.67451e+18
883.917  3.70367e+18
887.046  4.40843e+18
890.174  3.43473e+18
893.303  3.99216e+18
896.432  3.6379e+18
899.561  4.05842e+18
902.69  3.46e+18
905.819  3.9753e+18
908.948  3.92495e+18
912.077  3.42672e+18
915.206  4.66741e+18
918.335  2.97747e+18
921.464  4.54767e+18
924.592  4.14344e+18
927.721  3.03449e+18
930.85  5.41843e+18
933.979  3.17148e+18
937.108  4.53426e+18
940.237  4.79548e+18
943.366  3.29537e+18
946.495  5.34423e+18
949.624  3.66427e+18
952.753  4.26657e+18
955.882  4.78709e+18
959.01  3.79008e+18
962.139  4.73383e+18
965.268  4.32115e+18
968.397  4.26562e+18
971.526  4.20219e+18
974.655  4.4513e+18
977.784  3.8312e+18
980.913  4.15539e+18
984.042  4.43267e+18
987.171  3.48093e+18
990.3  4.74768e+18
993.428  3.51059e+18
996.557  3.87326e+18
999.686  4.48756e+18
1002.82  2.98612e+18
1005.94  4.43276e+18
1009.07  3.65412e+18
1012.2  3.73085e+18
1015.33  4.13717e+18
1018.46  3.4624e+18
1021.59  4.16828e+18
1024.72  3.72828e+18
1027.85  4.10822e+18
1030.98  3.60928e+18
1034.1  4.34308e+18
1037.23  4.15442e+18
1040.36  3.56855e+18
1043.49  5.14686e+18
1046.62  3.40195e+18
1049.75  4.92979e+18
1052.88  4.64027e+18
1056.01  3.43303e+18
1059.14  5.95419e+18
1062.26  3.60105e+18
1065.39  5.04846e+18
1068.52  5.3777e+18
1071.65  3.70417e+18
1074.78  6.01659e+18
1077.91  4.16266e+18
1081.04  4.90413e+18
1084.17  5.51645e+18
1087.3  4.32518e+18
1090.42  5.52164e+18
1093.55  4.73635e+18
1096.68  4.90156e+18
1099.81  4.87263e+18
1102.94  4.92569e+18
1106.07  4.86811e+18
1109.2  4.76349e+18
1112.33  5.08741e+18
1115.46  4.06583e+18
1118.58  5.1453e+18
1121.71  4.42506e+18
1124.84  4.25546e+18
1127.97  5.0801e+18
1131.1  3.68769e+18
1134.23  4.84462e+18
1137.36  4.2305e+18
1140.49  3.84677e+18
1143.62  4.59421e+18
1146.75  3.83373e+18
1149.87  4.28955e+18
1153  3.97254e+18
1156.13  4.01496e+18
1159.26  3.79949e+18
1162.39  4.15776e+18
1165.52  3.9708e+18
1168.65  3.44501e+18
1171.78  4.57158e+18
1174.91  3.18024e+18
1178.03  4.23029e+18
1181.16  4.09281e+18
1184.29  2.87928e+18
1187.42  4.9154e+18
1190.55  3.08937e+18
1193.68  3.94996e+18
1196.81  4.34142e+18
1199.94  2.72061e+18
1203.07  4.65423e+18
1206.19  3.41595e+18
1209.32  3.62648e+18
1212.45  4.23588e+18
1215.58  3.12795e+18
1218.71  3.96525e+18
1221.84  3.70023e+18
1224.97  3.62055e+18
1228.1  3.67054e+18
1231.23  3.76674e+18
1234.35  3.38657e+18
1237.48  3.60683e+18
1240.61  3.92169e+18
1243.74  3.05169e+18
1246.87  4.12013e+18
1250  3.27854e+18
