#S 1 scored data
#N 5
#L  distance  fwhm  total_intensity  on_axis_intensity  peak_intensity
10 33.5418 9.47951e-07 0.0198652 0.0198737
10.04 30.3903 9.47533e-07 0.0186109 0.0198129
10.0801 33.5418 9.47314e-07 0.0192028 0.0200175
10.1201 30.3903 9.47287e-07 0.0190947 0.0198125
10.1602 31.2907 9.47168e-07 0.0183926 0.0200158
10.2002 30.3903 9.47164e-07 0.0178312 0.0199069
10.2402 31.2907 9.47244e-07 0.0188215 0.0197122
10.2803 33.0916 9.47201e-07 0.0196236 0.0196262
10.3203 29.4898 9.47037e-07 0.0201263 0.0205772
10.3604 29.4898 9.47038e-07 0.0201311 0.0202418
10.4004 31.2907 9.46971e-07 0.020412 0.0204128
10.4404 30.3903 9.46636e-07 0.018321 0.0208647
10.4805 28.1391 9.46272e-07 0.0196776 0.0208016
10.5205 30.3903 9.46112e-07 0.0191273 0.0209952
10.5606 29.0396 9.45896e-07 0.0202689 0.0216009
10.6006 28.5894 9.45529e-07 0.0203189 0.0213001
10.6406 28.5894 9.45273e-07 0.0206039 0.0213918
10.6807 29.0396 9.45189e-07 0.0192155 0.0208459
10.7207 30.3903 9.45113e-07 0.0224026 0.0224065
10.7608 29.4898 9.4497e-07 0.0194253 0.021293
10.8008 30.3903 9.44943e-07 0.0208029 0.0209069
10.8408 31.2907 9.44835e-07 0.0206918 0.0214932
10.8809 28.1391 9.44785e-07 0.0189363 0.0224998
10.9209 29.0396 9.44685e-07 0.0224497 0.0224515
10.961 27.6889 9.44509e-07 0.0215157 0.0219327
11.001 29.0396 9.44346e-07 0.0212853 0.0222102
11.041 30.8405 9.44109e-07 0.0222242 0.0224383
11.0811 27.4638 9.43864e-07 0.0194276 0.0230286
11.1211 28.5894 9.43634e-07 0.0212698 0.0219478
11.1612 29.4898 9.43511e-07 0.0219518 0.0221675
11.2012 28.5894 9.43366e-07 0.0223572 0.0229949
11.2412 29.4898 9.43312e-07 0.0221561 0.0223767
11.2813 28.1391 9.43241e-07 0.0219553 0.022377
11.3213 27.2387 9.43118e-07 0.0211476 0.0226558
11.3614 30.3903 9.43225e-07 0.022476 0.0224769
11.4014 28.1391 9.43113e-07 0.0220231 0.0225321
11.4414 28.1391 9.43073e-07 0.0227968 0.0227984
11.4815 29.0396 9.43031e-07 0.0221197 0.022763
11.5215 27.6889 9.4296e-07 0.0235319 0.0235346
11.5616 26.7884 9.42774e-07 0.0227361 0.0231991
11.6016 27.6889 9.42645e-07 0.0222812 0.0242035
11.6416 27.2387 9.42479e-07 0.0224543 0.0242597
11.6817 25.888 9.42175e-07 0.023662 0.0238201
11.7217 25.888 9.42107e-07 0.0232502 0.0244765
11.7618 26.3382 9.42017e-07 0.0250695 0.0250719
11.8018 24.9875 9.42036e-07 0.0221952 0.0247829
11.8418 27.2387 9.42056e-07 0.0221698 0.0249183
11.8819 25.888 9.42048e-07 0.0258901 0.0258953
11.9219 24.5373 9.42107e-07 0.0230277 0.0254144
11.962 25.4378 9.42134e-07 0.0248043 0.024807
12.002 26.7884 9.42017e-07 0.0245105 0.0248938
12.042 24.0871 9.42041e-07 0.0227371 0.0257741
12.0821 25.888 9.42065e-07 0.025063 0.0250632
12.1221 25.888 9.41739e-07 0.0254342 0.0254363
12.1622 24.5373 9.41658e-07 0.0236117 0.0259474
12.2022 25.888 9.41623e-07 0.0255816 0.0256036
12.2422 26.3382 9.41442e-07 0.0256599 0.0256624
12.2823 24.5373 9.4147e-07 0.023243 0.0262131
12.3223 25.4378 9.41515e-07 0.0261424 0.0261449
12.3624 25.888 9.41569e-07 0.0259307 0.025932
12.4024 24.5373 9.4161e-07 0.0253318 0.0259943
12.4424 25.4378 9.41422e-07 0.0261965 0.0263346
12.4825 24.0871 9.41411e-07 0.0242968 0.0271283
12.5225 25.4378 9.41332e-07 0.0266351 0.0266376
12.5626 25.4378 9.41207e-07 0.0272318 0.0272349
12.6026 24.0871 9.41177e-07 0.025466 0.0269936
12.6426 24.9875 9.41148e-07 0.0263202 0.0270061
12.6827 24.5373 9.41161e-07 0.0260278 0.0267886
12.7227 23.1866 9.41152e-07 0.0276419 0.0276446
12.7628 24.9875 9.41106e-07 0.0275383 0.0275405
12.8028 24.0871 9.41118e-07 0.0251663 0.0281839
12.8428 23.1866 9.40996e-07 0.027802 0.0278038
12.8829 22.7364 9.40974e-07 0.0283508 0.0283522
12.9229 24.5373 9.40868e-07 0.0262891 0.0282775
12.963 23.1866 9.40839e-07 0.0283024 0.0283044
13.003 24.0871 9.40815e-07 0.0281021 0.0282736
13.043 23.6369 9.40785e-07 0.0264936 0.0293396
13.0831 22.7364 9.40762e-07 0.0288696 0.0288703
13.1231 22.2862 9.40747e-07 0.0293811 0.0293813
13.1632 23.6369 9.40722e-07 0.027433 0.0299262
13.2032 23.6369 9.40739e-07 0.0281891 0.0291611
13.2432 22.2862 9.407e-07 0.0292122 0.0292698
13.2833 23.1866 9.40675e-07 0.0290066 0.030743
13.3233 23.6369 9.40677e-07 0.0292725 0.0295098
13.3634 21.836 9.4063e-07 0.0288024 0.0303744
13.4034 23.1866 9.40619e-07 0.0291647 0.0309144
13.4434 22.7364 9.40629e-07 0.0306017 0.0306034
13.4835 21.836 9.40609e-07 0.0295968 0.0303455
13.5235 23.1866 9.40621e-07 0.0287372 0.0315027
13.5636 22.7364 9.40585e-07 0.0305735 0.030574
13.6036 21.836 9.40609e-07 0.0310713 0.0310716
13.6436 22.7364 9.40682e-07 0.0300802 0.0314803
13.6837 23.1866 9.40697e-07 0.0303027 0.0308033
13.7237 22.2862 9.40639e-07 0.0307588 0.0311033
13.7638 22.7364 9.40687e-07 0.0312649 0.0314456
13.8038 21.3857 9.40737e-07 0.0312623 0.0312623
13.8438 21.836 9.40819e-07 0.0305915 0.0319849
13.8839 22.2862 9.40863e-07 0.0317532 0.0317545
13.9239 21.3857 9.40817e-07 0.0327068 0.0327099
13.964 21.836 9.40917e-07 0.0311758 0.0320503
14.004 21.836 9.41039e-07 0.031488 0.0324968
14.044 21.3857 9.41105e-07 0.0330502 0.0330529
14.0841 21.6108 9.41112e-07 0.0322246 0.0332701
14.1241 21.836 9.41144e-07 0.0322415 0.032993
14.1642 21.3857 9.41201e-07 0.0334291 0.033448
14.2042 20.4853 9.41259e-07 0.0329558 0.0335268
14.2442 21.836 9.41254e-07 0.0330042 0.0335262
14.2843 21.3857 9.41247e-07 0.0338094 0.0340503
14.3243 20.4853 9.41234e-07 0.0331024 0.0341092
14.3644 19.5848 9.41218e-07 0.0334721 0.0347135
14.4044 21.3857 9.41196e-07 0.0348995 0.0348995
14.4444 20.9355 9.41178e-07 0.0339755 0.0345292
14.4845 19.5848 9.41137e-07 0.0337585 0.035274
14.5245 20.9355 9.41087e-07 0.0354928 0.0354928
14.5646 20.9355 9.41057e-07 0.0348478 0.0349065
14.6046 19.5848 9.41018e-07 0.0338091 0.0361755
14.6446 20.4853 9.4097e-07 0.0356186 0.0356187
14.6847 20.9355 9.4096e-07 0.0361872 0.0361874
14.7247 20.0351 9.40959e-07 0.0347143 0.0362761
14.7648 20.4853 9.40903e-07 0.0357532 0.0358156
14.8048 20.0351 9.40948e-07 0.0373018 0.0373028
14.8448 20.0351 9.4092e-07 0.0357047 0.0361071
14.8849 20.0351 9.40921e-07 0.035344 0.0370713
14.9249 19.5848 9.40951e-07 0.0376419 0.037644
14.965 19.5848 9.40942e-07 0.0371976 0.0371986
15.005 19.5848 9.4091e-07 0.035731 0.0379748
15.045 20.0351 9.40918e-07 0.0378197 0.0378203
15.0851 19.1346 9.40952e-07 0.0387937 0.0387965
15.1251 19.5848 9.40923e-07 0.0368174 0.038493
15.1652 19.5848 9.40933e-07 0.0375393 0.0380784
15.2052 19.1346 9.40898e-07 0.03901 0.0390131
15.2452 18.6844 9.40899e-07 0.0380262 0.038546
15.2853 19.5848 9.40913e-07 0.0382722 0.0388806
15.3253 19.1346 9.40886e-07 0.0390399 0.0390407
15.3654 18.6844 9.40856e-07 0.0390019 0.0391477
15.4054 19.5848 9.40866e-07 0.0400562 0.0400564
15.4454 19.1346 9.40856e-07 0.0395286 0.0395291
15.4855 18.6844 9.4084e-07 0.0388567 0.0400163
15.5255 18.2342 9.40834e-07 0.0409807 0.040982
15.5656 19.1346 9.40817e-07 0.0403247 0.040326
15.6056 18.6844 9.40861e-07 0.0390155 0.0411622
15.6456 18.4593 9.40842e-07 0.041576 0.0415772
15.6857 17.7839 9.40836e-07 0.0415665 0.0415667
15.7257 18.6844 9.40819e-07 0.0402407 0.0418735
15.7658 18.6844 9.40846e-07 0.0418785 0.0418795
15.8058 17.3337 9.40885e-07 0.0423759 0.0424737
15.8458 18.6844 9.40872e-07 0.0417338 0.0417341
15.8859 18.6844 9.40835e-07 0.041288 0.0424472
15.9259 17.7839 9.40827e-07 0.0423712 0.0428246
15.966 17.7839 9.40865e-07 0.0440159 0.0440187
16.006 18.2342 9.40803e-07 0.0415641 0.0432745
16.046 17.7839 9.40832e-07 0.042214 0.0439173
16.0861 16.4332 9.40808e-07 0.0459977 0.0460024
16.1261 17.7839 9.40752e-07 0.0429102 0.0438439
16.1662 17.7839 9.40771e-07 0.0424605 0.0445926
16.2062 16.4332 9.40756e-07 0.046091 0.0460942
16.2462 17.3337 9.40701e-07 0.043838 0.044479
16.2863 17.7839 9.40705e-07 0.0434028 0.0448203
16.3263 17.3337 9.40676e-07 0.0457133 0.0457165
16.3664 17.3337 9.40659e-07 0.0450589 0.0451914
16.4064 17.3337 9.40657e-07 0.0451091 0.0452704
16.4464 17.3337 9.40631e-07 0.0458395 0.0458404
16.4865 16.8835 9.4065e-07 0.04626 0.0462611
16.5265 17.3337 9.40642e-07 0.0461834 0.0461835
16.5666 17.3337 9.40635e-07 0.0465624 0.0465633
16.6066 16.4332 9.40645e-07 0.0470327 0.0470341
16.6466 17.3337 9.40653e-07 0.045686 0.0471795
16.6867 16.8835 9.40672e-07 0.0474894 0.0474913
16.7267 16.4332 9.40669e-07 0.0483951 0.0483973
16.7668 16.8835 9.40663e-07 0.0461667 0.0483821
16.8068 16.4332 9.40677e-07 0.0484534 0.0484543
16.8468 16.4332 9.40706e-07 0.0492129 0.049213
16.8869 16.4332 9.4071e-07 0.0482268 0.0487675
16.9269 15.983 9.40687e-07 0.048896 0.048898
16.967 16.8835 9.40689e-07 0.0484639 0.0494383
17.007 15.983 9.40706e-07 0.0506919 0.0506938
17.047 15.983 9.40702e-07 0.049289 0.0492898
17.0871 16.4332 9.40708e-07 0.0473372 0.0509201
17.1271 15.5328 9.40712e-07 0.0520169 0.0520203
17.1672 15.983 9.4064e-07 0.05104 0.0510403
17.2072 15.983 9.4068e-07 0.0486184 0.0514178
17.2472 15.5328 9.40735e-07 0.0516304 0.0516321
17.2873 15.5328 9.40723e-07 0.0525856 0.0525862
17.3273 15.983 9.4071e-07 0.0513939 0.0513939
17.3674 15.5328 9.40695e-07 0.0505682 0.0517391
17.4074 15.5328 9.40704e-07 0.0523357 0.0523359
17.4474 15.5328 9.40732e-07 0.0534467 0.0534484
17.4875 15.5328 9.40761e-07 0.0514863 0.0520625
17.5275 15.5328 9.40791e-07 0.0514009 0.0525519
17.5676 15.5328 9.40773e-07 0.0538964 0.0538974
17.6076 15.5328 9.40766e-07 0.0541481 0.05415
17.6476 15.0826 9.40814e-07 0.0520503 0.0539325
17.6877 15.0826 9.40825e-07 0.0542904 0.0542917
17.7277 15.0826 9.40841e-07 0.0554337 0.0554345
17.7678 15.0826 9.40838e-07 0.0538484 0.0545218
17.8078 15.0826 9.40847e-07 0.0549378 0.0549402
17.8478 15.0826 9.40846e-07 0.0542937 0.0548555
17.8879 15.0826 9.40852e-07 0.0554515 0.0554519
17.9279 15.0826 9.40858e-07 0.0553837 0.0553845
17.968 14.6323 9.40871e-07 0.0543435 0.0556699
18.008 14.6323 9.40857e-07 0.0568037 0.0568067
18.048 14.6323 9.4086e-07 0.0552861 0.0560866
18.0881 14.6323 9.40866e-07 0.0565794 0.0565794
18.1281 14.6323 9.40851e-07 0.0578036 0.0578051
18.1682 14.1821 9.40846e-07 0.055809 0.057296
18.2082 14.6323 9.4086e-07 0.0578878 0.0578895
18.2482 14.6323 9.40852e-07 0.0578825 0.0578825
18.2883 14.6323 9.40855e-07 0.0579637 0.0579643
18.3283 14.1821 9.40872e-07 0.0573059 0.0573065
18.3684 14.1821 9.40848e-07 0.0568711 0.0579623
18.4084 14.1821 9.40839e-07 0.0597728 0.0597748
18.4484 14.1821 9.40854e-07 0.058149 0.058149
18.4885 13.7319 9.40869e-07 0.0569258 0.0585478
18.5285 14.1821 9.40858e-07 0.0594639 0.0594651
18.5686 14.1821 9.4087e-07 0.0605028 0.0605033
18.6086 14.1821 9.40871e-07 0.0596777 0.0596785
18.6486 13.7319 9.40846e-07 0.0585507 0.0593463
18.6887 13.7319 9.40822e-07 0.0603418 0.0603419
18.7287 13.7319 9.40856e-07 0.0624223 0.0624248
18.7688 13.7319 9.40852e-07 0.0593686 0.059952
18.8088 13.7319 9.40843e-07 0.058847 0.0599868
18.8488 13.7319 9.40843e-07 0.0615461 0.0615476
18.8889 13.7319 9.40804e-07 0.0613547 0.0613551
18.9289 13.2817 9.40774e-07 0.0604861 0.0604865
18.969 13.2817 9.40807e-07 0.0590832 0.061066
19.009 13.2817 9.40769e-07 0.0624188 0.0624207
19.049 13.2817 9.40773e-07 0.0630682 0.0630697
19.0891 13.2817 9.40774e-07 0.0604411 0.0617154
19.1291 13.2817 9.40734e-07 0.062108 0.0621095
19.1692 13.2817 9.40729e-07 0.0624522 0.0625358
19.2092 12.8314 9.40749e-07 0.0641011 0.064103
19.2492 13.2817 9.40748e-07 0.0615705 0.061949
19.2893 13.2817 9.40747e-07 0.0616487 0.0618415
19.3293 12.8314 9.40749e-07 0.063698 0.0637
19.3694 12.8314 9.40748e-07 0.0620087 0.0624174
19.4094 12.3812 9.40752e-07 0.0628716 0.062873
19.4494 12.8314 9.40756e-07 0.0614374 0.0623466
19.4895 12.8314 9.40774e-07 0.0634037 0.0634051
19.5295 12.8314 9.40775e-07 0.0629797 0.0629797
19.5696 12.8314 9.40777e-07 0.0627378 0.0628288
19.6096 12.3812 9.40774e-07 0.0642525 0.0642547
19.6496 12.8314 9.40778e-07 0.0629004 0.0633406
19.6897 12.3812 9.4077e-07 0.0643259 0.0643272
19.7297 12.3812 9.40762e-07 0.0635113 0.0635803
19.7698 12.3812 9.4076e-07 0.0646356 0.0646364
19.8098 12.3812 9.40748e-07 0.0633682 0.0633682
19.8498 12.3812 9.40719e-07 0.06241 0.0627606
19.8899 11.931 9.40713e-07 0.064111 0.0641119
19.9299 12.3812 9.40695e-07 0.063351 0.063351
19.97 12.3812 9.40658e-07 0.0630207 0.0630217
20.01 12.3812 9.40652e-07 0.0614112 0.0625261
20.0501 11.931 9.40636e-07 0.0636113 0.0636122
20.0901 11.4808 9.40596e-07 0.064523 0.0645245
20.1301 12.3812 9.40587e-07 0.0626524 0.0627036
20.1702 12.3812 9.40569e-07 0.062452 0.062452
20.2102 11.931 9.40535e-07 0.0633413 0.0633413
20.2503 11.4808 9.40534e-07 0.0656524 0.0656551
20.2903 11.931 9.40525e-07 0.0629185 0.0629185
20.3303 12.3812 9.40499e-07 0.0616495 0.0618168
20.3704 11.931 9.40493e-07 0.0627248 0.062725
20.4104 11.4808 9.40491e-07 0.0637578 0.0637589
20.4505 11.4808 9.40492e-07 0.0626323 0.0626331
20.4905 11.931 9.405e-07 0.0593116 0.0613186
20.5305 11.931 9.40491e-07 0.0612888 0.0612899
20.5706 11.4808 9.40485e-07 0.061777 0.0617773
20.6106 11.4808 9.40487e-07 0.0619733 0.0619751
20.6507 11.931 9.40482e-07 0.0590617 0.0600825
20.6907 11.931 9.40493e-07 0.0600254 0.0600254
20.7307 11.0305 9.40514e-07 0.0618394 0.0618408
20.7708 11.4808 9.40527e-07 0.061196 0.0611965
20.8108 11.4808 9.40521e-07 0.0600859 0.0600859
20.8509 11.931 9.40518e-07 0.0585271 0.0592828
20.8909 11.0305 9.40523e-07 0.0609995 0.0610013
20.9309 11.4808 9.40527e-07 0.0591391 0.0591416
20.971 11.4808 9.4055e-07 0.0588722 0.0588738
21.011 11.931 9.40556e-07 0.0562405 0.0571837
21.0511 11.4808 9.40561e-07 0.0576648 0.0576651
21.0911 11.4808 9.40551e-07 0.0564082 0.0564082
21.1311 11.4808 9.40543e-07 0.0558509 0.0558509
21.1712 11.4808 9.40552e-07 0.0547623 0.0547623
21.2112 11.4808 9.40549e-07 0.0545246 0.0545246
21.2513 11.4808 9.40566e-07 0.0549011 0.0549018
21.2913 11.931 9.40563e-07 0.0535333 0.0536536
21.3313 11.4808 9.40554e-07 0.0544964 0.054498
21.3714 11.931 9.40553e-07 0.0529083 0.0530199
21.4114 11.4808 9.40537e-07 0.0536942 0.0536962
21.4515 11.931 9.40534e-07 0.0512586 0.0518127
21.4915 11.4808 9.40541e-07 0.0526825 0.0526848
21.5315 11.931 9.40543e-07 0.050757 0.0507602
21.5716 11.931 9.40519e-07 0.0506051 0.0506066
21.6116 12.3812 9.40517e-07 0.0475537 0.0483212
21.6517 11.931 9.40518e-07 0.0480873 0.0480883
21.6917 11.931 9.40504e-07 0.0473029 0.0473031
21.7317 12.3812 9.40497e-07 0.0465191 0.0465198
21.7718 12.8314 9.40486e-07 0.0439869 0.0443005
21.8118 13.2817 9.40482e-07 0.0433111 0.0435091
21.8519 12.3812 9.40481e-07 0.0442159 0.0442164
21.8919 13.7319 9.40468e-07 0.0435971 0.0435973
21.9319 14.1821 9.40455e-07 0.0421143 0.042115
21.972 18.6844 9.40463e-07 0.0400083 0.0410924
22.012 17.3337 9.40463e-07 0.0414065 0.0414075
22.0521 23.6369 9.40436e-07 0.0409217 0.0409217
22.0921 22.2862 9.40433e-07 0.0401952 0.0401965
22.1321 25.4378 9.40438e-07 0.0366802 0.0378397
22.1722 26.3382 9.40447e-07 0.0370109 0.0370117
22.2122 26.3382 9.40455e-07 0.0362784 0.0362786
22.2523 26.7884 9.4046e-07 0.0362126 0.0362139
22.2923 28.1391 9.40444e-07 0.0324438 0.0333637
22.3323 28.1391 9.40439e-07 0.0315775 0.0317657
22.3724 28.1391 9.40447e-07 0.0306322 0.031017
22.4124 28.1391 9.40441e-07 0.0313336 0.0313361
22.4525 29.0396 9.40463e-07 0.0287343 0.0290163
22.4925 29.4898 9.40487e-07 0.0275134 0.0281354
22.5325 29.94 9.40501e-07 0.0263947 0.0273776
22.5726 29.94 9.40494e-07 0.027339 0.0273399
22.6126 29.4898 9.4049e-07 0.0260991 0.0272724
22.6527 29.94 9.40495e-07 0.0249319 0.0277255
22.6927 29.94 9.4051e-07 0.0233603 0.0274527
22.7327 29.4898 9.40531e-07 0.0235319 0.0281852
22.7728 28.5894 9.40558e-07 0.022751 0.0285779
22.8128 29.0396 9.40566e-07 0.0216618 0.0287373
22.8529 29.0396 9.40558e-07 0.0198527 0.028396
22.8929 29.0396 9.40551e-07 0.0190684 0.0282572
22.9329 28.5894 9.40557e-07 0.0181896 0.0284012
22.973 28.5894 9.40575e-07 0.0172907 0.0290455
23.013 28.5894 9.40578e-07 0.0160101 0.0287312
23.0531 29.4898 9.40596e-07 0.0152015 0.0285789
23.0931 29.4898 9.40598e-07 0.0145296 0.0283942
23.1331 29.4898 9.40587e-07 0.0139175 0.0288853
23.1732 32.1912 9.40579e-07 0.0133872 0.0290077
23.2132 33.0916 9.40573e-07 0.0131162 0.0290689
23.2533 33.5418 9.40572e-07 0.0129161 0.0292075
23.2933 36.2432 9.40579e-07 0.0123947 0.0286121
23.3333 36.6934 9.40585e-07 0.0119698 0.0286084
23.3734 36.6934 9.40564e-07 0.0118492 0.0285707
23.4134 38.0441 9.40548e-07 0.0119468 0.0287292
23.4535 38.4943 9.40544e-07 0.0114365 0.0276954
23.4935 38.4943 9.40537e-07 0.0106931 0.0266041
23.5335 39.3948 9.40519e-07 0.0102626 0.0255943
23.5736 39.3948 9.40515e-07 0.0105537 0.0256802
23.6136 39.845 9.40504e-07 0.0105316 0.0250139
23.6537 39.3948 9.40488e-07 0.0100175 0.0237516
23.6937 39.845 9.40481e-07 0.00950288 0.023057
23.7337 40.2952 9.40474e-07 0.0100351 0.0220113
23.7738 40.2952 9.40455e-07 0.0109161 0.0220449
23.8138 39.845 9.40452e-07 0.0113416 0.0216631
23.8539 39.3948 9.40449e-07 0.0110895 0.022732
23.8939 38.9445 9.40433e-07 0.0114981 0.0226768
23.9339 41.6459 9.40417e-07 0.0127959 0.022727
23.974 45.2477 9.40417e-07 0.0141133 0.0229702
24.014 46.1482 9.40413e-07 0.0143059 0.0236337
24.0541 45.2477 9.40408e-07 0.0140261 0.0241536
24.0941 45.2477 9.40405e-07 0.0145575 0.0237488
24.1341 45.6979 9.40408e-07 0.0158559 0.0228489
24.1742 46.1482 9.40396e-07 0.0167172 0.0229976
24.2142 46.1482 9.40393e-07 0.0162846 0.0231884
24.2543 46.1482 9.40393e-07 0.0158448 0.0232014
24.2943 45.6979 9.40392e-07 0.0162458 0.0225859
24.3343 45.6979 9.40391e-07 0.01755 0.0230473
24.3744 45.6979 9.40394e-07 0.0179906 0.0229408
24.4144 47.0486 9.40395e-07 0.0177866 0.0217994
24.4545 48.3993 9.404e-07 0.0174256 0.0206688
24.4945 50.2002 9.40397e-07 0.0184043 0.0202364
24.5345 51.1007 9.40392e-07 0.0194455 0.0201812
24.5746 51.5509 9.40394e-07 0.0201632 0.020164
24.6146 51.5509 9.40393e-07 0.019677 0.019677
24.6547 52.0011 9.40387e-07 0.0196839 0.0196839
24.6947 52.4513 9.40394e-07 0.0198661 0.0198661
24.7347 52.9016 9.40401e-07 0.0204498 0.0204501
24.7748 53.3518 9.40402e-07 0.019935 0.0203573
24.8148 53.3518 9.4039e-07 0.0191323 0.019753
24.8549 54.7025 9.4039e-07 0.0180022 0.0191752
24.8949 54.7025 9.40388e-07 0.0173329 0.0190888
24.9349 55.1527 9.40371e-07 0.0163443 0.01882
24.975 55.6029 9.40367e-07 0.0151894 0.0186507
25.015 57.4038 9.40374e-07 0.0138314 0.0181798
25.0551 57.4038 9.40364e-07 0.0127101 0.0182135
25.0951 56.9536 9.40352e-07 0.0117235 0.0181575
25.1351 56.9536 9.40354e-07 0.0107626 0.0174556
25.1752 58.3043 9.40347e-07 0.0100512 0.0175546
25.2152 58.7545 9.40327e-07 0.0096695 0.0173819
25.2553 58.7545 9.40317e-07 0.00966821 0.0174498
25.2953 61.0056 9.40321e-07 0.0095365 0.0170235
25.3353 61.4558 9.4032e-07 0.00955951 0.0171921
25.3754 61.0056 9.40301e-07 0.00980782 0.0172505
25.4154 60.5554 9.40297e-07 0.0106932 0.016783
25.4555 61.4558 9.40293e-07 0.0113852 0.0165437
25.4955 62.3563 9.40274e-07 0.0118022 0.0165477
25.5355 62.3563 9.40266e-07 0.0117631 0.0166439
25.5756 62.3563 9.40264e-07 0.0122732 0.0166289
25.6156 62.8065 9.40251e-07 0.0130352 0.0164145
25.6557 64.1572 9.4024e-07 0.0137125 0.0161527
25.6957 64.6074 9.40246e-07 0.0134436 0.0158694
25.7357 64.6074 9.4025e-07 0.0128488 0.0159623
25.7758 66.4083 9.40242e-07 0.0126434 0.0157597
25.8158 67.3088 9.40231e-07 0.0130858 0.015604
25.8559 67.3088 9.40235e-07 0.0134034 0.015604
25.8959 67.759 9.40236e-07 0.0128396 0.015722
25.9359 68.2092 9.40234e-07 0.0119386 0.0157823
25.976 68.6595 9.40231e-07 0.0114616 0.0157875
26.016 68.6595 9.40233e-07 0.0119407 0.0162734
26.0561 68.6595 9.40231e-07 0.0123032 0.0161356
26.0961 70.0101 9.40238e-07 0.012056 0.0156216
26.1361 70.9106 9.40239e-07 0.0111565 0.0152643
26.1762 71.3608 9.4025e-07 0.0108341 0.0153278
26.2162 71.811 9.4025e-07 0.0112226 0.0154854
26.2563 73.1617 9.40256e-07 0.0118251 0.0151264
26.2963 73.612 9.40254e-07 0.0116656 0.0153307
26.3363 73.612 9.40255e-07 0.0109073 0.0156217
26.3764 73.612 9.40258e-07 0.0104137 0.0156392
26.4164 73.612 9.40268e-07 0.0106041 0.0155125
26.4565 74.0622 9.40279e-07 0.011124 0.0152208
26.4965 74.9626 9.40294e-07 0.011031 0.0148402
26.5365 75.4129 9.40301e-07 0.0104775 0.014892
26.5766 75.4129 9.40303e-07 0.00990796 0.0149268
26.6166 75.4129 9.40302e-07 0.0100696 0.0146955
26.6567 75.4129 9.40301e-07 0.0104856 0.0147843
26.6967 76.3133 9.40294e-07 0.010722 0.0149727
26.7367 77.664 9.403e-07 0.0104473 0.0148154
26.7768 78.1142 9.40323e-07 0.0101788 0.0149408
26.8168 79.0147 9.40346e-07 0.0103031 0.0146348
26.8569 80.3653 9.40355e-07 0.0106885 0.0141442
26.8969 79.9151 9.40342e-07 0.0109922 0.0140374
26.9369 79.9151 9.40335e-07 0.0108838 0.013719
26.977 79.9151 9.4033e-07 0.0107528 0.0139531
27.017 81.2658 9.40331e-07 0.0106577 0.0136416
27.0571 82.1662 9.40333e-07 0.010766 0.0138338
27.0971 82.1662 9.40344e-07 0.0106908 0.0142074
27.1371 83.9671 9.40351e-07 0.0105179 0.0137566
27.1772 85.3178 9.40359e-07 0.0102853 0.0134933
27.2172 85.3178 9.40366e-07 0.0101192 0.0133701
27.2573 85.7681 9.40366e-07 0.00995747 0.0131204
27.2973 86.6685 9.40353e-07 0.00964038 0.013178
27.3373 87.569 9.40344e-07 0.00940631 0.012549
27.3774 88.0192 9.40351e-07 0.00929216 0.0123183
27.4174 88.4694 9.40369e-07 0.00943746 0.0122975
27.4575 89.3699 9.40378e-07 0.00943407 0.0122011
27.4975 89.8201 9.4038e-07 0.00927294 0.0127924
27.5375 90.2703 9.40382e-07 0.00906098 0.0126114
27.5776 91.1708 9.40383e-07 0.00917623 0.0119771
27.6176 92.9717 9.4038e-07 0.00961921 0.0116306
27.6577 93.4219 9.40374e-07 0.00994173 0.0116083
27.6977 93.8721 9.40371e-07 0.00990438 0.0118107
27.7377 95.2228 9.40368e-07 0.00953075 0.0115408
27.7778 96.1233 9.40374e-07 0.00945643 0.0108576
27.8178 96.5735 9.4039e-07 0.00975567 0.0105316
27.8579 97.0237 9.40403e-07 0.0101774 0.0103591
27.8979 97.4739 9.40408e-07 0.0101069 0.0107449
27.9379 97.9242 9.40403e-07 0.00951994 0.0108986
27.978 98.3744 9.40401e-07 0.00897754 0.0107248
28.018 99.2748 9.40401e-07 0.0089077 0.01051
28.0581 100.626 9.40406e-07 0.00929405 0.0104269
28.0981 101.976 9.40412e-07 0.00940494 0.0103551
28.1381 102.877 9.40418e-07 0.00900724 0.0102372
28.1782 103.777 9.40424e-07 0.00833385 0.0100074
28.2182 104.227 9.40428e-07 0.00810392 0.00980629
28.2583 104.678 9.40431e-07 0.0085015 0.00963766
28.2983 105.128 9.40434e-07 0.00902668 0.009725
28.3383 105.578 9.40438e-07 0.0091318 0.0095844
28.3784 106.028 9.40441e-07 0.00868653 0.00955791
28.4184 106.478 9.40443e-07 0.00836692 0.00956905
28.4585 106.478 9.40439e-07 0.00856336 0.00954806
28.4985 106.929 9.40438e-07 0.00920847 0.00973714
28.5385 107.379 9.40438e-07 0.00962092 0.00970971
28.5786 107.379 9.40443e-07 0.00941503 0.00967174
28.6186 107.829 9.40446e-07 0.00888626 0.00968123
28.6587 107.829 9.40449e-07 0.00855356 0.00994828
28.6987 107.829 9.40448e-07 0.00876287 0.0102433
28.7387 108.279 9.40447e-07 0.0090729 0.0102015
28.7788 108.279 9.40442e-07 0.00905507 0.0100372
28.8188 108.279 9.4044e-07 0.00854443 0.010044
28.8589 108.279 9.40437e-07 0.0079509 0.0100231
28.8989 108.279 9.40434e-07 0.0077394 0.0104231
28.9389 108.504 9.40433e-07 0.00787277 0.0106228
28.979 108.73 9.40435e-07 0.0080803 0.0104316
29.019 108.73 9.40436e-07 0.00797036 0.0102806
29.0591 108.279 9.40434e-07 0.00769879 0.0104169
29.0991 108.73 9.40429e-07 0.00753236 0.0102716
29.1391 109.18 9.40426e-07 0.00767562 0.0104372
29.1792 109.18 9.40423e-07 0.00802957 0.0104979
29.2192 109.18 9.4042e-07 0.00827734 0.0103629
29.2593 108.73 9.40414e-07 0.00839239 0.0108794
29.2993 108.73 9.40409e-07 0.00839901 0.0111416
29.3393 109.18 9.40402e-07 0.00850561 0.010824
29.3794 110.08 9.40397e-07 0.00866781 0.0105933
29.4194 109.63 9.40399e-07 0.00876893 0.010772
29.4595 109.18 9.40404e-07 0.00878304 0.0109616
29.4995 108.73 9.40406e-07 0.00869558 0.0114684
29.5395 108.73 9.40401e-07 0.00864711 0.0114837
29.5796 109.63 9.40392e-07 0.00852756 0.010999
29.6196 110.53 9.40385e-07 0.00829396 0.0108702
29.6597 110.08 9.40381e-07 0.0079392 0.0108438
29.6997 109.63 9.40382e-07 0.00758985 0.0106616
29.7397 109.63 9.40386e-07 0.00744181 0.0109403
29.7798 110.08 9.40389e-07 0.00738596 0.0107795
29.8198 111.881 9.40391e-07 0.00729459 0.0102102
29.8599 112.331 9.40389e-07 0.006997 0.0103438
29.8999 111.881 9.40385e-07 0.00664202 0.0103294
29.9399 111.881 9.40383e-07 0.00652669 0.00999867
29.98 111.881 9.40382e-07 0.00673563 0.0102374
30.02 113.232 9.40383e-07 0.00713921 0.0101248
30.0601 114.132 9.40386e-07 0.00734135 0.0099954
30.1001 114.132 9.40388e-07 0.00726293 0.0103812
30.1401 114.132 9.4039e-07 0.00711953 0.0104192
30.1802 115.033 9.40389e-07 0.00725282 0.0101889
30.2202 114.583 9.40391e-07 0.00778701 0.0102377
30.2603 114.583 9.40393e-07 0.00834763 0.0102073
30.3003 114.583 9.40395e-07 0.00857869 0.0102966
30.3403 114.583 9.40395e-07 0.00833316 0.0104621
30.3804 115.033 9.40395e-07 0.00795467 0.0104038
30.4204 115.033 9.40395e-07 0.00788747 0.01017
30.4605 115.033 9.40395e-07 0.00816723 0.00999363
30.5005 114.583 9.40396e-07 0.00850758 0.00986349
30.5405 115.033 9.404e-07 0.00842266 0.00976824
30.5806 115.483 9.404e-07 0.00786874 0.00968739
30.6206 115.933 9.404e-07 0.00721367 0.00950798
30.6607 116.383 9.40398e-07 0.00687117 0.00937115
30.7007 116.383 9.40395e-07 0.00698586 0.00929482
30.7407 116.834 9.40393e-07 0.00717427 0.00921789
30.7808 119.085 9.40391e-07 0.00707141 0.00925488
30.8208 119.085 9.40393e-07 0.00659442 0.00924909
30.8609 119.085 9.40393e-07 0.00606114 0.00927598
30.9009 119.085 9.40385e-07 0.00590773 0.00920846
30.9409 119.985 9.40379e-07 0.00615432 0.00917132
30.981 119.985 9.40371e-07 0.00653277 0.00933276
31.021 119.985 9.40367e-07 0.00664606 0.00937445
31.0611 119.985 9.40367e-07 0.00642178 0.00964395
31.1011 119.535 9.40367e-07 0.00617049 0.00980953
31.1411 119.085 9.40365e-07 0.00618207 0.00978605
31.1812 119.085 9.40357e-07 0.0065549 0.00991841
31.2212 119.085 9.40351e-07 0.00698676 0.0100962
31.2613 119.985 9.40344e-07 0.00716616 0.00999042
31.3013 119.985 9.40341e-07 0.00704759 0.00989491
31.3413 119.985 9.40339e-07 0.00681597 0.00991519
31.3814 119.535 9.40336e-07 0.00679717 0.00969036
31.4214 118.635 9.4033e-07 0.00702086 0.00967556
31.4615 118.635 9.4033e-07 0.00730786 0.00980341
31.5015 121.336 9.40328e-07 0.00743685 0.00954716
31.5415 122.687 9.40326e-07 0.00730917 0.00903222
31.5816 122.236 9.40319e-07 0.00712234 0.00930345
31.6216 124.938 9.40315e-07 0.00704235 0.0094043
31.6617 125.838 9.40311e-07 0.00713886 0.00909491
31.7017 125.838 9.40311e-07 0.00731408 0.00906739
31.7417 124.487 9.40312e-07 0.00738107 0.00902739
31.7818 123.587 9.40305e-07 0.0073411 0.00909557
31.8218 122.687 9.40294e-07 0.00724503 0.00954019
31.8619 123.137 9.4028e-07 0.00719988 0.00960958
31.9019 125.388 9.40275e-07 0.00723502 0.00920673
31.9419 125.838 9.4028e-07 0.00723918 0.00887754
31.982 124.487 9.40293e-07 0.0071926 0.00907709
32.022 124.037 9.40305e-07 0.00708859 0.00884078
32.0621 123.587 9.4031e-07 0.00699295 0.00919594
32.1021 124.037 9.40301e-07 0.00694425 0.00944276
32.1421 124.938 9.40289e-07 0.00683902 0.00929747
32.1822 125.838 9.40279e-07 0.00664287 0.00933852
32.2222 124.938 9.40278e-07 0.00635087 0.00957843
32.2623 124.487 9.40286e-07 0.00606588 0.00942469
32.3023 124.487 9.40297e-07 0.00591751 0.00933995
32.3423 124.938 9.40307e-07 0.00585543 0.0094916
32.3824 127.639 9.40316e-07 0.00577955 0.00927738
32.4224 128.99 9.40322e-07 0.00555699 0.00891447
32.4625 129.44 9.40326e-07 0.00519602 0.00895279
32.5025 130.791 9.40323e-07 0.00489344 0.00882048
32.5425 132.141 9.4032e-07 0.00479164 0.0083851
32.5826 132.141 9.4032e-07 0.00492049 0.00839871
32.6226 131.241 9.40328e-07 0.00509879 0.00853287
32.6627 130.791 9.40335e-07 0.00510046 0.00846428
32.7027 130.791 9.40348e-07 0.00491351 0.00850524
32.7427 131.241 9.40359e-07 0.00468876 0.00852949
32.7828 132.141 9.40367e-07 0.00468342 0.00840041
32.8228 131.241 9.40368e-07 0.00498119 0.00858742
32.8629 128.54 9.40369e-07 0.00538538 0.00873301
32.9029 128.54 9.40368e-07 0.00563827 0.00866967
32.9429 129.44 9.40359e-07 0.00557129 0.00844899
32.983 130.791 9.40354e-07 0.00531419 0.00822387
33.023 131.241 9.40352e-07 0.00518054 0.00827107
33.0631 130.791 9.40359e-07 0.00534628 0.00826182
33.1031 129.44 9.40371e-07 0.00576576 0.00833314
33.1431 129.44 9.40382e-07 0.0061285 0.00841936
33.1832 129.89 9.40392e-07 0.00615986 0.00850344
33.2232 131.241 9.40389e-07 0.00588627 0.00859853
33.2633 131.691 9.4038e-07 0.00555363 0.00865912
33.3033 132.141 9.40366e-07 0.0054972 0.00868287
33.3433 132.141 9.40363e-07 0.0058066 0.00865061
33.3834 133.042 9.40364e-07 0.00625478 0.00855935
33.4234 134.392 9.40367e-07 0.00654621 0.00843663
33.4635 134.843 9.40371e-07 0.00649219 0.00827547
33.5035 134.843 9.40374e-07 0.00623111 0.00823699
33.5435 134.843 9.40375e-07 0.00609874 0.00818116
33.5836 136.193 9.40371e-07 0.00630232 0.00800222
33.6236 137.544 9.40367e-07 0.00682328 0.00800544
33.6637 137.544 9.40361e-07 0.00736811 0.00813077
33.7037 137.544 9.40356e-07 0.00764003 0.00807302
33.7437 137.994 9.40352e-07 0.00760353 0.00789085
33.7838 139.795 9.40354e-07 0.00742781 0.00782472
33.8238 140.696 9.40361e-07 0.00740288 0.00783001
33.8639 140.696 9.40364e-07 0.00766906 0.00788048
33.9039 140.245 9.40356e-07 0.00808528 0.00808577
33.9439 139.345 9.40343e-07 0.00841669 0.008417
33.984 138.444 9.40327e-07 0.00845572 0.00845611
34.024 138.895 9.40316e-07 0.00820926 0.00820926
34.0641 142.046 9.40313e-07 0.00789364 0.00789366
34.1041 142.497 9.40316e-07 0.00767946 0.00772136
34.1441 142.046 9.40321e-07 0.00763702 0.00763726
34.1842 141.146 9.40316e-07 0.00767251 0.00779814
34.2242 139.345 9.40302e-07 0.00759992 0.00790657
34.2643 145.648 9.40284e-07 0.0073635 0.00769034
34.3043 145.198 9.40271e-07 0.00700422 0.00768318
34.3443 137.544 9.40266e-07 0.00664039 0.00784243
34.3844 142.046 9.40266e-07 0.00638987 0.0076758
34.4244 141.596 9.40267e-07 0.00623066 0.00765861
34.4645 137.544 9.40266e-07 0.00611241 0.00797743
34.5045 137.994 9.40259e-07 0.00599341 0.00799524
34.5445 146.098 9.40248e-07 0.00585193 0.00767416
34.5846 138.895 9.40239e-07 0.0057447 0.00770786
34.6246 141.146 9.40234e-07 0.00569611 0.00782236
34.6647 142.947 9.40231e-07 0.0056779 0.00766046
34.7047 143.397 9.40232e-07 0.00567268 0.0076094
34.7447 142.947 9.40232e-07 0.0056503 0.00791094
34.7848 142.497 9.40233e-07 0.00565163 0.00788253
34.8248 144.973 9.4023e-07 0.00573545 0.0075777
34.8649 142.947 9.40224e-07 0.005881 0.00781843
34.9049 143.397 9.4022e-07 0.00603923 0.00792208
34.9449 143.847 9.40216e-07 0.00611228 0.00769877
34.985 144.297 9.40213e-07 0.00603743 0.00757382
35.025 144.748 9.40209e-07 0.00588483 0.00778339
35.0651 145.198 9.40208e-07 0.0057586 0.00773807
35.1051 146.098 9.40206e-07 0.00574893 0.00754654
35.1451 144.297 9.40203e-07 0.00585328 0.00773302
35.1852 144.297 9.40195e-07 0.0059258 0.00773864
35.2252 145.198 9.40185e-07 0.00583366 0.00747834
35.2653 146.549 9.4018e-07 0.00554087 0.00734372
35.3053 147.449 9.40174e-07 0.00512835 0.00748472
35.3453 149.25 9.40169e-07 0.0047943 0.00742377
35.3854 150.601 9.40169e-07 0.00466059 0.00735466
35.4254 151.501 9.40161e-07 0.00468971 0.00743523
35.4655 152.402 9.40155e-07 0.00474301 0.00739078
35.5055 152.852 9.40148e-07 0.00464169 0.00730061
35.5455 151.501 9.40144e-07 0.00433535 0.0074771
35.5856 150.15 9.40139e-07 0.00395445 0.00754832
35.6256 150.601 9.40134e-07 0.00368073 0.00748586
35.6657 151.501 9.40125e-07 0.00365135 0.00738936
35.7057 152.402 9.40114e-07 0.00383447 0.00729667
35.7457 152.852 9.40096e-07 0.00404024 0.00710936
35.7858 153.302 9.40076e-07 0.00409847 0.00694739
35.8258 152.852 9.40058e-07 0.00394918 0.00690506
35.8659 151.501 9.40049e-07 0.00369613 0.00685193
35.9059 151.951 9.40048e-07 0.00354805 0.006757
35.9459 152.852 9.40051e-07 0.00362299 0.00675422
35.986 160.956 9.40049e-07 0.00388226 0.00676371
36.026 154.202 9.40043e-07 0.00416455 0.00679281
36.0661 154.653 9.40028e-07 0.00427021 0.00689332
36.1061 158.705 9.40002e-07 0.0041379 0.00695221
36.1461 159.155 9.39974e-07 0.00387477 0.00697438
36.1862 159.155 9.39951e-07 0.00365505 0.0069905
36.2262 158.705 9.39939e-07 0.00362627 0.00703993
36.2663 156.904 9.3993e-07 0.00377782 0.00711866
36.3063 156.003 9.39931e-07 0.0039566 0.00720233
36.3463 157.354 9.39925e-07 0.00400668 0.00721298
36.3864 159.155 9.39908e-07 0.00385007 0.00711596
36.4264 159.605 9.39878e-07 0.00355401 0.00694138
36.4665 159.155 9.39843e-07 0.00329518 0.00698201
36.5065 158.254 9.3981e-07 0.00319215 0.00702645
36.5465 157.354 9.39789e-07 0.00325921 0.00697009
36.5866 156.904 9.39781e-07 0.00340323 0.00694696
36.6266 156.003 9.39781e-07 0.00347139 0.00696673
36.6667 156.003 9.39782e-07 0.00339672 0.0068588
36.7067 156.003 9.39771e-07 0.00322738 0.0069019
36.7467 154.202 9.39748e-07 0.00306848 0.00709293
36.7868 155.103 9.39711e-07 0.00303196 0.00712989
36.8268 155.553 9.39676e-07 0.00313977 0.00695617
36.8669 155.553 9.39648e-07 0.00330833 0.00692253
36.9069 154.653 9.39631e-07 0.00344088 0.0069968
36.9469 154.653 9.39625e-07 0.00347083 0.00686944
36.987 154.202 9.3962e-07 0.00340936 0.00688238
37.027 153.752 9.39612e-07 0.0033449 0.00721458
37.0671 153.752 9.39592e-07 0.00334459 0.00737293
37.1071 155.103 9.39566e-07 0.00342404 0.00728933
37.1471 156.003 9.39537e-07 0.00354728 0.00709827
37.1872 155.553 9.39513e-07 0.0036346 0.00720368
37.2272 155.103 9.395e-07 0.00364472 0.00727728
37.2673 155.553 9.39498e-07 0.0036022 0.00723599
37.3073 155.553 9.39497e-07 0.00354516 0.00743188
37.3473 157.804 9.39492e-07 0.00352358 0.00756167
37.3874 159.155 9.3948e-07 0.00355021 0.00743925
37.4274 160.506 9.3946e-07 0.00358205 0.00708538
37.4675 162.306 9.39437e-07 0.00358611 0.00688212
37.5075 162.757 9.39417e-07 0.00355736 0.00697999
37.5475 163.657 9.394e-07 0.00350824 0.00686426
37.5876 163.657 9.39394e-07 0.00348956 0.00689144
37.6276 162.306 9.39391e-07 0.00352225 0.00715419
37.6677 161.856 9.39388e-07 0.00357705 0.00719817
37.7077 161.856 9.39379e-07 0.00362071 0.00708509
37.7477 162.306 9.3937e-07 0.00362108 0.00720268
37.7878 162.757 9.3936e-07 0.00357806 0.00737169
37.8278 163.657 9.39348e-07 0.00354869 0.00735102
37.8679 164.107 9.3934e-07 0.00358041 0.00728312
37.9079 163.207 9.3933e-07 0.0036778 0.00740033
37.9479 160.956 9.39318e-07 0.00381175 0.00739859
37.988 167.709 9.39302e-07 0.00390632 0.00717525
38.028 169.51 9.39288e-07 0.00390687 0.00684491
38.0681 169.96 9.39276e-07 0.00383191 0.00673833
38.1081 167.709 9.39267e-07 0.00374022 0.00665648
38.1481 171.311 9.39258e-07 0.00370944 0.00647105
38.1882 170.411 9.39248e-07 0.00378375 0.00646673
38.2282 170.411 9.39233e-07 0.00392201 0.00655289
38.2683 170.861 9.39211e-07 0.00403381 0.00654325
38.3083 171.311 9.39184e-07 0.00404462 0.00661596
38.3483 170.411 9.39162e-07 0.00392991 0.0068142
38.3884 166.359 9.39141e-07 0.00375031 0.00689916
38.4284 166.809 9.39124e-07 0.00362015 0.00683271
38.4685 167.709 9.39101e-07 0.00361368 0.00678412
38.5085 168.61 9.39067e-07 0.00373194 0.00679566
38.5485 169.96 9.39023e-07 0.00390204 0.00670775
38.5886 170.861 9.38971e-07 0.00400455 0.00650085
38.6286 172.662 9.38925e-07 0.00397308 0.00630456
38.6687 174.463 9.38889e-07 0.00383757 0.00625072
38.7087 175.813 9.38864e-07 0.00369324 0.00614017
38.7487 176.714 9.38846e-07 0.00365861 0.00604738
38.7888 176.939 9.38816e-07 0.00379384 0.00607899
38.8288 178.515 9.38768e-07 0.00404609 0.00603906
38.8689 178.965 9.38697e-07 0.00429964 0.00599616
38.9089 174.913 9.38611e-07 0.00444376 0.00611536
38.9489 175.813 9.38532e-07 0.00442779 0.00617509
38.989 176.714 9.38467e-07 0.00431277 0.00612997
39.029 177.164 9.3843e-07 0.00422868 0.0060521
39.0691 177.614 9.38403e-07 0.00427334 0.00611228
39.1091 178.515 9.38377e-07 0.00447279 0.00621437
39.1491 179.415 9.38335e-07 0.00475381 0.00626397
39.1892 179.865 9.38266e-07 0.00497471 0.00625532
39.2292 178.74 9.38177e-07 0.00503367 0.00623525
39.2693 178.515 9.38091e-07 0.00492272 0.00623084
39.3093 178.515 9.38022e-07 0.00471684 0.00618916
39.3493 179.865 9.37977e-07 0.00454868 0.00611765
39.3894 182.567 9.37951e-07 0.00451911 0.00611722
39.4294 183.017 9.37928e-07 0.00462169 0.00609702
39.4695 183.917 9.37895e-07 0.00477244 0.00600478
39.5095 184.368 9.37844e-07 0.00485567 0.00596113
39.5495 184.818 9.37778e-07 0.0047825 0.00608442
39.5896 186.168 9.37715e-07 0.004567 0.00612521
39.6296 186.168 9.37665e-07 0.0043101 0.00608976
39.6697 185.718 9.37635e-07 0.00412045 0.00609001
39.7097 184.818 9.37623e-07 0.00407427 0.00613871
39.7497 184.368 9.37617e-07 0.00416517 0.00612273
39.7898 183.917 9.37601e-07 0.00429693 0.00611326
39.8298 182.567 9.3757e-07 0.00436969 0.00621914
39.8699 169.51 9.37528e-07 0.0043358 0.00626684
39.9099 169.96 9.37487e-07 0.00421074 0.00620246
39.9499 170.411 9.37457e-07 0.00408251 0.00608588
39.99 170.861 9.37442e-07 0.00405403 0.00612419
40.03 173.112 9.37435e-07 0.00415684 0.00612909
40.0701 193.822 9.3743e-07 0.00436259 0.00601514
40.1101 194.273 9.37414e-07 0.00459176 0.00587166
40.1502 174.913 9.37387e-07 0.00474948 0.00599391
40.1902 175.363 9.3735e-07 0.00480162 0.00601737
40.2302 177.164 9.37311e-07 0.00478466 0.00591544
40.2703 177.614 9.37277e-07 0.00476588 0.00587286
40.3103 177.164 9.37251e-07 0.00481505 0.00601149
40.3504 177.164 9.37229e-07 0.0049593 0.00603871
40.3904 177.164 9.37203e-07 0.00515351 0.00594093
40.4304 177.614 9.37168e-07 0.00532071 0.0059439
40.4705 178.064 9.37116e-07 0.00540284 0.00605727
40.5105 178.965 9.37058e-07 0.00537978 0.00604014
40.5506 180.316 9.36998e-07 0.00528418 0.0058821
40.5906 180.316 9.36944e-07 0.00518809 0.00587563
40.6306 178.965 9.36891e-07 0.0051436 0.00605228
40.6707 178.965 9.36845e-07 0.0051532 0.00609441
40.7107 179.415 9.36795e-07 0.00518788 0.00598441
40.7508 184.368 9.36737e-07 0.00519133 0.00583364
40.7908 183.917 9.36674e-07 0.00511618 0.00596594
40.8308 183.917 9.36607e-07 0.00497502 0.00598166
40.8709 184.818 9.36538e-07 0.00481088 0.00585568
40.9109 186.168 9.36471e-07 0.00467332 0.00581134
40.951 186.619 9.36402e-07 0.00460322 0.00596583
40.991 187.069 9.36331e-07 0.00459754 0.00600388
41.031 187.519 9.36263e-07 0.00460852 0.00589013
41.0711 187.519 9.36201e-07 0.00459733 0.00587512
41.1111 186.168 9.36143e-07 0.00454372 0.00606394
41.1512 185.268 9.36095e-07 0.00446001 0.00612084
41.1912 185.268 9.36057e-07 0.00439378 0.00601848
41.2312 186.619 9.36023e-07 0.00439557 0.00586642
41.2713 187.069 9.35983e-07 0.00447457 0.00596152
41.3113 187.519 9.3594e-07 0.00460666 0.00597209
41.3514 187.969 9.35893e-07 0.00474506 0.00585919
41.3914 187.519 9.35849e-07 0.00483817 0.00584689
41.4314 185.268 9.35816e-07 0.00486811 0.00598703
41.4715 184.818 9.35793e-07 0.00487021 0.00602243
41.5115 185.268 9.35781e-07 0.00489278 0.00591032
41.5516 186.619 9.3577e-07 0.00497476 0.0056937
41.5916 187.969 9.35751e-07 0.00513213 0.00574862
41.6316 189.32 9.35728e-07 0.00532391 0.00577679
41.6717 190.671 9.35698e-07 0.0054791 0.00567376
41.7117 192.922 9.35671e-07 0.00555197 0.00566696
41.7518 193.822 9.35651e-07 0.00552839 0.00585471
41.7918 194.273 9.35642e-07 0.00543774 0.00592568
41.8318 194.723 9.35632e-07 0.00535066 0.00586328
41.8719 195.173 9.3561e-07 0.00532802 0.00571316
41.9119 195.173 9.35569e-07 0.00538015 0.00566449
41.952 193.372 9.35509e-07 0.00547301 0.00572682
41.992 193.822 9.3544e-07 0.00554405 0.0057039
42.032 194.273 9.3538e-07 0.00552332 0.00571258
42.0721 194.723 9.35336e-07 0.0053895 0.00583793
42.1121 195.173 9.35306e-07 0.00518438 0.00587884
42.1522 195.623 9.35278e-07 0.00497637 0.00580714
42.1922 196.073 9.35234e-07 0.00483599 0.00568024
42.2322 195.623 9.35162e-07 0.00480636 0.00571284
42.2723 194.723 9.35056e-07 0.00486111 0.00580395
42.3123 194.273 9.34933e-07 0.00492935 0.00580438
42.3524 194.723 9.34811e-07 0.00494199 0.0057168
42.3924 196.073 9.3471e-07 0.00485971 0.00558852
42.4324 197.199 9.34635e-07 0.00469502 0.00553351
42.4725 197.874 9.34579e-07 0.00451726 0.00551638
42.5125 199.225 9.34519e-07 0.00441156 0.00549666
42.5526 201.026 9.34441e-07 0.00442171 0.00557642
42.5926 202.377 9.3434e-07 0.00454351 0.0056286
42.6326 203.277 9.34223e-07 0.00472181 0.00560099
42.6727 204.177 9.34103e-07 0.00486605 0.0054853
42.7127 205.528 9.34006e-07 0.00491406 0.00535267
42.7528 205.978 9.33934e-07 0.00486222 0.00539228
42.7928 206.429 9.33886e-07 0.00475553 0.00538243
42.8328 206.429 9.33844e-07 0.00467271 0.00540412
42.8729 205.078 9.33791e-07 0.00468736 0.00553543
42.9129 204.628 9.33724e-07 0.00481923 0.00564007
42.953 204.403 9.33641e-07 0.00502243 0.00568185
42.993 204.628 9.33558e-07 0.00521865 0.00565797
43.033 205.078 9.33491e-07 0.00533156 0.0056257
43.0731 205.978 9.33448e-07 0.00531477 0.00563121
43.1131 206.429 9.33425e-07 0.0051931 0.00562698
43.1532 206.879 9.33409e-07 0.00504396 0.00559341
43.1932 205.528 9.3339e-07 0.00494381 0.00558425
43.2332 204.628 9.33355e-07 0.00494709 0.00559749
43.2733 204.628 9.33306e-07 0.00505348 0.00556779
43.3133 205.078 9.33251e-07 0.00520206 0.00548046
43.3534 205.978 9.33202e-07 0.00530665 0.0053744
43.3934 210.931 9.33163e-07 0.0053068 0.00530886
43.4334 211.381 9.33133e-07 0.00519272 0.00524551
43.4735 212.732 9.33105e-07 0.00500054 0.00514615
43.5135 213.182 9.33072e-07 0.00481485 0.00520584
43.5536 214.082 9.3303e-07 0.00471402 0.00531365
43.5936 214.533 9.3298e-07 0.00472492 0.00537217
43.6336 214.533 9.32929e-07 0.00482623 0.0053856
43.6737 214.082 9.32878e-07 0.00495353 0.00540792
43.7137 212.732 9.32834e-07 0.00502949 0.00546152
43.7538 211.831 9.32793e-07 0.00500301 0.00549118
43.7938 211.831 9.32745e-07 0.00488481 0.00546638
43.8338 212.282 9.3269e-07 0.00472974 0.00542045
43.8739 212.732 9.32625e-07 0.00460553 0.00541247
43.9139 213.632 9.32556e-07 0.0045757 0.00539099
43.954 214.983 9.32489e-07 0.0046547 0.00531797
43.994 215.433 9.32428e-07 0.00479933 0.00522552
44.034 215.433 9.32376e-07 0.00494105 0.00520129
44.0741 214.533 9.32326e-07 0.00501854 0.00519022
44.1141 214.533 9.32276e-07 0.00499853 0.00512308
44.1542 215.433 9.32222e-07 0.00489296 0.00498881
44.1942 221.286 9.32165e-07 0.00476524 0.00483516
44.2342 219.935 9.32106e-07 0.00468122 0.00489681
44.2743 219.485 9.32047e-07 0.00467748 0.00494137
44.3143 219.485 9.31988e-07 0.00475884 0.00494382
44.3544 219.485 9.31929e-07 0.00488385 0.00497764
44.3944 219.485 9.31861e-07 0.00498637 0.00505862
44.4344 222.637 9.31784e-07 0.00501159 0.00507057
44.4745 223.537 9.31698e-07 0.00494806 0.0050122
44.5145 223.537 9.31614e-07 0.00481987 0.00493784
44.5546 222.637 9.31536e-07 0.00467665 0.00498864
44.5946 221.736 9.31471e-07 0.00458175 0.00505762
44.6346 221.286 9.31415e-07 0.00456847 0.00505636
44.6747 221.736 9.31359e-07 0.00462462 0.00496914
44.7147 226.689 9.31288e-07 0.00471066 0.00481598
44.7548 226.689 9.31194e-07 0.00477524 0.00482124
44.7948 226.689 9.3108e-07 0.00477564 0.00477851
44.8348 227.139 9.30952e-07 0.0047012 0.0047012
44.8749 229.84 9.30824e-07 0.00458683 0.00462248
44.9149 230.291 9.30711e-07 0.00448085 0.00476195
44.955 230.741 9.30618e-07 0.00442593 0.00486398
44.995 230.741 9.30535e-07 0.00444683 0.00487854
45.035 230.741 9.30454e-07 0.00453235 0.00482036
45.0751 230.291 9.30362e-07 0.00463825 0.00476851
45.1151 228.49 9.30254e-07 0.00471547 0.00484533
45.1552 228.039 9.30133e-07 0.0047379 0.00489254
45.1952 228.039 9.30017e-07 0.00470045 0.00486817
45.2352 227.589 9.29917e-07 0.00462747 0.00485912
45.2753 215.883 9.2984e-07 0.00456743 0.00494638
45.3153 214.082 9.29781e-07 0.00455611 0.00499323
45.3554 221.286 9.29729e-07 0.00460437 0.00494935
45.3954 230.741 9.29673e-07 0.00469446 0.00481241
45.4354 222.637 9.296e-07 0.00479206 0.00479209
45.4755 227.139 9.29516e-07 0.00485279 0.00485279
45.5155 227.589 9.29433e-07 0.00484808 0.00484829
45.5556 227.589 9.29367e-07 0.00478605 0.00478645
45.5956 227.139 9.29325e-07 0.00469354 0.00475632
45.6356 226.239 9.29308e-07 0.00460782 0.00468949
45.6757 224.888 9.29301e-07 0.00455935 0.0047201
45.7157 224.888 9.29294e-07 0.00456416 0.00470265
45.7558 225.338 9.29266e-07 0.00460068 0.00464651
45.7958 225.788 9.29219e-07 0.00463171 0.00469923
45.8358 226.914 9.29159e-07 0.00462822 0.00477875
45.8759 228.039 9.29098e-07 0.00457061 0.00478851
45.9159 228.49 9.2905e-07 0.0044618 0.00471275
45.956 228.49 9.29012e-07 0.00433186 0.0046587
45.996 226.689 9.28984e-07 0.00422241 0.00474709
46.036 225.338 9.28949e-07 0.00415891 0.00478387
46.0761 225.338 9.28893e-07 0.00414699 0.00472771
46.1161 234.793 9.28811e-07 0.00417575 0.00464138
46.1562 232.992 9.28709e-07 0.0042112 0.0046128
46.1962 231.191 9.28601e-07 0.00421794 0.00456983
46.2362 239.745 9.28503e-07 0.00418046 0.00458842
46.2763 238.845 9.28414e-07 0.00411111 0.0046407
46.3163 231.641 9.28336e-07 0.00403235 0.00462897
46.3564 237.494 9.28255e-07 0.00397966 0.00454621
46.3964 237.944 9.28153e-07 0.00398202 0.00445342
46.4364 237.944 9.28024e-07 0.00404567 0.00449023
46.4765 237.944 9.27874e-07 0.00414749 0.00450153
46.5165 238.845 9.27716e-07 0.00425494 0.00443734
46.5566 239.295 9.27563e-07 0.00433671 0.00449517
46.5966 240.646 9.27435e-07 0.00436868 0.00449095
46.6366 241.546 9.27331e-07 0.00435473 0.00439917
46.6767 241.096 9.27251e-07 0.00432438 0.00439026
46.7167 239.295 9.27172e-07 0.00431303 0.00440023
46.7568 237.944 9.27078e-07 0.00434372 0.00442918
46.7968 247.849 9.26969e-07 0.00442721 0.00444098
46.8368 237.044 9.26846e-07 0.00454826 0.00454826
46.8769 217.234 9.26722e-07 0.00466829 0.00466837
46.9169 217.234 9.26606e-07 0.00474762 0.00474762
46.957 218.585 9.26512e-07 0.00476419 0.00476419
46.997 220.386 9.26437e-07 0.00471829 0.00471836
47.037 221.286 9.26375e-07 0.00462909 0.00462936
47.0771 248.75 9.26311e-07 0.00453552 0.00453552
47.1171 250.551 9.2624e-07 0.00447582 0.00448836
47.1572 250.551 9.26158e-07 0.0044672 0.0044692
47.1972 250.551 9.26067e-07 0.00449811 0.00449817
47.2372 250.326 9.25981e-07 0.00454205 0.00454214
47.2773 228.039 9.25898e-07 0.00456178 0.004562
47.3173 228.49 9.25823e-07 0.00452171 0.00452214
47.3574 229.84 9.25745e-07 0.00441494 0.00441494
47.3974 230.291 9.25659e-07 0.00425853 0.00443894
47.4374 230.741 9.25557e-07 0.00409159 0.00446039
47.4775 230.291 9.25437e-07 0.00395033 0.00441916
47.5175 230.291 9.25305e-07 0.00386757 0.004336
47.5576 229.39 9.25167e-07 0.00384946 0.00441525
47.5976 229.39 9.25037e-07 0.00387326 0.00447784
47.6376 229.39 9.24917e-07 0.00390156 0.00447963
47.6777 229.39 9.24798e-07 0.00390082 0.00443867
47.7177 229.84 9.2468e-07 0.00384962 0.00442762
47.7578 228.039 9.24551e-07 0.00374824 0.00447005
47.7978 226.239 9.24409e-07 0.0036262 0.00448953
47.8378 225.788 9.24253e-07 0.00352588 0.0044531
47.8779 263.157 9.2409e-07 0.00348263 0.00436397
47.9179 263.607 9.23934e-07 0.0035105 0.00434899
47.958 240.646 9.23791e-07 0.00360283 0.00441222
47.998 240.646 9.23659e-07 0.0037274 0.00442329
48.038 241.096 9.23542e-07 0.00384044 0.00437516
48.0781 241.546 9.23429e-07 0.00390596 0.0043017
48.1181 240.196 9.23317e-07 0.00391424 0.00431387
48.1582 237.944 9.23208e-07 0.00387666 0.00436611
48.1982 237.944 9.23106e-07 0.00382522 0.00437047
48.2382 239.295 9.23013e-07 0.00380165 0.00432386
48.2783 241.096 9.22939e-07 0.00383817 0.00429155
48.3183 241.546 9.22879e-07 0.00394006 0.00434116
48.3584 241.546 9.22833e-07 0.0040845 0.00438382
48.3984 241.096 9.22788e-07 0.00423611 0.00437768
48.4384 239.745 9.22741e-07 0.00434962 0.00434962
48.4785 229.84 9.22688e-07 0.00439279 0.00439299
48.5185 235.693 9.22634e-07 0.00435766 0.00435766
48.5586 236.144 9.22586e-07 0.00426893 0.00436813
48.5986 236.594 9.2255e-07 0.00416388 0.00436053
48.6386 236.594 9.22527e-07 0.00408395 0.00429672
48.6787 235.693 9.22514e-07 0.00405835 0.00428837
48.7187 234.793 9.22499e-07 0.00409338 0.00437068
48.7588 234.343 9.22472e-07 0.00416575 0.00440625
48.7988 234.343 9.22427e-07 0.00423285 0.00438586
48.8388 235.243 9.22365e-07 0.00425679 0.00432567
48.8789 236.144 9.22292e-07 0.00421108 0.0042923
48.9189 237.044 9.22216e-07 0.00409168 0.00432686
48.959 237.044 9.22144e-07 0.00392259 0.00433908
48.999 237.494 9.22077e-07 0.00374873 0.00429824
49.039 237.944 9.22007e-07 0.00361162 0.00420427
49.0791 237.494 9.21924e-07 0.00353782 0.00425416
49.1191 237.044 9.2182e-07 0.00353029 0.00432194
49.1592 236.594 9.21695e-07 0.0035715 0.00434251
49.1992 237.044 9.21551e-07 0.00361961 0.00431486
49.2392 237.944 9.21401e-07 0.00363506 0.00428951
49.2793 238.845 9.2126e-07 0.00359422 0.00435868
49.3193 239.295 9.21135e-07 0.00349868 0.00443383
49.3594 239.52 9.21024e-07 0.0033689 0.00445716
49.3994 240.196 9.20914e-07 0.00324415 0.00442389
49.4394 241.546 9.20794e-07 0.00316543 0.0043482
49.4795 245.148 9.20652e-07 0.00315831 0.00433417
49.5195 245.598 9.20482e-07 0.00322154 0.00438064
49.5596 246.049 9.20289e-07 0.00333141 0.00438102
49.5996 246.499 9.20094e-07 0.00345305 0.00434095
49.6396 246.949 9.19915e-07 0.00354409 0.00432749
49.6797 246.499 9.19761e-07 0.00357864 0.004387
49.7197 246.049 9.19636e-07 0.00355375 0.00443638
49.7598 246.499 9.19529e-07 0.00349368 0.00442999
49.7998 247.849 9.19422e-07 0.00343163 0.00436258
49.8398 248.75 9.19298e-07 0.00340484 0.00425306
49.8799 248.75 9.19144e-07 0.00343915 0.00419152
49.9199 248.75 9.18969e-07 0.00353855 0.00425535
49.96 248.3 9.18783e-07 0.00367841 0.0042942
50 248.3 9.18601e-07 0.00382072 0.00427686
