#S 1 scored data
#N 5
#L  distance  fwhm  total_intensity  on_axis_intensity  peak_intensity
10 184.368 2.22962e-06 0.0137678 0.0144557
10.04 179.865 2.22893e-06 0.0130633 0.0145585
10.0801 194.273 2.22806e-06 0.0146651 0.0146703
10.1201 182.567 2.2268e-06 0.0126748 0.0148598
10.1602 179.865 2.22635e-06 0.0132356 0.0149965
10.2002 178.064 2.22607e-06 0.0140926 0.0153795
10.2402 175.813 2.22559e-06 0.011825 0.0155137
10.2803 176.714 2.22516e-06 0.0146729 0.0146733
10.3203 175.813 2.22441e-06 0.0136069 0.0152414
10.3604 176.263 2.22365e-06 0.0130083 0.0154443
10.4004 174.012 2.22345e-06 0.0142069 0.0149538
10.4404 176.714 2.22349e-06 0.0144064 0.0157507
10.4805 173.562 2.223e-06 0.0152886 0.0152917
10.5205 174.463 2.2228e-06 0.014225 0.0150273
10.5606 171.761 2.22233e-06 0.0149394 0.0157601
10.6006 171.311 2.22197e-06 0.0139029 0.0155586
10.6406 171.761 2.22192e-06 0.0155827 0.0164453
10.6807 169.06 2.22196e-06 0.0145843 0.0164412
10.7207 171.761 2.22169e-06 0.0127693 0.0156908
10.7608 169.06 2.22155e-06 0.0147991 0.0154064
10.8008 167.709 2.22102e-06 0.0142151 0.0156608
10.8408 169.96 2.22058e-06 0.0150748 0.0155443
10.8809 166.359 2.22055e-06 0.0138774 0.0161839
10.9209 167.259 2.22049e-06 0.0151604 0.0162013
10.961 164.558 2.22027e-06 0.0155918 0.0156868
11.001 166.359 2.22016e-06 0.0147935 0.0162056
11.041 165.458 2.21986e-06 0.0155361 0.0165921
11.0811 162.757 2.21959e-06 0.013096 0.0166323
11.1211 162.306 2.21945e-06 0.0146166 0.0168868
11.1612 160.956 2.21934e-06 0.0155674 0.0167714
11.2012 162.306 2.21886e-06 0.0128653 0.0167836
11.2412 163.657 2.21846e-06 0.0150119 0.017252
11.2813 160.506 2.21834e-06 0.0144805 0.0173022
11.3213 160.506 2.21827e-06 0.0157398 0.0169089
11.3614 156.904 2.21826e-06 0.0145673 0.0173899
11.4014 153.302 2.21814e-06 0.0135938 0.0182193
11.4414 152.402 2.21809e-06 0.0150079 0.0171781
11.4815 156.904 2.21801e-06 0.0128828 0.0179132
11.5215 155.103 2.21796e-06 0.0148828 0.0179268
11.5616 151.951 2.21795e-06 0.0134816 0.0176686
11.6016 147.899 2.21775e-06 0.0140375 0.0179765
11.6416 143.397 2.21753e-06 0.0147632 0.0184246
11.6817 142.497 2.21745e-06 0.0141869 0.0188149
11.7217 141.596 2.21734e-06 0.0135563 0.0182798
11.7618 142.947 2.21733e-06 0.0133029 0.0181426
11.8018 139.795 2.21715e-06 0.0131659 0.0182845
11.8418 141.146 2.21702e-06 0.0136381 0.0184275
11.8819 139.345 2.21693e-06 0.0121516 0.0182952
11.9219 140.245 2.21694e-06 0.0155868 0.01868
11.962 137.544 2.21698e-06 0.012941 0.0195577
12.002 137.544 2.21705e-06 0.0121306 0.0188663
12.042 136.193 2.21703e-06 0.0132228 0.0192311
12.0821 138.444 2.21703e-06 0.0127192 0.0190467
12.1221 136.644 2.21705e-06 0.0122852 0.0190189
12.1622 136.193 2.21721e-06 0.0128734 0.0188264
12.2022 134.392 2.21709e-06 0.0125686 0.0190681
12.2422 134.843 2.21712e-06 0.0133412 0.0195423
12.2823 133.942 2.21719e-06 0.011166 0.0195146
12.3223 132.592 2.21719e-06 0.0125685 0.0188173
12.3624 132.592 2.21709e-06 0.0121376 0.0192847
12.4024 133.042 2.21702e-06 0.0111936 0.0186932
12.4424 131.241 2.21699e-06 0.0129542 0.0191688
12.4825 130.34 2.21695e-06 0.0116653 0.0193538
12.5225 131.241 2.21692e-06 0.0120042 0.01914
12.5626 128.99 2.21687e-06 0.0116557 0.0195769
12.6026 128.99 2.21688e-06 0.0111989 0.0202254
12.6426 125.388 2.21692e-06 0.0114739 0.0207864
12.6827 128.089 2.21689e-06 0.0118312 0.0207708
12.7227 126.288 2.21669e-06 0.0118682 0.0211099
12.7628 122.687 2.21667e-06 0.0121169 0.0215099
12.8028 123.137 2.21664e-06 0.0104108 0.0215361
12.8428 124.938 2.21663e-06 0.0114323 0.0212904
12.8829 117.284 2.21663e-06 0.0123312 0.0213667
12.9229 113.682 2.2166e-06 0.010904 0.0218472
12.963 111.881 2.21655e-06 0.0127177 0.0229661
13.003 112.782 2.2165e-06 0.0114054 0.0223281
13.043 111.431 2.21648e-06 0.0111569 0.022599
13.0831 111.881 2.21643e-06 0.0123516 0.0225253
13.1231 109.18 2.2164e-06 0.0117925 0.0235157
13.1632 109.18 2.21629e-06 0.012921 0.0240845
13.2032 109.18 2.21619e-06 0.011688 0.0231147
13.2432 107.829 2.21617e-06 0.0122196 0.023939
13.2833 107.379 2.21608e-06 0.0137131 0.0236645
13.3233 108.279 2.21613e-06 0.0120599 0.02349
13.3634 106.478 2.21616e-06 0.0134526 0.0239679
13.4034 106.028 2.21611e-06 0.0139847 0.023895
13.4434 105.128 2.21609e-06 0.0124383 0.024095
13.4835 105.128 2.21605e-06 0.0143105 0.0242975
13.5235 104.227 2.21605e-06 0.0154724 0.0243595
13.5636 102.877 2.21603e-06 0.0144143 0.0250752
13.6036 101.976 2.21601e-06 0.0144827 0.0253632
13.6436 103.327 2.21594e-06 0.0150712 0.0244607
13.6837 101.976 2.2159e-06 0.0160361 0.0247668
13.7237 101.076 2.21582e-06 0.0167566 0.0256272
13.7638 102.426 2.21578e-06 0.0168945 0.0241028
13.8038 101.526 2.21581e-06 0.0174473 0.0247884
13.8438 98.3744 2.21589e-06 0.0173065 0.0253638
13.8839 97.4739 2.21592e-06 0.01763 0.0259392
13.9239 99.2748 2.21585e-06 0.0195437 0.025125
13.964 97.9242 2.2159e-06 0.0196238 0.0260025
14.004 94.7726 2.2158e-06 0.0192503 0.0271844
14.044 92.9717 2.21581e-06 0.0208317 0.026524
14.0841 88.4694 2.21584e-06 0.0218438 0.0275671
14.1241 86.6685 2.2158e-06 0.021907 0.0277145
14.1642 86.2183 2.21583e-06 0.0215844 0.028002
14.2042 83.9671 2.21581e-06 0.0221589 0.0280777
14.2442 83.5169 2.21578e-06 0.0249595 0.0293827
14.2843 84.4174 2.21577e-06 0.0251322 0.0295209
14.3243 83.0667 2.21576e-06 0.0238905 0.0300965
14.3644 82.1662 2.21576e-06 0.026358 0.0300561
14.4044 81.716 2.21578e-06 0.0271055 0.031611
14.4444 80.8156 2.21578e-06 0.0258979 0.0306221
14.4845 80.8156 2.21575e-06 0.0280654 0.0307773
14.5245 79.4649 2.21574e-06 0.0286973 0.0317486
14.5646 79.4649 2.21572e-06 0.0284939 0.0314222
14.6046 80.3653 2.21565e-06 0.0310415 0.0314335
14.6446 78.1142 2.21561e-06 0.0307711 0.0318271
14.6847 78.1142 2.21564e-06 0.0298695 0.0328552
14.7247 77.664 2.21561e-06 0.0321455 0.0324451
14.7648 76.7635 2.21561e-06 0.0321235 0.0330281
14.8048 76.3133 2.21561e-06 0.0317932 0.0339927
14.8448 74.9626 2.21561e-06 0.0341291 0.0341313
14.8849 73.612 2.21561e-06 0.0342125 0.0342143
14.9249 74.0622 2.21558e-06 0.0339785 0.0341345
14.965 72.2613 2.21559e-06 0.0358123 0.0358133
15.005 72.2613 2.21556e-06 0.0351212 0.0351226
15.045 70.0101 2.21552e-06 0.0342535 0.0349793
15.0851 65.5079 2.2155e-06 0.0360329 0.0360426
15.1251 63.2568 2.21555e-06 0.0361366 0.0361371
15.1652 63.2568 2.21552e-06 0.0356897 0.0360465
15.2052 62.3563 2.21551e-06 0.0370205 0.0370205
15.2452 61.4558 2.21557e-06 0.0370027 0.0381337
15.2853 60.5554 2.21554e-06 0.0366986 0.0380222
15.3253 60.1052 2.21554e-06 0.0371296 0.0384798
15.3654 59.2047 2.21558e-06 0.0356813 0.0406149
15.4054 59.6549 2.21556e-06 0.035756 0.0404292
15.4454 59.2047 2.21562e-06 0.037191 0.0406015
15.4855 57.854 2.21558e-06 0.0354543 0.0414751
15.5255 57.854 2.21557e-06 0.0352426 0.042346
15.5656 56.9536 2.21554e-06 0.0372949 0.043838
15.6056 56.5034 2.21551e-06 0.0355703 0.044324
15.6456 56.0531 2.21548e-06 0.0341421 0.0446714
15.6857 54.2522 2.21544e-06 0.0347256 0.0466711
15.7257 54.2522 2.21544e-06 0.0333068 0.047791
15.7658 53.3518 2.21544e-06 0.033025 0.0472101
15.8058 53.3518 2.21545e-06 0.0330728 0.0469225
15.8458 51.1007 2.21544e-06 0.031078 0.0487372
15.8859 52.0011 2.21543e-06 0.0319225 0.0480428
15.9259 49.2997 2.21543e-06 0.0332741 0.0487257
15.966 49.75 2.21537e-06 0.0300514 0.0490492
16.006 45.2477 2.21541e-06 0.0284353 0.0484293
16.046 43.4468 2.2154e-06 0.0304554 0.0492041
16.0861 42.9966 2.21536e-06 0.029295 0.0493766
16.1261 41.6459 2.21535e-06 0.0264514 0.0491559
16.1662 42.0961 2.21535e-06 0.0273996 0.0490903
16.2062 41.6459 2.21534e-06 0.0283266 0.0511503
16.2462 40.7455 2.21532e-06 0.0271658 0.0535287
16.2863 39.845 2.21532e-06 0.0274568 0.0543958
16.3263 39.3948 2.21532e-06 0.027547 0.056892
16.3664 38.4943 2.21529e-06 0.0266864 0.0605115
16.4064 37.5939 2.21527e-06 0.0270728 0.0619305
16.4464 37.5939 2.2153e-06 0.0272358 0.0632167
16.4865 36.2432 2.21528e-06 0.0276384 0.0662527
16.5265 36.2432 2.21527e-06 0.0288296 0.06938
16.5666 35.3427 2.2153e-06 0.0291294 0.0702913
16.6066 34.8925 2.21537e-06 0.0308093 0.0706748
16.6466 33.5418 2.21531e-06 0.0340812 0.0727819
16.6867 32.1912 2.21533e-06 0.0352989 0.07654
16.7267 28.1391 2.21533e-06 0.0355674 0.0768513
16.7668 25.888 2.21535e-06 0.0378855 0.0780913
16.8068 25.888 2.21542e-06 0.0412466 0.0794167
16.8468 24.5373 2.21542e-06 0.0440381 0.0814177
16.8869 24.5373 2.21543e-06 0.0471269 0.0817638
16.9269 24.0871 2.21542e-06 0.0503438 0.0819737
16.967 23.1866 2.2154e-06 0.0546838 0.0827125
17.007 23.1866 2.21541e-06 0.0614779 0.0847208
17.047 23.1866 2.21536e-06 0.0664377 0.0842152
17.0871 22.7364 2.21533e-06 0.070204 0.0860082
17.1271 22.7364 2.21532e-06 0.0765944 0.0831465
17.1672 22.7364 2.21526e-06 0.0827097 0.08299
17.2072 22.2862 2.21527e-06 0.0874829 0.0876905
17.2472 21.3857 2.21527e-06 0.0933845 0.0933856
17.2873 20.4853 2.21528e-06 0.102544 0.102547
17.3273 19.5848 2.21527e-06 0.112191 0.112196
17.3674 18.6844 2.21525e-06 0.118429 0.118429
17.4074 18.2342 2.2153e-06 0.126426 0.126633
17.4474 15.5328 2.21533e-06 0.138534 0.138535
17.4875 10.1301 2.21531e-06 0.148624 0.148627
17.5275 9.22963 2.2153e-06 0.156653 0.156654
17.5676 8.32918 2.2153e-06 0.16724 0.167246
17.6076 7.87896 2.21526e-06 0.175313 0.175314
17.6476 7.87896 2.21525e-06 0.182499 0.182499
17.6877 7.42873 2.21523e-06 0.196805 0.196805
17.7277 6.9785 2.21522e-06 0.205603 0.205603
17.7678 6.9785 2.21519e-06 0.211656 0.211656
17.8078 6.52828 2.21519e-06 0.229773 0.22978
17.8478 6.52828 2.21517e-06 0.243261 0.243265
17.8879 6.52828 2.2152e-06 0.248107 0.248107
17.9279 6.07805 2.21518e-06 0.260169 0.26017
17.968 6.07805 2.21519e-06 0.273408 0.273409
18.008 6.07805 2.21519e-06 0.280972 0.280972
18.048 6.07805 2.21525e-06 0.289191 0.289193
18.0881 6.07805 2.21527e-06 0.296424 0.296424
18.1281 6.07805 2.21529e-06 0.303259 0.303259
18.1682 6.07805 2.21526e-06 0.31101 0.311012
18.2082 6.07805 2.21528e-06 0.3166 0.3166
18.2482 5.62783 2.21534e-06 0.325321 0.325321
18.2883 5.62783 2.21535e-06 0.329309 0.329309
18.3283 5.62783 2.21533e-06 0.333428 0.333428
18.3684 5.62783 2.21534e-06 0.346926 0.346934
18.4084 5.62783 2.21535e-06 0.347539 0.347541
18.4484 5.62783 2.21536e-06 0.342987 0.342987
18.4885 5.62783 2.21536e-06 0.348587 0.348589
18.5285 5.62783 2.21534e-06 0.348576 0.348576
18.5686 5.62783 2.21535e-06 0.342152 0.342152
18.6086 5.62783 2.21536e-06 0.336249 0.336249
18.6486 5.62783 2.21532e-06 0.3312 0.3312
18.6887 5.62783 2.21532e-06 0.328652 0.328652
18.7287 5.62783 2.21529e-06 0.321101 0.321101
18.7688 5.62783 2.21527e-06 0.313605 0.313605
18.8088 5.62783 2.21528e-06 0.310113 0.31012
18.8488 5.62783 2.21527e-06 0.297622 0.297622
18.8889 5.62783 2.21525e-06 0.2905 0.2905
18.9289 5.62783 2.21529e-06 0.285193 0.2852
18.969 5.62783 2.2153e-06 0.268308 0.268308
19.009 6.07805 2.21533e-06 0.254042 0.254042
19.049 6.07805 2.21533e-06 0.241334 0.241334
19.0891 6.52828 2.21534e-06 0.229393 0.229396
19.1291 6.52828 2.21533e-06 0.212805 0.21281
19.1692 7.42873 2.21535e-06 0.192489 0.192489
19.2092 7.87896 2.21533e-06 0.181568 0.181568
19.2492 10.1301 2.21533e-06 0.169231 0.169235
19.2893 14.6323 2.21534e-06 0.152907 0.152907
19.3293 15.5328 2.21536e-06 0.141653 0.141653
19.3694 16.4332 2.21535e-06 0.129364 0.129364
19.4094 17.3337 2.21533e-06 0.117872 0.117874
19.4494 17.7839 2.21532e-06 0.107436 0.107436
19.4895 17.7839 2.21531e-06 0.0964562 0.105248
19.5295 18.2342 2.21531e-06 0.0871433 0.106521
19.5696 18.2342 2.21532e-06 0.0742422 0.107225
19.6096 18.6844 2.21533e-06 0.0661408 0.104579
19.6496 19.5848 2.21534e-06 0.0606868 0.103091
19.6897 20.0351 2.21534e-06 0.051445 0.102766
19.7297 23.1866 2.21534e-06 0.0456866 0.101123
19.7698 25.4378 2.21534e-06 0.0427098 0.0958979
19.8098 26.3382 2.21534e-06 0.0415947 0.0920502
19.8498 26.7884 2.21532e-06 0.0401025 0.0903013
19.8899 27.2387 2.21532e-06 0.0384743 0.0864782
19.9299 27.6889 2.21533e-06 0.0409467 0.0799636
19.97 28.1391 2.21534e-06 0.0420668 0.0747322
20.01 29.0396 2.21537e-06 0.0423144 0.0703292
20.0501 29.0396 2.2154e-06 0.0447921 0.0722319
20.0901 33.0916 2.21538e-06 0.045345 0.0728531
20.1301 33.9921 2.21538e-06 0.0467668 0.0716307
20.1702 34.8925 2.21539e-06 0.0485869 0.0716135
20.2102 34.8925 2.21543e-06 0.0510365 0.0723675
20.2503 35.3427 2.21546e-06 0.0532906 0.0698079
20.2903 36.2432 2.21546e-06 0.0524958 0.065904
20.3303 37.1436 2.21546e-06 0.0565873 0.0627654
20.3704 37.5939 2.21546e-06 0.0594533 0.0596172
20.4104 38.0441 2.21546e-06 0.0597202 0.0597202
20.4505 38.4943 2.21546e-06 0.0589227 0.0589229
20.4905 41.6459 2.21543e-06 0.0581794 0.0581794
20.5305 42.9966 2.21542e-06 0.0598255 0.0598305
20.5706 44.3473 2.2154e-06 0.0558439 0.0558441
20.6106 44.7975 2.2154e-06 0.0525782 0.0543204
20.6507 44.7975 2.21539e-06 0.0491295 0.0542977
20.6907 45.6979 2.2154e-06 0.045589 0.0516947
20.7307 46.1482 2.2154e-06 0.0421393 0.0498747
20.7708 48.3993 2.21542e-06 0.0378423 0.0493711
20.8108 51.1007 2.21543e-06 0.0360647 0.0476586
20.8509 52.0011 2.21542e-06 0.0321966 0.0468787
20.8909 52.4513 2.21543e-06 0.029582 0.0455489
20.9309 52.9016 2.21548e-06 0.0290851 0.0459087
20.971 52.9016 2.2155e-06 0.0282008 0.0455653
21.011 53.802 2.21553e-06 0.027151 0.0447964
21.0511 56.0531 2.21555e-06 0.0248475 0.0433696
21.0911 56.9536 2.21555e-06 0.0262783 0.0430496
21.1311 59.2047 2.21554e-06 0.0271548 0.0404888
21.1712 60.1052 2.21551e-06 0.0267183 0.0396719
21.2112 61.4558 2.21555e-06 0.0270199 0.0387589
21.2513 62.3563 2.21557e-06 0.028005 0.0385052
21.2913 62.3563 2.21556e-06 0.0311216 0.0381036
21.3313 63.2568 2.21556e-06 0.0313468 0.039181
21.3714 65.0577 2.21558e-06 0.0335392 0.0380714
21.4114 66.4083 2.21558e-06 0.0347143 0.0365899
21.4515 67.759 2.21558e-06 0.0359325 0.0359325
21.4915 68.6595 2.21558e-06 0.0361985 0.0361985
21.5315 69.1097 2.21558e-06 0.0362302 0.0362302
21.5716 69.5599 2.21557e-06 0.0368658 0.036867
21.6116 71.3608 2.21558e-06 0.0337645 0.0342347
21.6517 71.811 2.21559e-06 0.0314895 0.034203
21.6917 73.1617 2.21558e-06 0.0288946 0.033757
21.7317 74.9626 2.21559e-06 0.0282513 0.0341508
21.7718 76.7635 2.21558e-06 0.0251041 0.0325381
21.8118 78.1142 2.21556e-06 0.0219419 0.0315249
21.8519 77.2138 2.21555e-06 0.0208291 0.0314187
21.8919 78.1142 2.21554e-06 0.0206629 0.0321425
21.9319 79.0147 2.21554e-06 0.0211137 0.0307831
21.972 80.3653 2.21554e-06 0.020122 0.0308384
22.012 82.6165 2.21555e-06 0.0216651 0.0310248
22.0521 83.0667 2.21554e-06 0.0226793 0.0307966
22.0921 84.8676 2.21555e-06 0.0241707 0.0295547
22.1321 84.8676 2.21555e-06 0.0247334 0.0287811
22.1722 84.8676 2.21555e-06 0.0257593 0.0288413
22.2122 86.2183 2.21556e-06 0.0263797 0.0289632
22.2523 87.1187 2.21555e-06 0.0251846 0.0285892
22.2923 88.0192 2.21555e-06 0.0252214 0.0287289
22.3323 90.7205 2.21554e-06 0.0246612 0.0280387
22.3724 90.7205 2.21556e-06 0.0251023 0.0269955
22.4124 92.5214 2.21555e-06 0.0223952 0.0263247
22.4525 92.5214 2.21554e-06 0.0217827 0.0263976
22.4925 93.4219 2.21555e-06 0.0212213 0.0261845
22.5325 94.7726 2.21553e-06 0.0222265 0.0268674
22.5726 96.5735 2.21552e-06 0.0208341 0.0258776
22.6126 97.9242 2.21552e-06 0.0200475 0.0252981
22.6527 97.9242 2.21553e-06 0.0200591 0.0244226
22.6927 98.8246 2.21553e-06 0.0206091 0.0246829
22.7327 100.626 2.21554e-06 0.020539 0.0241846
22.7728 101.076 2.21554e-06 0.0194534 0.0242623
22.8128 103.327 2.21555e-06 0.0197171 0.0238602
22.8529 104.227 2.21554e-06 0.0191253 0.0236192
22.8929 105.578 2.21554e-06 0.019266 0.0231227
22.9329 106.478 2.21553e-06 0.0183533 0.022902
22.973 106.929 2.21555e-06 0.0193412 0.0227827
23.013 107.829 2.21555e-06 0.0189586 0.0229648
23.0531 110.08 2.21554e-06 0.0189841 0.0223561
23.0931 111.431 2.21553e-06 0.0183881 0.0219756
23.1331 111.881 2.21555e-06 0.0197388 0.0213647
23.1732 112.782 2.21555e-06 0.0203899 0.0213873
23.2132 114.583 2.21554e-06 0.0200593 0.0215081
23.2533 114.583 2.21556e-06 0.0189883 0.0214649
23.2933 117.734 2.21556e-06 0.0189031 0.0213302
23.3333 118.184 2.21556e-06 0.0196093 0.0209441
23.3734 118.184 2.21555e-06 0.0188466 0.0216876
23.4134 119.985 2.21557e-06 0.0177123 0.0204965
23.4535 120.886 2.2156e-06 0.0162709 0.0201014
23.4935 121.336 2.2156e-06 0.0165822 0.020334
23.5335 123.587 2.21562e-06 0.0158153 0.0208459
23.5736 124.938 2.21562e-06 0.0158958 0.0203103
23.6136 125.838 2.21561e-06 0.015106 0.0196149
23.6537 126.739 2.21561e-06 0.0161307 0.0194049
23.6937 127.639 2.21562e-06 0.0156198 0.0200254
23.7337 128.54 2.21563e-06 0.0164439 0.0196945
23.7738 130.34 2.21561e-06 0.0163975 0.0191062
23.8138 132.141 2.2156e-06 0.0182045 0.0191571
23.8539 132.141 2.21557e-06 0.0176656 0.0196412
23.8939 133.042 2.21557e-06 0.0176393 0.0193341
23.9339 134.843 2.21558e-06 0.0164552 0.0187089
23.974 134.392 2.21557e-06 0.017618 0.0185699
24.014 135.743 2.21556e-06 0.0171405 0.0184427
24.0541 138.444 2.21557e-06 0.0167571 0.0185087
24.0941 138.895 2.21556e-06 0.014626 0.0185858
24.1341 140.696 2.21555e-06 0.0146744 0.0179748
24.1742 141.146 2.21555e-06 0.014389 0.0181949
24.2142 141.596 2.21555e-06 0.0148559 0.0178637
24.2543 142.947 2.21555e-06 0.013791 0.018084
24.2943 146.098 2.21555e-06 0.014027 0.0176851
24.3343 145.648 2.21557e-06 0.0139517 0.0176178
24.3744 146.549 2.21557e-06 0.0147347 0.0178362
24.4144 147.899 2.21555e-06 0.0144808 0.0176646
24.4545 148.8 2.21554e-06 0.0151973 0.0172147
24.4945 149.7 2.21554e-06 0.0152864 0.0167985
24.5345 148.349 2.21553e-06 0.0155692 0.0177971
24.5746 151.051 2.21553e-06 0.0145176 0.01717
24.6146 152.852 2.21554e-06 0.0144935 0.0169377
24.6547 154.653 2.21555e-06 0.0145314 0.0170484
24.6947 155.103 2.21552e-06 0.0150578 0.0167189
24.7347 156.003 2.21553e-06 0.01392 0.0162299
24.7748 157.804 2.21552e-06 0.0131362 0.0161108
24.8148 159.155 2.21554e-06 0.0126721 0.0158687
24.8549 159.605 2.21555e-06 0.0136864 0.016069
24.8949 160.506 2.21555e-06 0.0137388 0.0168243
24.9349 160.956 2.21555e-06 0.0136295 0.0159145
24.975 162.306 2.21555e-06 0.0128915 0.0156928
25.015 163.657 2.21556e-06 0.0135419 0.0156208
25.0551 164.107 2.21558e-06 0.0137161 0.0155683
25.0951 167.259 2.21558e-06 0.0141837 0.0151272
25.1351 168.61 2.21558e-06 0.0134912 0.0148747
25.1752 170.411 2.21557e-06 0.0137789 0.0148512
25.2152 170.861 2.21555e-06 0.0131388 0.0148611
25.2553 170.861 2.21554e-06 0.0131145 0.0148698
25.2953 170.861 2.21555e-06 0.0120137 0.0148914
25.3353 172.211 2.21557e-06 0.0124443 0.0146672
25.3754 173.562 2.21555e-06 0.0121204 0.0147692
25.4154 175.813 2.21553e-06 0.0124715 0.0145683
25.4555 177.614 2.21553e-06 0.0111881 0.0138802
25.4955 178.965 2.21552e-06 0.0114652 0.0140098
25.5355 179.865 2.21552e-06 0.0115777 0.0139738
25.5756 180.316 2.21552e-06 0.0130872 0.0141567
25.6156 181.666 2.21552e-06 0.0126499 0.0141394
25.6557 183.467 2.21552e-06 0.0127182 0.0136455
25.6957 184.818 2.21552e-06 0.0121224 0.0133757
25.7357 186.168 2.21551e-06 0.0131658 0.0133239
25.7758 186.619 2.21551e-06 0.0132727 0.013273
25.8158 187.969 2.2155e-06 0.0133121 0.0133128
25.8559 189.77 2.21548e-06 0.0124606 0.0130466
25.8959 191.571 2.21548e-06 0.0120914 0.0127079
25.9359 192.922 2.21547e-06 0.0119071 0.0126854
25.976 193.822 2.21546e-06 0.0113875 0.012398
26.016 194.273 2.21546e-06 0.0111251 0.0125246
26.0561 195.173 2.21546e-06 0.010582 0.0124898
26.0961 196.073 2.21543e-06 0.0110575 0.0124734
26.1361 197.424 2.21541e-06 0.0104566 0.0128692
26.1762 200.125 2.21541e-06 0.0106207 0.0123565
26.2162 201.926 2.21541e-06 0.00998231 0.0119879
26.2563 202.827 2.21542e-06 0.0112223 0.01221
26.2963 203.277 2.21542e-06 0.0113607 0.0121588
26.3363 204.177 2.21541e-06 0.0120797 0.0120807
26.3764 205.528 2.2154e-06 0.0110338 0.012198
26.4164 206.429 2.2154e-06 0.0112949 0.0118033
26.4565 208.68 2.21539e-06 0.0113799 0.0118588
26.4965 209.58 2.21539e-06 0.0121387 0.012139
26.5365 210.481 2.21538e-06 0.0118108 0.0118619
26.5766 211.831 2.21537e-06 0.0109939 0.0115168
26.6166 213.632 2.21538e-06 0.0106397 0.0114311
26.6567 214.082 2.21538e-06 0.0103354 0.0116989
26.6967 215.883 2.21537e-06 0.0108076 0.0116237
26.7367 217.234 2.21535e-06 0.0100957 0.011763
26.7768 218.585 2.21534e-06 0.010326 0.0115737
26.8168 219.485 2.21533e-06 0.00978499 0.0111935
26.8569 220.386 2.21531e-06 0.0105109 0.0113101
26.8969 223.087 2.21531e-06 0.01005 0.0111217
26.9369 223.087 2.21531e-06 0.0103641 0.0114132
26.977 224.438 2.21531e-06 0.010245 0.0114951
27.017 226.689 2.2153e-06 0.0109038 0.0110498
27.0571 227.139 2.2153e-06 0.0111192 0.01117
27.0971 227.589 2.2153e-06 0.0106229 0.0110944
27.1371 229.39 2.2153e-06 0.0102985 0.0108892
27.1772 230.291 2.21531e-06 0.00979843 0.0109263
27.2172 233.442 2.21529e-06 0.0105418 0.0105421
27.2573 233.892 2.21528e-06 0.0101519 0.0108231
27.2973 234.793 2.21526e-06 0.0100507 0.0106906
27.3373 235.693 2.21528e-06 0.00888138 0.0107909
27.3774 237.044 2.21528e-06 0.00893674 0.0106904
27.4174 237.494 2.21529e-06 0.00902685 0.010751
27.4575 239.745 2.21527e-06 0.00943246 0.0107878
27.4975 241.546 2.21526e-06 0.00936977 0.0105388
27.5375 242.897 2.21525e-06 0.00902605 0.0105054
27.5776 244.248 2.21524e-06 0.00943714 0.0102466
27.6176 245.148 2.21523e-06 0.00954932 0.0101253
27.6577 244.698 2.21524e-06 0.0102611 0.0103104
27.6977 246.499 2.21525e-06 0.00990282 0.0102367
27.7377 247.399 2.21524e-06 0.0102883 0.0102883
27.7778 248.75 2.21521e-06 0.0102229 0.0102251
27.8178 250.101 2.2152e-06 0.0105044 0.0105046
27.8579 251.451 2.21518e-06 0.0102029 0.0102606
27.8979 253.702 2.21519e-06 0.00955339 0.00984759
27.9379 255.053 2.21518e-06 0.00946442 0.00981984
27.978 255.728 2.21517e-06 0.00924311 0.00979316
28.018 257.754 2.21517e-06 0.00959078 0.00989663
28.0581 259.105 2.21516e-06 0.00882897 0.00993803
28.0981 259.555 2.21516e-06 0.00841411 0.00989274
28.1381 260.456 2.21515e-06 0.00792797 0.0096423
28.1782 261.806 2.21514e-06 0.00831124 0.00967782
28.2182 261.806 2.21511e-06 0.00875097 0.00995859
28.2583 262.707 2.21509e-06 0.00866923 0.00989129
28.2983 265.858 2.21508e-06 0.00859214 0.00955383
28.3383 269.01 2.21508e-06 0.00825197 0.00959739
28.3784 269.91 2.21509e-06 0.00888295 0.00963984
28.4184 270.811 2.21507e-06 0.00910276 0.00972029
28.4585 271.711 2.21505e-06 0.00942337 0.00950828
28.4985 272.612 2.21503e-06 0.00912501 0.00957166
28.5385 273.062 2.21499e-06 0.00893877 0.00934328
28.5786 273.963 2.21499e-06 0.00908796 0.00918707
28.6186 275.313 2.21499e-06 0.00892461 0.00915053
28.6587 276.214 2.215e-06 0.00891602 0.0091015
28.6987 276.664 2.21499e-06 0.00832045 0.00935655
28.7387 277.564 2.21499e-06 0.00835293 0.00947641
28.7788 278.465 2.21499e-06 0.00833176 0.00930209
28.8188 278.465 2.21498e-06 0.00841941 0.0094377
28.8589 278.915 2.21498e-06 0.00822689 0.00931719
28.8989 279.365 2.21497e-06 0.00779937 0.00932597
28.9389 280.266 2.21496e-06 0.00802962 0.00923487
28.979 281.166 2.21497e-06 0.00829651 0.00947117
29.019 282.067 2.21495e-06 0.00890816 0.00945974
29.0591 282.517 2.21495e-06 0.00876497 0.00992197
29.0991 283.417 2.21495e-06 0.00850663 0.0102123
29.1391 283.867 2.21494e-06 0.00841423 0.0101111
29.1792 284.318 2.21492e-06 0.00858256 0.0101352
29.2192 286.119 2.21487e-06 0.0090863 0.00966125
29.2593 286.569 2.21486e-06 0.00885173 0.00963159
29.2993 287.019 2.21486e-06 0.0085334 0.00986215
29.3393 288.37 2.21486e-06 0.00795399 0.00950252
29.3794 290.171 2.21486e-06 0.00780942 0.00938367
29.4194 290.621 2.21485e-06 0.00787922 0.00955105
29.4595 291.972 2.21484e-06 0.00764531 0.00941828
29.4995 293.322 2.21482e-06 0.00743647 0.00945924
29.5395 294.223 2.21481e-06 0.00699854 0.00934452
29.5796 294.673 2.21481e-06 0.00710452 0.00916082
29.6196 295.573 2.21481e-06 0.00722428 0.00924432
29.6597 296.924 2.21482e-06 0.007315 0.00897229
29.6997 297.374 2.21481e-06 0.00731523 0.00850455
29.7397 298.275 2.21479e-06 0.00724581 0.00843614
29.7798 300.076 2.21479e-06 0.0077099 0.0083695
29.8198 300.976 2.21479e-06 0.00805418 0.00821682
29.8599 301.426 2.21479e-06 0.008366 0.00841903
29.8999 303.677 2.21479e-06 0.00821743 0.00843303
29.9399 304.578 2.21477e-06 0.00797351 0.00848702
29.98 305.028 2.21477e-06 0.00814372 0.00828746
30.02 306.379 2.21473e-06 0.00833112 0.00833131
30.0601 307.279 2.21471e-06 0.00859486 0.00859486
30.1001 308.18 2.21471e-06 0.00823637 0.00823659
30.1401 308.18 2.2147e-06 0.00770906 0.00835756
30.1802 309.53 2.2147e-06 0.00738841 0.00862752
30.2202 309.981 2.21468e-06 0.00731604 0.0084955
30.2603 310.431 2.21467e-06 0.00756065 0.00835291
30.3003 311.782 2.21466e-06 0.00738986 0.00844443
30.3403 312.682 2.21464e-06 0.00711775 0.00850621
30.3804 313.132 2.21464e-06 0.00683222 0.00871726
30.4204 313.582 2.21463e-06 0.00682738 0.00856602
30.4605 314.033 2.21463e-06 0.00716351 0.00836326
30.5005 314.483 2.21463e-06 0.00724698 0.00833226
30.5405 315.383 2.21462e-06 0.00728124 0.00854971
30.5806 315.834 2.21461e-06 0.00713821 0.00846889
30.6206 315.834 2.21461e-06 0.00720622 0.0084958
30.6607 318.535 2.21461e-06 0.00747685 0.00880874
30.7007 319.886 2.21461e-06 0.00750722 0.00878788
30.7407 320.336 2.21459e-06 0.00742701 0.00841137
30.7808 320.786 2.21457e-06 0.00707499 0.00839156
30.8208 321.686 2.21456e-06 0.00695666 0.00833984
30.8609 321.236 2.21454e-06 0.0070645 0.00851761
30.9009 321.686 2.21453e-06 0.00707232 0.00867468
30.9409 322.137 2.21453e-06 0.00695754 0.00844534
30.981 322.137 2.21454e-06 0.00649492 0.00862104
31.021 322.587 2.21453e-06 0.00625262 0.00863122
31.0611 323.037 2.21451e-06 0.00633904 0.00870565
31.1011 323.487 2.21448e-06 0.00660136 0.00880298
31.1411 325.739 2.21446e-06 0.00685885 0.00844391
31.1812 328.44 2.21444e-06 0.00670775 0.00812743
31.2212 329.34 2.21443e-06 0.00658641 0.00793394
31.2613 330.691 2.21443e-06 0.0066522 0.00797201
31.3013 331.141 2.21443e-06 0.00700414 0.00814727
31.3413 332.042 2.21443e-06 0.00748999 0.0080195
31.3814 332.042 2.21441e-06 0.00758253 0.00798582
31.4214 332.492 2.21439e-06 0.00750238 0.00799646
31.4615 334.743 2.21438e-06 0.00733208 0.00792007
31.5015 335.193 2.21435e-06 0.00733081 0.00778946
31.5415 336.094 2.21433e-06 0.00753425 0.0077538
31.5816 338.345 2.21429e-06 0.0074881 0.00777403
31.6216 339.245 2.21426e-06 0.00727975 0.00764398
31.6617 340.146 2.21425e-06 0.00688769 0.00763418
31.7017 341.947 2.21425e-06 0.0065926 0.0074955
31.7417 342.847 2.21425e-06 0.00656749 0.00748084
31.7818 343.748 2.21424e-06 0.00646654 0.00750164
31.8218 345.999 2.21419e-06 0.0063001 0.00746614
31.8619 346.899 2.21415e-06 0.00596914 0.0073646
31.9019 346.899 2.2141e-06 0.00572217 0.00739069
31.9419 347.8 2.21405e-06 0.00581527 0.00738161
31.982 348.25 2.21402e-06 0.00599455 0.00759233
32.022 349.15 2.21401e-06 0.00617857 0.0074345
32.0621 350.051 2.21399e-06 0.00610871 0.00741816
32.1021 350.501 2.21395e-06 0.00593961 0.00739626
32.1421 354.103 2.21387e-06 0.00602316 0.00725069
32.1822 354.103 2.21381e-06 0.00628254 0.00755757
32.2222 355.453 2.21374e-06 0.00667077 0.00760824
32.2623 357.705 2.21367e-06 0.00680449 0.00744432
32.3023 357.705 2.21364e-06 0.00660611 0.00747094
32.3423 357.705 2.21357e-06 0.0064048 0.00753557
32.3824 358.605 2.2135e-06 0.0063049 0.00757025
32.4224 359.505 2.21342e-06 0.00647533 0.0076413
32.4625 360.406 2.21334e-06 0.00664085 0.00745759
32.5025 361.306 2.21329e-06 0.00652769 0.00737226
32.5425 361.306 2.21321e-06 0.00628019 0.00739944
32.5826 365.358 2.21312e-06 0.00597869 0.00734263
32.6226 365.358 2.21302e-06 0.00592631 0.00728848
32.6627 365.809 2.2129e-06 0.00608686 0.00720682
32.7027 367.159 2.21282e-06 0.00617729 0.00723565
32.7427 367.61 2.21277e-06 0.00617859 0.00733326
32.7828 368.06 2.21273e-06 0.00602787 0.00730274
32.8228 368.51 2.21265e-06 0.00598465 0.007408
32.8629 369.41 2.21251e-06 0.00618913 0.00746887
32.9029 371.211 2.21236e-06 0.0064147 0.00734647
32.9429 372.112 2.21222e-06 0.00657888 0.00737535
32.983 373.012 2.2121e-06 0.00650707 0.00728949
33.023 376.164 2.21202e-06 0.00634488 0.00713747
33.0631 377.064 2.21191e-06 0.00636557 0.00686064
33.1031 376.614 2.21177e-06 0.00647258 0.00682016
33.1431 376.614 2.21158e-06 0.00660647 0.00682031
33.1832 377.064 2.21135e-06 0.00652918 0.00686816
33.2232 377.965 2.21113e-06 0.00617338 0.00695252
33.2633 379.315 2.21089e-06 0.00584331 0.00677825
33.3033 379.315 2.21059e-06 0.00564351 0.0067299
33.3433 379.315 2.21026e-06 0.00565999 0.00678648
33.3834 382.467 2.20988e-06 0.00573043 0.00690663
33.4234 383.367 2.20951e-06 0.00556447 0.00676396
33.4635 383.367 2.20915e-06 0.00527393 0.00674542
33.5035 386.069 2.20872e-06 0.00499728 0.00665869
33.5435 386.519 2.20824e-06 0.00494307 0.00674307
33.5836 386.519 2.2076e-06 0.00517678 0.00683332
33.6236 386.519 2.20692e-06 0.00540084 0.00677667
33.6637 387.419 2.20628e-06 0.00550456 0.00669673
33.7037 387.87 2.20567e-06 0.00546187 0.00666612
33.7437 388.32 2.20511e-06 0.00539118 0.00662358
33.7838 388.32 2.20446e-06 0.00555722 0.00676986
33.8238 388.77 2.20369e-06 0.00585668 0.00679672
33.8639 390.121 2.20289e-06 0.00613746 0.00665811
33.9039 393.272 2.20208e-06 0.00626383 0.0068208
33.9439 394.173 2.20138e-06 0.00614466 0.0068893
33.984 395.974 2.20074e-06 0.00603906 0.00691932
34.024 396.874 2.20006e-06 0.00605852 0.00702489
34.0641 397.324 2.19935e-06 0.00614531 0.00700791
34.1041 397.775 2.19857e-06 0.00622974 0.00689207
34.1441 397.775 2.19782e-06 0.006096 0.00685582
34.1842 398.225 2.19718e-06 0.00581292 0.00673548
34.2242 399.576 2.19656e-06 0.00558862 0.0067444
34.2643 400.026 2.19597e-06 0.00548406 0.00679328
34.3043 400.476 2.19531e-06 0.00555453 0.00688763
34.3443 401.827 2.19459e-06 0.00560047 0.00698625
34.3844 404.078 2.19391e-06 0.0054606 0.00701239
34.4244 405.429 2.19321e-06 0.00525878 0.00688007
34.4645 407.229 2.19249e-06 0.00509859 0.00680255
34.5045 408.58 2.19169e-06 0.00514174 0.0066891
34.5445 409.03 2.19077e-06 0.00538427 0.00665058
34.5846 409.03 2.18986e-06 0.00556481 0.00666551
34.6246 412.182 2.18897e-06 0.00560043 0.00666194
34.6647 413.082 2.1881e-06 0.00547167 0.0066022
34.7047 413.082 2.18713e-06 0.00531091 0.00664264
34.7447 413.983 2.18593e-06 0.00536081 0.00662844
34.7848 415.333 2.18457e-06 0.00554875 0.00678868
34.8248 416.234 2.18314e-06 0.00571937 0.00682166
34.8649 416.684 2.18178e-06 0.00573963 0.00669716
34.9049 417.134 2.18055e-06 0.00551303 0.00655298
34.9449 417.585 2.1793e-06 0.00523833 0.00650665
34.985 420.286 2.17793e-06 0.0051004 0.0062681
35.025 419.386 2.17641e-06 0.00510423 0.00641847
35.0651 425.689 2.1748e-06 0.00520483 0.00633327
35.1051 426.589 2.17326e-06 0.00519025 0.00619268
35.1451 426.589 2.17178e-06 0.00499942 0.00613294
35.1852 426.589 2.17031e-06 0.00479691 0.00613721
35.2252 427.94 2.16879e-06 0.00467904 0.00603873
35.2653 428.84 2.16717e-06 0.00474947 0.00613168
35.3053 429.29 2.16556e-06 0.0049492 0.00607542
35.3453 429.29 2.164e-06 0.00506641 0.00612378
35.3854 428.84 2.16241e-06 0.00507906 0.00612455
35.4254 427.94 2.16075e-06 0.00503607 0.00611584
35.4655 428.39 2.15888e-06 0.00504527 0.00610187
35.5055 428.84 2.15688e-06 0.0052392 0.0061872
35.5455 431.091 2.15488e-06 0.00549534 0.00606256
35.5856 431.542 2.15288e-06 0.00566449 0.0060585
35.6256 437.395 2.15087e-06 0.00569493 0.00601597
35.6657 437.845 2.1487e-06 0.00556442 0.00597071
35.7057 438.745 2.14629e-06 0.00545322 0.00589234
35.7457 440.096 2.14375e-06 0.00549236 0.0058975
35.7858 440.996 2.14118e-06 0.00558897 0.00585817
35.8258 440.096 2.13869e-06 0.00565226 0.00595445
35.8659 438.745 2.13624e-06 0.00555203 0.0059655
35.9059 438.745 2.13363e-06 0.00525394 0.00598105
35.9459 439.195 2.13087e-06 0.00495605 0.00597362
35.986 439.646 2.12802e-06 0.00478602 0.00598905
36.026 440.096 2.12524e-06 0.0047707 0.00608613
36.0661 440.546 2.12269e-06 0.00484839 0.00624701
36.1061 441.447 2.12024e-06 0.00481647 0.00622708
36.1461 441.897 2.11774e-06 0.00463663 0.00604892
36.1862 442.797 2.11508e-06 0.00442269 0.00592422
36.2262 446.399 2.11227e-06 0.00428359 0.00584433
36.2663 446.399 2.10949e-06 0.00435025 0.00589357
36.3063 446.399 2.10683e-06 0.00457497 0.00600364
36.3463 446.849 2.10423e-06 0.00475697 0.00596783
36.3864 448.2 2.10159e-06 0.00482491 0.00589989
36.4264 450.001 2.09875e-06 0.00477195 0.00587356
36.4665 450.001 2.09576e-06 0.00469173 0.00583829
36.5065 450.001 2.09272e-06 0.00475869 0.00593672
36.5465 450.001 2.08958e-06 0.00495592 0.00607878
36.5866 450.001 2.08633e-06 0.00516352 0.00607042
36.6266 450.001 2.08285e-06 0.00528086 0.00585906
36.6667 450.001 2.07912e-06 0.00521581 0.00572605
36.7067 450.001 2.07532e-06 0.00505284 0.00567816
36.7467 450.001 2.07157e-06 0.0049535 0.00578555
36.7868 450.001 2.0679e-06 0.00495104 0.0058891
36.8268 450.001 2.06422e-06 0.00502985 0.00584752
36.8669 450.001 2.06029e-06 0.00508138 0.00564801
36.9069 450.001 2.05614e-06 0.00497941 0.00569774
36.9469 450.001 2.05189e-06 0.00478701 0.0056108
36.987 450.001 2.04774e-06 0.00461575 0.00556992
37.027 450.001 2.04386e-06 0.00454092 0.00562731
37.0671 450.001 2.04013e-06 0.00462012 0.00559319
37.1071 450.001 2.03636e-06 0.00474121 0.005577
37.1471 450.001 2.03248e-06 0.0047622 0.00567618
37.1872 450.001 2.02848e-06 0.00469301 0.0056892
37.2272 450.001 2.02455e-06 0.00457493 0.00556069
37.2673 450.001 2.0208e-06 0.00452182 0.00549173
37.3073 450.001 2.01709e-06 0.00464086 0.00547123
37.3473 450.001 2.01328e-06 0.0048438 0.00538643
37.3874 450.001 2.00928e-06 0.00499574 0.00542916
37.4274 450.001 2.00512e-06 0.00502923 0.00549786
37.4675 450.001 2.00099e-06 0.0049055 0.00547188
37.5075 450.001 1.99693e-06 0.00474095 0.00551334
37.5475 450.001 1.9929e-06 0.00468933 0.00545503
37.5876 450.001 1.98874e-06 0.00474886 0.00554298
37.6276 450.001 1.9843e-06 0.00485555 0.00559785
37.6677 450.001 1.9797e-06 0.00489658 0.0055463
37.7077 450.001 1.97511e-06 0.00475697 0.00547325
37.7477 450.001 1.9706e-06 0.00449426 0.00545393
37.7878 450.001 1.96621e-06 0.00425043 0.00543998
37.8278 450.001 1.96181e-06 0.00410813 0.00558448
37.8679 450.001 1.95729e-06 0.00411388 0.00571273
37.9079 450.001 1.95277e-06 0.00418431 0.00573311
37.9479 450.001 1.94834e-06 0.00417509 0.0055833
37.988 450.001 1.9441e-06 0.00406114 0.00540743
38.028 450.001 1.93999e-06 0.00389462 0.00531847
38.0681 450.001 1.93582e-06 0.00377087 0.00548038
38.1081 450.001 1.93152e-06 0.00380427 0.00564311
38.1481 450.001 1.92714e-06 0.0039727 0.00565169
38.1882 450.001 1.92284e-06 0.00415941 0.005545
38.2282 450.001 1.91879e-06 0.00428995 0.00546465
38.2683 450.001 1.91489e-06 0.00431366 0.00543616
38.3083 450.001 1.91092e-06 0.00427945 0.00538146
38.3483 450.001 1.90671e-06 0.00432186 0.00544942
38.3884 450.001 1.90218e-06 0.00447131 0.00549574
38.4284 450.001 1.8975e-06 0.00468088 0.00544469
38.4685 450.001 1.89291e-06 0.00487964 0.0052691
38.5085 450.001 1.88845e-06 0.00494789 0.00533379
38.5485 450.001 1.88405e-06 0.00487937 0.00532329
38.5886 450.001 1.87958e-06 0.00477993 0.00545282
38.6286 450.001 1.87493e-06 0.00472482 0.00555781
38.6687 450.001 1.87021e-06 0.00475404 0.00551171
38.7087 450.001 1.86556e-06 0.00484829 0.00537047
38.7487 450.001 1.86104e-06 0.00488234 0.00520545
38.7888 450.001 1.85665e-06 0.00478446 0.00515191
38.8288 450.001 1.85226e-06 0.00459657 0.00506847
38.8689 450.001 1.84781e-06 0.00438634 0.00499545
38.9089 450.001 1.84344e-06 0.0042594 0.00497864
38.9489 450.001 1.83926e-06 0.00427497 0.0049496
38.989 450.001 1.83535e-06 0.00435321 0.00489665
39.029 450.001 1.83165e-06 0.00439367 0.00497356
39.0691 450.001 1.82796e-06 0.00434539 0.00501811
39.1091 450.001 1.82417e-06 0.00420108 0.00495258
39.1491 450.001 1.82029e-06 0.00405834 0.00485481
39.1892 450.001 1.81642e-06 0.00403599 0.0048613
39.2292 450.001 1.8127e-06 0.00414343 0.00482838
39.2693 450.001 1.80911e-06 0.00431793 0.00494565
39.3093 450.001 1.80551e-06 0.00446818 0.00500942
39.3493 450.001 1.80179e-06 0.0044908 0.00497083
39.3894 450.001 1.79792e-06 0.00439083 0.00498246
39.4294 450.001 1.79398e-06 0.004276 0.00501124
39.4695 450.001 1.79015e-06 0.00422831 0.00496115
39.5095 450.001 1.78641e-06 0.00428669 0.00489424
39.5495 450.001 1.78267e-06 0.00442542 0.00490613
39.5896 450.001 1.77883e-06 0.00451985 0.00486398
39.6296 450.001 1.77483e-06 0.00448157 0.00482139
39.6697 450.001 1.77077e-06 0.00433075 0.00484739
39.7097 450.001 1.76686e-06 0.00412509 0.00480357
39.7497 450.001 1.76321e-06 0.00396031 0.00484248
39.7898 450.001 1.75977e-06 0.00392177 0.00489865
39.8298 450.001 1.75644e-06 0.00396551 0.00488067
39.8699 450.001 1.75303e-06 0.0039984 0.00490185
39.9099 450.001 1.74953e-06 0.00396849 0.00483247
39.9499 450.001 1.74606e-06 0.00384143 0.00478106
39.99 450.001 1.74272e-06 0.00366799 0.00482628
40.03 450.001 1.7396e-06 0.00356571 0.00484151
40.0701 450.001 1.73663e-06 0.00357445 0.00475177
40.1101 450.001 1.73366e-06 0.00366832 0.00478722
40.1502 450.001 1.73064e-06 0.0037989 0.00484248
40.1902 450.001 1.72759e-06 0.00387084 0.00479131
40.2302 450.001 1.72454e-06 0.00384628 0.00473623
40.2703 450.001 1.72159e-06 0.00379243 0.00467667
40.3103 450.001 1.71867e-06 0.00377233 0.00472855
40.3504 450.001 1.71569e-06 0.00382867 0.0046883
40.3904 450.001 1.7126e-06 0.00397595 0.00463918
40.4304 450.001 1.70943e-06 0.00413131 0.00464592
40.4705 450.001 1.7063e-06 0.00420096 0.00466155
40.5105 450.001 1.70332e-06 0.00417065 0.00465277
40.5506 450.001 1.7005e-06 0.00406799 0.00469607
40.5906 450.001 1.69775e-06 0.00395384 0.00468042
40.6306 450.001 1.69496e-06 0.0039137 0.00457492
40.6707 450.001 1.69207e-06 0.00395807 0.00451767
40.7107 450.001 1.68914e-06 0.00401405 0.00451139
40.7508 450.001 1.68634e-06 0.00401457 0.00453643
40.7908 450.001 1.68373e-06 0.00392083 0.00451923
40.8308 450.001 1.68133e-06 0.00373366 0.0045374
40.8709 450.001 1.67905e-06 0.00353639 0.00452278
40.9109 450.001 1.67675e-06 0.00342907 0.00449337
40.951 450.001 1.67442e-06 0.00341948 0.00448931
40.991 450.001 1.67211e-06 0.00348307 0.00441915
41.031 450.001 1.66989e-06 0.00355624 0.00450412
41.0711 450.001 1.66779e-06 0.00354985 0.00454051
41.1111 450.001 1.66576e-06 0.00346089 0.00454641
41.1512 450.001 1.66367e-06 0.00336402 0.00456118
41.1912 450.001 1.66144e-06 0.00332091 0.00462446
41.2312 450.001 1.65912e-06 0.00339092 0.00457932
41.2713 450.001 1.65678e-06 0.00357645 0.0044335
41.3113 450.001 1.65452e-06 0.00378964 0.00448628
41.3514 450.001 1.65237e-06 0.00394044 0.00455895
41.3914 450.001 1.65024e-06 0.00400048 0.00463408
41.4314 450.001 1.64801e-06 0.00398374 0.00460357
41.4715 450.001 1.64564e-06 0.00395484 0.00448655
41.5115 450.001 1.64313e-06 0.00400607 0.00452792
41.5516 450.001 1.6406e-06 0.00415977 0.00447308
41.5916 450.001 1.63817e-06 0.00435383 0.00443961
41.6316 450.001 1.63585e-06 0.00452063 0.00452111
41.6717 450.001 1.63359e-06 0.00459295 0.00459334
41.7117 450.001 1.63136e-06 0.00453347 0.00453387
41.7518 450.001 1.6291e-06 0.00441007 0.00446199
41.7918 450.001 1.62686e-06 0.00431528 0.00442767
41.8318 450.001 1.6247e-06 0.00428678 0.00443209
41.8719 450.001 1.62266e-06 0.00433981 0.00447414
41.9119 450.001 1.6207e-06 0.0044303 0.00443062
41.952 450.001 1.61874e-06 0.00446413 0.00446413
41.992 450.001 1.61672e-06 0.00439911 0.00442708
42.032 450.001 1.61465e-06 0.00426245 0.00444348
42.0721 450.001 1.6126e-06 0.00411166 0.00446887
42.1121 450.001 1.61064e-06 0.00400882 0.00443571
42.1522 450.001 1.60881e-06 0.00400942 0.00436585
42.1922 450.001 1.60705e-06 0.00408905 0.00442487
42.2322 450.001 1.60523e-06 0.00416543 0.00449611
42.2723 450.001 1.60327e-06 0.00419264 0.00447533
42.3123 450.001 1.60117e-06 0.00414878 0.00434703
42.3524 450.001 1.599e-06 0.00404499 0.00429882
42.3924 450.001 1.59686e-06 0.00396117 0.00426606
42.4324 450.001 1.59481e-06 0.00395613 0.0043295
42.4725 450.001 1.5928e-06 0.00402411 0.00436434
42.5125 450.001 1.59078e-06 0.00412717 0.00434802
42.5526 450.001 1.58867e-06 0.00420678 0.00425275
42.5926 450.001 1.58649e-06 0.00419974 0.00421382
42.6326 450.001 1.58431e-06 0.00409428 0.00415494
42.6727 450.001 1.5822e-06 0.00395617 0.00414295
42.7127 450.001 1.58021e-06 0.00384304 0.00417302
42.7528 450.001 1.57828e-06 0.00378687 0.00420841
42.7928 450.001 1.57634e-06 0.00380169 0.00416706
42.8328 450.001 1.57433e-06 0.0038319 0.00414183
42.8729 450.001 1.57227e-06 0.00380096 0.00421392
42.9129 450.001 1.57024e-06 0.00368225 0.00424385
42.953 450.001 1.56831e-06 0.00349502 0.00433464
42.993 450.001 1.56651e-06 0.00328428 0.00432707
43.033 450.001 1.56478e-06 0.00311836 0.00422529
43.0731 450.001 1.56302e-06 0.00304844 0.00410126
43.1131 450.001 1.56113e-06 0.00305158 0.00414867
43.1532 450.001 1.55912e-06 0.00306783 0.00417099
43.1932 450.001 1.55704e-06 0.00305293 0.00414657
43.2332 450.001 1.55495e-06 0.00297061 0.00412192
43.2733 450.001 1.55291e-06 0.00283322 0.00405548
43.3133 450.001 1.55087e-06 0.00271105 0.00417565
43.3534 450.001 1.54878e-06 0.00266226 0.00423572
43.3934 450.001 1.54658e-06 0.00270585 0.00419616
43.4334 450.001 1.54428e-06 0.002822 0.00406588
43.4735 450.001 1.54194e-06 0.00295938 0.00403156
43.5135 450.001 1.53963e-06 0.00304517 0.00406629
43.5536 450.001 1.53736e-06 0.00305046 0.00415889
43.5936 450.001 1.53509e-06 0.00301025 0.00420201
43.6336 450.001 1.53278e-06 0.00296872 0.0042061
43.6737 450.001 1.53038e-06 0.00297672 0.00421322
43.7137 450.001 1.52792e-06 0.00306829 0.00421613
43.7538 450.001 1.52551e-06 0.00321419 0.00428839
43.7938 450.001 1.52325e-06 0.00334672 0.00440695
43.8338 450.001 1.52116e-06 0.00341311 0.00445818
43.8739 450.001 1.51919e-06 0.00339585 0.00441458
43.9139 450.001 1.51723e-06 0.00330257 0.00429175
43.954 450.001 1.51519e-06 0.00319009 0.00417801
43.994 450.001 1.51306e-06 0.00312853 0.00414166
44.034 450.001 1.5109e-06 0.00313127 0.00408992
44.0741 450.001 1.50878e-06 0.00317962 0.00407649
44.1141 450.001 1.50679e-06 0.00323312 0.00410455
44.1542 450.001 1.50489e-06 0.00323888 0.00409635
44.1942 450.001 1.50299e-06 0.00316548 0.00414939
44.2342 450.001 1.50102e-06 0.00303911 0.00411744
44.2743 450.001 1.49894e-06 0.00291785 0.00401756
44.3143 450.001 1.49677e-06 0.00284094 0.00397823
44.3544 450.001 1.49459e-06 0.00283823 0.00394519
44.3944 450.001 1.49244e-06 0.002905 0.00398691
44.4344 450.001 1.49032e-06 0.00298735 0.00395062
44.4745 450.001 1.48814e-06 0.00303349 0.00389611
44.5145 450.001 1.48585e-06 0.00302942 0.00392396
44.5546 450.001 1.48344e-06 0.00298976 0.00396495
44.5946 450.001 1.48095e-06 0.00294693 0.00394052
44.6346 450.001 1.4785e-06 0.00295345 0.00393226
44.6747 450.001 1.47616e-06 0.00303919 0.00398905
44.7147 450.001 1.47394e-06 0.00317528 0.00401104
44.7548 450.001 1.47179e-06 0.00331741 0.00401833
44.7948 450.001 1.46961e-06 0.00342546 0.00404312
44.8348 450.001 1.46732e-06 0.00346697 0.00400473
44.8749 450.001 1.46494e-06 0.00344492 0.00397264
44.9149 450.001 1.46256e-06 0.00340968 0.00399476
44.955 450.001 1.46023e-06 0.00341231 0.00395751
44.995 450.001 1.45801e-06 0.00346622 0.00397174
45.035 450.001 1.45588e-06 0.00356863 0.00399782
45.0751 450.001 1.45375e-06 0.00368333 0.00397737
45.1151 450.001 1.45157e-06 0.00375248 0.00400154
45.1552 450.001 1.44933e-06 0.00373998 0.00402509
45.1952 450.001 1.44705e-06 0.0036614 0.00399797
45.2352 450.001 1.44478e-06 0.00355824 0.00394477
45.2753 450.001 1.44253e-06 0.00347228 0.00394502
45.3153 450.001 1.44028e-06 0.00345141 0.0039656
45.3554 450.001 1.43795e-06 0.00350301 0.00396737
45.3954 450.001 1.4355e-06 0.00358563 0.0039316
45.4354 450.001 1.43294e-06 0.00364445 0.00383989
45.4755 450.001 1.43032e-06 0.0036495 0.0037764
45.5155 450.001 1.42777e-06 0.00359075 0.0037718
45.5556 450.001 1.42534e-06 0.00348861 0.00374707
45.5956 450.001 1.42301e-06 0.00340707 0.00378159
45.6356 450.001 1.42073e-06 0.00339732 0.00381042
45.6757 450.001 1.41841e-06 0.00346631 0.00376028
45.7157 450.001 1.41598e-06 0.00359129 0.00370811
45.7558 450.001 1.41348e-06 0.00373075 0.00373075
45.7958 450.001 1.41102e-06 0.00382635 0.00382641
45.8358 450.001 1.40866e-06 0.00384005 0.00384005
45.8759 450.001 1.40647e-06 0.00379518 0.00380775
45.9159 450.001 1.40442e-06 0.00373506 0.00374848
45.956 450.001 1.40244e-06 0.00370725 0.00378125
45.996 450.001 1.40045e-06 0.00374368 0.00379936
46.036 450.001 1.39843e-06 0.00385287 0.00385287
46.0761 450.001 1.39642e-06 0.00398829 0.00398849
46.1161 450.001 1.39444e-06 0.00408575 0.00408594
46.1562 450.001 1.39255e-06 0.00411143 0.00411153
46.1962 450.001 1.39073e-06 0.00405182 0.00405182
46.2362 450.001 1.3889e-06 0.00392769 0.00392792
46.2763 450.001 1.38699e-06 0.00378877 0.0037892
46.3163 450.001 1.38497e-06 0.00369801 0.00373351
46.3564 450.001 1.38284e-06 0.00367165 0.00370461
46.3964 450.001 1.3807e-06 0.00369038 0.00374851
46.4364 450.001 1.37862e-06 0.00372168 0.00381196
46.4765 450.001 1.37662e-06 0.00371742 0.00382136
46.5165 450.001 1.37465e-06 0.00364099 0.00382615
46.5566 450.001 1.37265e-06 0.0034934 0.00392652
46.5966 450.001 1.37054e-06 0.00332227 0.00400607
46.6366 450.001 1.36829e-06 0.00317127 0.00401039
46.6767 450.001 1.36595e-06 0.00307637 0.00394629
46.7167 450.001 1.36362e-06 0.00305471 0.00385465
46.7568 450.001 1.36136e-06 0.00308892 0.00380572
46.7968 450.001 1.35921e-06 0.00313043 0.0038269
46.8368 450.001 1.35715e-06 0.00313473 0.00379376
46.8769 450.001 1.35511e-06 0.00309504 0.00379649
46.9169 450.001 1.35304e-06 0.00301953 0.00382733
46.957 450.001 1.35096e-06 0.00293804 0.0038037
46.997 450.001 1.3489e-06 0.0028958 0.00370612
47.037 450.001 1.34688e-06 0.00292493 0.0035876
47.0771 450.001 1.34495e-06 0.00301218 0.00351485
47.1171 450.001 1.34309e-06 0.0031248 0.00355973
47.1572 450.001 1.34123e-06 0.00322984 0.0035905
47.1972 450.001 1.33933e-06 0.00329014 0.00359301
47.2372 450.001 1.33737e-06 0.00329079 0.00358725
47.2773 450.001 1.33539e-06 0.0032527 0.0036129
47.3173 450.001 1.33343e-06 0.00322096 0.00362451
47.3574 450.001 1.33156e-06 0.0032219 0.00357198
47.3974 450.001 1.32976e-06 0.00326717 0.00352066
47.4374 450.001 1.328e-06 0.00335246 0.00354705
47.4775 450.001 1.3262e-06 0.00344523 0.00356808
47.5175 450.001 1.3243e-06 0.00349848 0.00352936
47.5576 450.001 1.3223e-06 0.0034862 0.00354977
47.5976 450.001 1.32023e-06 0.00342007 0.00360614
47.6376 450.001 1.31818e-06 0.00331933 0.00359982
47.6777 450.001 1.31621e-06 0.00322036 0.00353457
47.7177 450.001 1.31434e-06 0.00315951 0.00345532
47.7578 450.001 1.31255e-06 0.00315527 0.00343394
47.7978 450.001 1.31079e-06 0.00318113 0.00344382
47.8378 450.001 1.30898e-06 0.00320636 0.0034733
47.8779 450.001 1.30715e-06 0.00320001 0.00345042
47.9179 450.001 1.30533e-06 0.00314591 0.00344732
47.958 450.001 1.30355e-06 0.00304068 0.00351678
47.998 450.001 1.30188e-06 0.00291748 0.00353068
48.038 450.001 1.3003e-06 0.00282175 0.00347396
48.0781 450.001 1.29877e-06 0.00277706 0.00354999
48.1181 450.001 1.29724e-06 0.00278877 0.00363454
48.1582 450.001 1.29567e-06 0.0028428 0.00366659
48.1982 450.001 1.29407e-06 0.00290697 0.00367037
48.2382 450.001 1.29249e-06 0.00293675 0.00370514
48.2783 450.001 1.29096e-06 0.00291415 0.00376348
48.3183 450.001 1.28952e-06 0.00285123 0.00377698
48.3584 450.001 1.28815e-06 0.00277674 0.00373029
48.3984 450.001 1.28678e-06 0.0027187 0.00366277
48.4384 450.001 1.28534e-06 0.00271031 0.00363942
48.4785 450.001 1.28378e-06 0.00276112 0.00363835
48.5185 450.001 1.2821e-06 0.00284625 0.00360134
48.5586 450.001 1.28036e-06 0.00292489 0.00352805
48.5986 450.001 1.27862e-06 0.00296543 0.00349927
48.6386 450.001 1.27695e-06 0.00295197 0.00351077
48.6787 450.001 1.27534e-06 0.00287833 0.00348201
48.7187 450.001 1.27376e-06 0.00277392 0.00340004
48.7588 450.001 1.27217e-06 0.00268165 0.00336695
48.7988 450.001 1.27051e-06 0.00263306 0.00346614
48.8388 450.001 1.26879e-06 0.00262891 0.00352499
48.8789 450.001 1.26705e-06 0.00266126 0.00352175
48.9189 450.001 1.26533e-06 0.00270009 0.0034648
48.959 450.001 1.26367e-06 0.0027085 0.00341735
48.999 450.001 1.26207e-06 0.00265848 0.00342992
49.039 450.001 1.26053e-06 0.00255676 0.00343339
49.0791 450.001 1.25899e-06 0.00243031 0.00347985
49.1191 450.001 1.25745e-06 0.00231021 0.00347502
49.1592 450.001 1.25591e-06 0.00222811 0.00342866
49.1992 450.001 1.25441e-06 0.00220465 0.00339383
49.2392 450.001 1.25298e-06 0.00223326 0.00334565
49.2793 450.001 1.25167e-06 0.00228027 0.00336665
49.3193 450.001 1.25044e-06 0.00231458 0.00341946
49.3594 450.001 1.24924e-06 0.00231449 0.00343891
49.3994 450.001 1.24802e-06 0.00227532 0.00339496
49.4394 450.001 1.24674e-06 0.00220627 0.00333871
49.4795 450.001 1.24538e-06 0.00214357 0.00338829
49.5195 450.001 1.24398e-06 0.00212113 0.00343211
49.5596 450.001 1.24261e-06 0.00215234 0.00341739
49.5996 450.001 1.24128e-06 0.00223086 0.00334943
49.6396 450.001 1.24002e-06 0.00233922 0.00340009
49.6797 450.001 1.23879e-06 0.00244339 0.00343666
49.7197 450.001 1.23756e-06 0.00251136 0.0034372
49.7598 450.001 1.23627e-06 0.00252864 0.00348049
49.7998 450.001 1.23491e-06 0.00251014 0.00358231
49.8398 450.001 1.23351e-06 0.00247893 0.00365778
49.8799 450.001 1.2321e-06 0.00246131 0.00367606
49.9199 450.001 1.23071e-06 0.00247857 0.0036351
49.96 450.001 1.22937e-06 0.00254066 0.0035573
50 450.001 1.22805e-06 0.00262875 0.00348754
