#S 1 scored data
#N 5
#L  distance  fwhm  total_intensity  on_axis_intensity  peak_intensity
10 450.001 2.63313e-08 0.000129851 0.000200193
10.04 450.001 2.6172e-08 2.3058e-05 0.000214472
10.0801 446.849 2.60239e-08 0.000100831 0.000184654
10.1201 447.75 2.59536e-08 3.32647e-05 0.000184194
10.1602 450.001 2.58896e-08 1.85472e-05 0.000180048
10.2002 445.048 2.57199e-08 0.000106695 0.000187254
10.2402 446.399 2.55809e-08 4.21849e-05 0.000182868
10.2803 436.494 2.55138e-08 7.13797e-05 0.000202034
10.3203 449.551 2.54364e-08 0.000118272 0.000175952
10.3604 445.499 2.52751e-08 1.98929e-05 0.000175585
10.4004 446.849 2.51404e-08 7.52552e-05 0.000175444
10.4404 449.1 2.5127e-08 2.80383e-05 0.000181283
10.4805 449.551 2.50412e-08 2.9252e-05 0.000178402
10.5205 445.949 2.4863e-08 0.000132006 0.000172352
10.5606 447.75 2.47877e-08 2.80477e-05 0.000196252
10.6006 448.65 2.47814e-08 9.34886e-05 0.000187254
10.6406 445.048 2.46329e-08 8.25787e-05 0.000168036
10.6807 445.048 2.45107e-08 1.00587e-05 0.000179609
10.7207 448.2 2.44687e-08 6.99533e-05 0.000179604
10.7608 448.2 2.43878e-08 4.95374e-05 0.000162938
10.8008 450.001 2.42361e-08 5.04981e-05 0.000160552
10.8408 446.849 2.41548e-08 0.000134958 0.000176487
10.8809 447.3 2.40935e-08 1.78816e-05 0.000192291
10.9209 450.001 2.40052e-08 5.25586e-05 0.000162643
10.961 450.001 2.38532e-08 8.3528e-05 0.000150828
11.001 446.849 2.37425e-08 2.02476e-05 0.000156874
11.041 443.247 2.37273e-08 0.000106017 0.000158854
11.0811 450.001 2.36511e-08 5.85529e-05 0.000149469
11.1211 446.399 2.34923e-08 3.23567e-05 0.00015947
11.1612 448.65 2.34496e-08 9.24198e-05 0.000170099
11.2012 444.598 2.33737e-08 4.37373e-05 0.000169179
11.2412 450.001 2.32543e-08 3.81585e-05 0.00016436
11.2813 447.75 2.32418e-08 0.000117444 0.000158374
11.3213 448.2 2.32275e-08 2.51318e-05 0.000169971
11.3614 450.001 2.31328e-08 6.81795e-05 0.000161836
11.4014 450.001 2.29937e-08 7.54116e-05 0.000171865
11.4414 448.2 2.29194e-08 1.28671e-05 0.000150101
11.4815 448.65 2.28988e-08 0.000111131 0.000172246
11.5215 445.048 2.27897e-08 7.82154e-05 0.000171803
11.5616 441.897 2.2736e-08 2.2334e-05 0.000156728
11.6016 448.65 2.27438e-08 7.31321e-05 0.000168346
11.6416 450.001 2.25927e-08 4.55189e-05 0.000146045
11.6817 446.849 2.2441e-08 4.85037e-05 0.000143718
11.7217 448.2 2.23628e-08 0.000125533 0.000137763
11.7618 450.001 2.22707e-08 2.96484e-05 0.000137937
11.8018 435.594 2.21436e-08 3.21837e-05 0.000149556
11.8418 441.897 2.21417e-08 9.46599e-05 0.000160246
11.8819 448.65 2.21678e-08 3.40794e-05 0.000166245
11.9219 445.499 2.20721e-08 8.64985e-05 0.00013388
11.962 447.75 2.20033e-08 8.24679e-05 0.00012899
12.002 449.551 2.20048e-08 1.13289e-05 0.000127484
12.042 450.001 2.18492e-08 7.68201e-05 0.000138246
12.0821 447.75 2.16857e-08 9.52868e-05 0.000141115
12.1221 450.001 2.16465e-08 2.7336e-05 0.000138132
12.1622 450.001 2.15248e-08 7.86003e-05 0.000128646
12.2022 448.2 2.14262e-08 6.36858e-05 0.000119814
12.2422 448.65 2.14498e-08 2.50587e-05 0.000129008
12.2823 450.001 2.14016e-08 0.000111045 0.000118419
12.3223 447.3 2.14324e-08 5.72673e-05 0.000120421
12.3624 447.75 2.14764e-08 2.39087e-05 0.000128419
12.4024 449.551 2.14853e-08 9.60306e-05 0.000119426
12.4424 446.399 2.14267e-08 5.54094e-05 0.000119894
12.4825 448.2 2.14259e-08 3.77063e-05 0.000142302
12.5225 449.1 2.14067e-08 9.26892e-05 0.000132216
12.5626 446.849 2.12754e-08 5.64281e-05 0.000122601
12.6026 448.2 2.12179e-08 4.50301e-05 0.000123282
12.6426 450.001 2.11605e-08 9.81533e-05 0.00011941
12.6827 446.849 2.10249e-08 2.97405e-05 0.000109325
12.7227 443.698 2.09728e-08 3.73604e-05 0.000109746
12.7628 440.546 2.08789e-08 0.000120887 0.000121007
12.8028 447.3 2.08272e-08 5.15534e-05 0.000107466
12.8428 426.139 2.08039e-08 3.81836e-05 0.000113165
12.8829 422.987 2.07618e-08 8.32543e-05 0.000113607
12.9229 424.788 2.07624e-08 4.17917e-05 0.000106672
12.963 427.039 2.07946e-08 5.90372e-05 0.00010481
13.003 427.49 2.07798e-08 0.000101086 0.000118286
13.043 424.788 2.07986e-08 4.31793e-05 0.000121077
13.0831 422.537 2.08192e-08 4.79788e-05 0.000112502
13.1231 428.84 2.08762e-08 9.93889e-05 0.00011763
13.1632 449.551 2.09022e-08 2.99453e-05 0.000100592
13.2032 442.347 2.08739e-08 4.20872e-05 0.000105435
13.2432 449.1 2.0945e-08 0.000118795 0.000118904
13.2833 450.001 2.09488e-08 5.36243e-05 0.000115934
13.3233 447.75 2.09615e-08 3.77444e-05 0.000109658
13.3634 449.551 2.09969e-08 8.68617e-05 0.000110344
13.4034 450.001 2.09827e-08 4.861e-05 0.000106715
13.4434 448.65 2.10137e-08 4.76593e-05 0.000110133
13.4835 449.1 2.10815e-08 9.62553e-05 0.000115362
13.5235 446.849 2.10698e-08 6.18066e-05 0.00010878
13.5636 443.698 2.10975e-08 4.61963e-05 0.000106528
13.6036 450.001 2.11665e-08 9.1531e-05 0.000101724
13.6436 447.3 2.11864e-08 4.57128e-05 0.000109885
13.6837 444.598 2.12279e-08 3.33482e-05 0.000111284
13.7237 441.447 2.12348e-08 0.000108661 0.000108751
13.7638 442.797 2.12573e-08 6.60338e-05 0.000104553
13.8038 449.1 2.13118e-08 3.23127e-05 0.000109138
13.8438 445.949 2.12937e-08 9.7618e-05 0.000106455
13.8839 443.247 2.12854e-08 7.02747e-05 0.000115276
13.9239 440.096 2.12941e-08 2.07842e-05 0.000110827
13.964 436.494 2.12912e-08 8.02188e-05 0.000111779
14.004 437.845 2.12767e-08 9.3682e-05 0.000108001
14.044 434.693 2.12782e-08 3.41387e-05 0.000110324
14.0841 432.892 2.12556e-08 7.34746e-05 0.000101922
14.1241 429.29 2.1265e-08 0.000100791 0.000118236
14.1642 435.594 2.12775e-08 3.1958e-05 0.00010202
14.2042 432.442 2.12544e-08 5.1608e-05 0.000103743
14.2442 433.343 2.12602e-08 9.31838e-05 0.000108827
14.2843 426.139 2.12499e-08 4.82856e-05 0.000105671
14.3243 427.94 2.1244e-08 5.86812e-05 0.000104992
14.3644 424.338 2.12466e-08 0.000103512 0.00011359
14.4044 422.087 2.12089e-08 6.29617e-05 0.000101863
14.4444 418.935 2.12126e-08 3.93128e-05 0.000105874
14.4845 415.333 2.12299e-08 7.96713e-05 0.000112074
14.5245 417.134 2.12211e-08 6.45199e-05 0.000104544
14.5646 422.987 2.1216e-08 4.15355e-05 0.000104142
14.6046 419.386 2.12317e-08 9.10725e-05 0.000102124
14.6446 407.68 2.12488e-08 9.25295e-05 0.000108061
14.6847 413.533 2.12753e-08 4.30206e-05 0.000111856
14.7247 410.831 2.12907e-08 6.91156e-05 0.000102976
14.7648 411.732 2.12684e-08 8.32336e-05 0.000104739
14.8048 408.58 2.13061e-08 3.86703e-05 0.000109393
14.8448 449.551 2.13524e-08 5.97641e-05 0.000106082
14.8849 402.727 2.13399e-08 9.68865e-05 0.000106803
14.9249 399.576 2.13623e-08 6.48944e-05 0.000109284
14.965 400.026 2.13885e-08 5.46985e-05 0.000108084
15.005 397.775 2.14162e-08 9.42787e-05 0.000107549
15.045 394.623 2.14652e-08 7.46682e-05 0.000112755
15.0851 444.598 2.14932e-08 3.43794e-05 0.000106858
15.1251 397.324 2.14945e-08 7.2092e-05 0.00010457
15.1652 394.173 2.15259e-08 8.54973e-05 0.000108916
15.2052 449.1 2.15757e-08 4.41838e-05 0.000105345
15.2452 392.372 2.158e-08 7.29383e-05 0.000106505
15.2853 389.22 2.16047e-08 0.000111763 0.000111827
15.3253 430.641 2.16336e-08 5.98451e-05 9.88283e-05
15.3654 386.519 2.16367e-08 4.47364e-05 0.000108484
15.4054 383.367 2.16813e-08 9.03773e-05 0.00010476
15.4454 435.143 2.17251e-08 6.5146e-05 0.000100515
15.4855 386.969 2.172e-08 3.43115e-05 0.000110323
15.5255 383.818 2.17295e-08 8.84578e-05 0.000103944
15.5656 380.666 2.17576e-08 0.000101243 0.000106019
15.6056 381.116 2.17699e-08 4.70575e-05 0.000109935
15.6456 423.438 2.17748e-08 7.2665e-05 0.000105024
15.6857 429.741 2.17932e-08 0.000107397 0.000107461
15.7257 431.091 2.17959e-08 5.22137e-05 0.000103292
15.7658 427.49 2.17973e-08 4.16197e-05 0.000105591
15.8058 369.861 2.18262e-08 9.08922e-05 0.000104541
15.8458 366.709 2.18321e-08 7.06117e-05 0.000109911
15.8859 372.562 2.18198e-08 4.5906e-05 0.000106804
15.9259 419.386 2.18238e-08 9.16221e-05 0.000102601
15.966 366.259 2.18188e-08 0.000104553 0.000115096
16.006 367.61 2.18178e-08 6.37304e-05 9.82759e-05
16.046 364.458 2.18209e-08 5.82242e-05 0.000113643
16.0861 360.856 2.18203e-08 8.84446e-05 0.000111371
16.1261 357.705 2.18137e-08 7.10375e-05 0.000112296
16.1662 358.155 2.18085e-08 3.89369e-05 0.000114168
16.2062 410.831 2.18094e-08 7.65927e-05 0.000102939
16.2462 352.302 2.18019e-08 0.000102346 0.000111489
16.2863 348.7 2.17877e-08 5.73638e-05 0.000112186
16.3263 349.6 2.17829e-08 6.76903e-05 0.000105808
16.3664 346.449 2.17722e-08 0.000116597 0.000116651
16.4064 398.675 2.1767e-08 7.78229e-05 0.000106319
16.4464 349.6 2.17647e-08 4.41623e-05 0.000105413
16.4865 345.999 2.1759e-08 7.96461e-05 0.000109061
16.5265 346.899 2.17544e-08 8.21163e-05 0.000113598
16.5666 343.748 2.17423e-08 4.90294e-05 0.000111898
16.6066 340.596 2.17306e-08 6.43891e-05 0.000112251
16.6466 341.496 2.17272e-08 0.000103706 0.000106306
16.6867 338.345 2.17186e-08 9.20291e-05 0.000108411
16.7267 334.743 2.1717e-08 5.82671e-05 0.00011431
16.7668 331.591 2.17175e-08 8.79005e-05 0.000112276
16.8068 383.818 2.17098e-08 0.000108429 0.00011007
16.8468 334.293 2.17016e-08 5.56965e-05 0.000104442
16.8869 335.643 2.16984e-08 4.97515e-05 0.000107496
16.9269 331.591 2.1701e-08 9.12475e-05 0.000108236
16.967 374.813 2.16985e-08 7.44452e-05 0.000110383
17.007 329.34 2.16902e-08 5.15514e-05 0.000107979
17.047 326.189 2.16931e-08 8.60098e-05 0.000116882
17.0871 322.587 2.16925e-08 0.000113137 0.00011318
17.1271 323.037 2.16899e-08 8.50182e-05 0.000110764
17.1672 320.336 2.17015e-08 6.18471e-05 0.000117139
17.2072 321.686 2.17034e-08 9.7357e-05 0.00010675
17.2472 369.41 2.16907e-08 9.75002e-05 0.000113291
17.2873 319.435 2.16911e-08 4.90834e-05 0.000109519
17.3273 310.881 2.17029e-08 5.94599e-05 0.000111492
17.3674 317.184 2.17092e-08 9.34364e-05 0.000116523
17.4074 314.033 2.17122e-08 7.57951e-05 0.000117531
17.4474 314.483 2.17185e-08 5.90532e-05 0.000108996
17.4875 311.331 2.17178e-08 9.22584e-05 0.000115654
17.5275 307.729 2.17098e-08 0.000121145 0.000121195
17.5676 350.951 2.17209e-08 8.42605e-05 0.000108084
17.6076 305.028 2.17379e-08 6.49387e-05 0.000120539
17.6476 306.379 2.17365e-08 0.000101782 0.000108569
17.6877 298.275 2.17366e-08 9.3681e-05 0.000119543
17.7277 304.128 2.17464e-08 5.48478e-05 0.000110774
17.7678 300.976 2.17486e-08 6.03101e-05 0.000114479
17.8078 301.877 2.17497e-08 9.15593e-05 0.000120869
17.8478 298.275 2.17568e-08 8.56429e-05 0.000123269
17.8879 298.725 2.17625e-08 5.95363e-05 0.000109424
17.9279 296.474 2.17606e-08 9.19498e-05 0.000112821
17.968 292.422 2.1762e-08 0.000126 0.000126047
18.008 293.322 2.17759e-08 9.31496e-05 0.000114165
18.048 289.27 2.17828e-08 7.24121e-05 0.000125629
18.0881 286.569 2.17749e-08 9.53034e-05 0.000114012
18.1281 287.019 2.17749e-08 0.000105718 0.000118656
18.1682 288.37 2.17795e-08 6.70125e-05 0.000120751
18.2082 289.72 2.17774e-08 5.28839e-05 0.000120658
18.2482 286.119 2.17824e-08 9.0034e-05 0.000115518
18.2883 282.967 2.17913e-08 9.07331e-05 0.000118815
18.3283 283.867 2.17895e-08 6.55927e-05 0.000115397
18.3684 327.539 2.17815e-08 8.08598e-05 0.000117279
18.4084 276.664 2.17784e-08 0.000119961 0.000119997
18.4484 277.564 2.17822e-08 0.00011713 0.000118126
18.4885 273.963 2.1785e-08 7.86828e-05 0.00012296
18.5285 274.413 2.17833e-08 9.12165e-05 0.000125629
18.5686 270.811 2.17834e-08 0.000115873 0.000118108
18.6086 267.659 2.17821e-08 9.20493e-05 0.000126082
18.6486 268.56 2.17744e-08 5.88207e-05 0.000121591
18.6887 307.279 2.177e-08 7.13599e-05 0.00011291
18.7287 270.811 2.1773e-08 9.82844e-05 0.000129689
18.7688 315.383 2.17741e-08 7.70993e-05 0.000117618
18.8088 264.058 2.17706e-08 6.44769e-05 0.00012614
18.8488 264.508 2.17683e-08 0.000100931 0.000126071
18.8889 260.906 2.17663e-08 0.000125894 0.000125921
18.9289 257.754 2.17633e-08 0.00010491 0.000129184
18.969 257.754 2.17601e-08 8.47936e-05 0.000133312
19.009 255.053 2.17572e-08 0.000114279 0.000121722
19.049 255.503 2.17591e-08 0.000124947 0.000124974
19.0891 256.404 2.17582e-08 8.93561e-05 0.000124395
19.1291 248.3 2.17525e-08 6.59791e-05 0.000127459
19.1692 249.2 2.17527e-08 8.56906e-05 0.000126714
19.2092 250.551 2.17565e-08 9.77304e-05 0.000135099
19.2492 251.451 2.17545e-08 6.92787e-05 0.000127976
19.2893 247.399 2.17516e-08 6.67589e-05 0.000138369
19.3293 244.698 2.17511e-08 0.000104047 0.000130721
19.3694 245.598 2.17524e-08 0.000121711 0.000121736
19.4094 241.546 2.17513e-08 9.91859e-05 0.00013035
19.4494 241.546 2.1751e-08 9.43733e-05 0.0001312
19.4895 238.845 2.17564e-08 0.000130325 0.000130341
19.5295 234.793 2.17607e-08 0.00013683 0.000136862
19.5696 279.365 2.17573e-08 0.000102088 0.00012259
19.6096 231.641 2.17547e-08 8.02809e-05 0.000138376
19.6496 232.092 2.17613e-08 0.000100196 0.000138642
19.6897 234.343 2.17677e-08 0.000104152 0.00013692
19.7297 235.243 2.17661e-08 7.31643e-05 0.000127587
19.7698 231.416 2.17687e-08 6.40426e-05 0.000139022
19.8098 231.641 2.17733e-08 9.3734e-05 0.000128443
19.8498 228.49 2.17731e-08 0.000112359 0.000135211
19.8899 229.165 2.17733e-08 9.29478e-05 0.000121612
19.9299 225.338 2.17803e-08 9.33206e-05 0.000134754
19.97 221.736 2.17908e-08 0.000130241 0.000140804
20.01 218.134 2.17926e-08 0.000149848 0.000149889
20.0501 219.035 2.17881e-08 0.000122846 0.000130541
20.0901 219.035 2.17888e-08 0.000100984 0.000145882
20.1301 220.836 2.1795e-08 0.0001191 0.000145181
20.1702 217.234 2.17991e-08 0.000128231 0.000138543
20.2102 235.468 2.18019e-08 9.85699e-05 0.000128634
20.2503 214.983 2.18095e-08 6.97304e-05 0.000134159
20.2903 214.983 2.18133e-08 8.41219e-05 0.000146028
20.3303 210.931 2.18079e-08 0.000102389 0.000157563
20.3704 208.23 2.1806e-08 8.91813e-05 0.000139954
20.4104 208.68 2.18118e-08 7.69809e-05 0.00014405
20.4505 204.628 2.18189e-08 0.000105247 0.000152532
20.4905 205.078 2.18204e-08 0.000140929 0.000141478
20.5305 201.926 2.18199e-08 0.000135216 0.000143819
20.5706 202.827 2.18207e-08 0.00011611 0.000139383
20.6106 203.727 2.18209e-08 0.000129398 0.000144598
20.6507 194.723 2.18197e-08 0.000158324 0.000158359
20.6907 195.623 2.18203e-08 0.000146763 0.000155394
20.7307 197.424 2.18258e-08 0.000108652 0.000139313
20.7708 197.874 2.18286e-08 9.57563e-05 0.000158212
20.8108 193.597 2.18247e-08 0.000111989 0.000157079
20.8509 194.273 2.18206e-08 0.000107789 0.000157502
20.8909 191.571 2.1821e-08 7.88921e-05 0.000139557
20.9309 191.571 2.18231e-08 7.26241e-05 0.000153998
20.971 187.744 2.18236e-08 0.000101329 0.000150755
21.011 184.368 2.18245e-08 0.000120544 0.000162992
21.0511 184.818 2.18252e-08 0.000108864 0.000155872
21.0911 185.718 2.18243e-08 0.000108956 0.000150542
21.1311 186.168 2.18212e-08 0.000143588 0.00016689
21.1712 177.164 2.18178e-08 0.000173902 0.000173953
21.2112 183.467 2.18191e-08 0.000160102 0.000160936
21.2513 179.865 2.18234e-08 0.000134622 0.000160696
21.2913 180.541 2.18252e-08 0.000139331 0.000162018
21.3313 177.164 2.18222e-08 0.000157437 0.000160933
21.3714 176.714 2.18206e-08 0.000141777 0.000166884
21.4114 173.562 2.18214e-08 0.000102704 0.000163106
21.4515 174.012 2.18218e-08 8.76909e-05 0.000161464
21.4915 169.96 2.18223e-08 0.000102788 0.000172734
21.5315 166.359 2.18254e-08 0.000106185 0.00018632
21.5716 167.259 2.183e-08 8.68836e-05 0.000165938
21.6116 167.709 2.18304e-08 8.46945e-05 0.000166894
21.6517 168.61 2.18268e-08 0.000117572 0.00017004
21.6917 165.458 2.18245e-08 0.000148363 0.000171236
21.7317 166.359 2.18292e-08 0.000145577 0.00017609
21.7718 161.856 2.18353e-08 0.000138567 0.000175486
21.8118 162.757 2.18379e-08 0.000162033 0.000170571
21.8519 158.705 2.18387e-08 0.000195671 0.000195713
21.8919 159.155 2.18417e-08 0.000192321 0.000195192
21.9319 155.553 2.18441e-08 0.000158798 0.000176295
21.972 155.553 2.18432e-08 0.000140705 0.000177951
22.012 153.302 2.1845e-08 0.000150568 0.000176322
22.0521 153.302 2.18521e-08 0.00014856 0.000179519
22.0921 153.752 2.1859e-08 0.000116303 0.000193029
22.1321 190.22 2.1859e-08 8.69649e-05 0.000176479
22.1722 149.7 2.18567e-08 9.24867e-05 0.000182129
22.2122 146.098 2.1858e-08 0.000110962 0.000211164
22.2523 147.899 2.18636e-08 0.000109181 0.0002083
22.2923 148.349 2.18682e-08 9.94402e-05 0.000188552
22.3323 144.297 2.18711e-08 0.00011866 0.00018678
22.3724 143.397 2.1875e-08 0.000161873 0.000185703
22.4124 141.596 2.18791e-08 0.000186546 0.000192833
22.4525 141.596 2.18792e-08 0.000179224 0.000197853
22.4925 137.094 2.18765e-08 0.000175998 0.000202126
22.5325 134.392 2.18781e-08 0.000200903 0.000200917
22.5726 133.942 2.18844e-08 0.000224582 0.000224626
22.6126 134.392 2.18895e-08 0.000209731 0.000222142
22.6527 135.743 2.18894e-08 0.000170354 0.000204492
22.6927 136.193 2.18882e-08 0.000149408 0.000197232
22.7327 133.942 2.1889e-08 0.000153149 0.000194118
22.7728 133.492 2.1891e-08 0.000146714 0.000202796
22.8128 128.99 2.18922e-08 0.000115191 0.000219158
22.8529 129.44 2.18937e-08 8.95836e-05 0.000203751
22.8929 127.189 2.18968e-08 9.73715e-05 0.00021425
22.9329 121.336 2.18994e-08 0.000120297 0.000239297
22.973 121.786 2.18986e-08 0.00012617 0.00024203
23.013 121.336 2.18954e-08 0.000122606 0.000223673
23.0531 120.435 2.18941e-08 0.000142934 0.000207076
23.0931 149.7 2.18965e-08 0.000189462 0.000207917
23.1331 121.336 2.18997e-08 0.00022365 0.000223695
23.1732 121.786 2.19005e-08 0.000223425 0.000223436
23.2132 113.232 2.18996e-08 0.000214321 0.000229406
23.2533 114.132 2.18991e-08 0.000228702 0.000228711
23.2933 114.132 2.18994e-08 0.000253094 0.000253131
23.3333 114.132 2.18995e-08 0.00024851 0.000257807
23.3734 110.08 2.18997e-08 0.000209244 0.000251242
23.4134 142.947 2.19012e-08 0.000172348 0.00022379
23.4535 143.847 2.19044e-08 0.000162915 0.00021296
23.4935 107.829 2.19066e-08 0.000161365 0.000232223
23.5335 106.478 2.19057e-08 0.000139372 0.000245451
23.5736 105.128 2.19033e-08 0.000107261 0.000251031
23.6136 106.478 2.19035e-08 9.89241e-05 0.000241479
23.6537 99.7251 2.19066e-08 0.000120615 0.000266079
23.6937 97.9242 2.19092e-08 0.000142719 0.000278654
23.7337 98.8246 2.19097e-08 0.000147176 0.000275069
23.7738 99.7251 2.19103e-08 0.000154854 0.000251476
23.8138 130.115 2.19127e-08 0.000191322 0.000236251
23.8539 130.791 2.19153e-08 0.000242604 0.000242629
23.8939 92.9717 2.19162e-08 0.000270971 0.00027101
23.9339 92.5214 2.1917e-08 0.000267146 0.000267166
23.974 92.5214 2.19206e-08 0.000261885 0.000261886
24.014 92.5214 2.1926e-08 0.000278704 0.000278736
24.0541 83.9671 2.19292e-08 0.000297925 0.000298369
24.0941 84.4174 2.1929e-08 0.000285053 0.000299711
24.1341 84.8676 2.1929e-08 0.000240988 0.000291189
24.1742 91.621 2.19319e-08 0.000201873 0.000267071
24.2142 123.587 2.19355e-08 0.000188859 0.000248864
24.2543 113.682 2.19371e-08 0.000183428 0.000274565
24.2943 84.8676 2.19377e-08 0.000159914 0.000292299
24.3343 115.483 2.19407e-08 0.000127436 0.00028618
24.3744 105.128 2.19455e-08 0.000117234 0.000290206
24.4144 77.664 2.19488e-08 0.000138168 0.000313631
24.4545 76.7635 2.19495e-08 0.00016448 0.000327128
24.4945 76.7635 2.19508e-08 0.000175323 0.000326782
24.5345 108.279 2.19546e-08 0.000184611 0.000299489
24.5746 108.279 2.19587e-08 0.000218983 0.000269668
24.6146 106.929 2.19606e-08 0.000273944 0.00027397
24.6547 100.175 2.19609e-08 0.000315331 0.000315385
24.6947 99.2748 2.19624e-08 0.00032285 0.000322892
24.7347 98.3744 2.19652e-08 0.000316814 0.00031683
24.7748 91.1708 2.19668e-08 0.00032679 0.000326809
24.8148 69.1097 2.19662e-08 0.000349347 0.0003494
24.8549 69.1097 2.19656e-08 0.000351347 0.000358516
24.8949 90.7205 2.19675e-08 0.000316616 0.000340668
24.9349 92.0712 2.1971e-08 0.000268636 0.000325374
24.975 92.9717 2.19735e-08 0.000240289 0.000305669
25.015 93.4219 2.1974e-08 0.000232367 0.000298417
25.0551 92.9717 2.1974e-08 0.000218385 0.000337304
25.0951 83.9671 2.19748e-08 0.000186348 0.000346229
25.1351 84.8676 2.1976e-08 0.000158094 0.000343754
25.1752 85.3178 2.19767e-08 0.000160111 0.000357827
25.2152 84.4174 2.19773e-08 0.000187481 0.00038337
25.2553 74.9626 2.19786e-08 0.000212277 0.000387769
25.2953 83.0667 2.19807e-08 0.000222729 0.000378495
25.3353 84.8676 2.19818e-08 0.000239101 0.000354183
25.3754 85.7681 2.19808e-08 0.000282303 0.000326889
25.4154 85.3178 2.19787e-08 0.000340889 0.000340927
25.4555 76.7635 2.19783e-08 0.000380958 0.000381018
25.4955 77.2138 2.19804e-08 0.000388755 0.000388799
25.5355 77.664 2.19834e-08 0.00038594 0.000385972
25.5756 77.2138 2.1985e-08 0.000399212 0.000399248
25.6156 68.2092 2.19848e-08 0.000422559 0.000422605
25.6557 69.1097 2.19842e-08 0.000424964 0.000426214
25.6957 69.5599 2.19848e-08 0.000391363 0.000414274
25.7357 70.0101 2.19863e-08 0.000343743 0.000376479
25.7758 70.4604 2.19878e-08 0.000314214 0.000364287
25.8158 70.4604 2.19894e-08 0.000306375 0.000360378
25.8559 69.1097 2.19921e-08 0.000295886 0.00040878
25.8959 69.1097 2.19954e-08 0.000267114 0.000426641
25.9359 69.1097 2.19973e-08 0.000237185 0.00042661
25.976 61.9061 2.1997e-08 0.000234566 0.000437002
26.016 61.4558 2.19963e-08 0.000262877 0.000462224
26.0561 61.0056 2.19978e-08 0.000296508 0.000477144
26.0961 61.4558 2.20016e-08 0.000315274 0.000457308
26.1361 61.4558 2.2005e-08 0.000329801 0.000448168
26.1762 61.4558 2.2006e-08 0.000365729 0.000423752
26.2162 54.2522 2.20061e-08 0.000425885 0.000425906
26.2563 53.802 2.20073e-08 0.000482086 0.000482143
26.2963 53.3518 2.20101e-08 0.000506888 0.000506927
26.3363 53.3518 2.20127e-08 0.000505758 0.000505765
26.3764 52.9016 2.20142e-08 0.000507949 0.000507965
26.4164 52.4513 2.2016e-08 0.000527529 0.000527567
26.4565 52.0011 2.20193e-08 0.000544944 0.000545
26.4965 45.6979 2.20234e-08 0.000531529 0.000542268
26.5365 46.1482 2.20262e-08 0.000487365 0.000523785
26.5766 46.5984 2.20272e-08 0.000442592 0.000483731
26.6166 46.1482 2.20283e-08 0.000423218 0.000485668
26.6567 45.2477 2.20307e-08 0.0004223 0.00054234
26.6967 44.3473 2.20336e-08 0.000414156 0.000594496
26.7367 38.9445 2.20352e-08 0.000390911 0.000612665
26.7768 38.0441 2.20353e-08 0.000375812 0.000615313
26.8168 37.5939 2.20358e-08 0.000395822 0.000627454
26.8569 37.1436 2.20379e-08 0.000448333 0.000650164
26.8969 37.1436 2.20407e-08 0.000504491 0.00066125
26.9369 37.1436 2.20421e-08 0.000544079 0.000636219
26.977 37.1436 2.20418e-08 0.000579629 0.00059584
27.017 36.2432 2.20413e-08 0.000637496 0.000637917
27.0571 30.3903 2.20422e-08 0.000721179 0.000721195
27.0971 29.94 2.20446e-08 0.000800687 0.000800706
27.1371 29.0396 2.20471e-08 0.000843776 0.000843821
27.1772 28.5894 2.20486e-08 0.000850792 0.000850829
27.2172 28.5894 2.20495e-08 0.00085136 0.000851372
27.2573 28.1391 2.20503e-08 0.000867086 0.000867132
27.2973 26.3382 2.2051e-08 0.000884435 0.000884495
27.3373 24.0871 2.20512e-08 0.00087196 0.000872034
27.3774 23.1866 2.20512e-08 0.00081929 0.000860018
27.4174 22.7364 2.20518e-08 0.000753626 0.000841107
27.4575 22.2862 2.20536e-08 0.000711674 0.000861305
27.4975 21.3857 2.20557e-08 0.00070253 0.000965266
27.5375 20.4853 2.20569e-08 0.00070427 0.00108673
27.5776 19.1346 2.20563e-08 0.000698142 0.00117857
27.6176 18.2342 2.20547e-08 0.000698941 0.00123273
27.6577 15.0826 2.20539e-08 0.000743671 0.00127756
27.6977 14.1821 2.20549e-08 0.000852262 0.0013309
27.7377 13.7319 2.20571e-08 0.00100571 0.00138121
27.7778 13.2817 2.20588e-08 0.00116986 0.00140055
27.8178 13.2817 2.20591e-08 0.00133588 0.00136656
27.8579 12.8314 2.20588e-08 0.00153115 0.00153115
27.8979 11.7059 2.2059e-08 0.00178457 0.00178457
27.9379 9.22963 2.20603e-08 0.0020862 0.00208622
27.978 6.52828 2.20619e-08 0.00238839 0.00238845
28.018 5.62783 2.20631e-08 0.00264914 0.00264922
28.0581 5.1776 2.20643e-08 0.00287219 0.00287222
28.0981 5.1776 2.20662e-08 0.00309562 0.00309564
28.1381 4.72737 2.20687e-08 0.00334361 0.00334365
28.1782 4.72737 2.2071e-08 0.00359048 0.00359059
28.2182 4.27715 2.20722e-08 0.00378027 0.0037804
28.2583 4.27715 2.2073e-08 0.00388074 0.00388083
28.2983 4.72737 2.20745e-08 0.00391415 0.00391421
28.3383 4.72737 2.20769e-08 0.00393325 0.00393325
28.3784 4.72737 2.20791e-08 0.00396483 0.00396483
28.4184 4.72737 2.208e-08 0.00398396 0.00398402
28.4585 4.72737 2.20799e-08 0.00394259 0.00394263
28.4985 4.72737 2.20806e-08 0.00382321 0.00382324
28.5385 5.1776 2.20829e-08 0.00366126 0.00366126
28.5786 5.1776 2.20858e-08 0.00351146 0.00351146
28.6186 5.1776 2.20875e-08 0.00339755 0.00339755
28.6587 5.1776 2.20875e-08 0.00329351 0.00329351
28.6987 5.62783 2.2087e-08 0.00315742 0.00315742
28.7387 5.62783 2.2088e-08 0.00297864 0.00297864
28.7788 6.07805 2.20906e-08 0.00279005 0.00279005
28.8188 6.07805 2.20938e-08 0.0026352 0.0026352
28.8589 6.07805 2.20964e-08 0.00252476 0.00252476
28.8989 6.52828 2.20981e-08 0.00242878 0.00242878
28.9389 6.52828 2.20995e-08 0.00230887 0.00230887
28.979 6.52828 2.2101e-08 0.00215715 0.00215718
29.019 6.9785 2.21022e-08 0.00200106 0.00200106
29.0591 7.42873 2.21029e-08 0.00187215 0.00187215
29.0991 8.32918 2.21038e-08 0.00177347 0.0017735
29.1391 11.0305 2.21054e-08 0.00167721 0.00167729
29.1792 13.7319 2.21078e-08 0.00155474 0.00155481
29.2192 14.6323 2.21098e-08 0.00140488 0.00140494
29.2593 15.5328 2.21101e-08 0.00125349 0.0012535
29.2993 15.983 2.2109e-08 0.0011264 0.00112643
29.3393 16.4332 2.21076e-08 0.00102509 0.00104074
29.3794 15.983 2.21075e-08 0.00092961 0.00107208
29.4194 15.983 2.21088e-08 0.000822485 0.00107525
29.4595 15.983 2.21105e-08 0.000708837 0.00106182
29.4995 15.983 2.21113e-08 0.000611158 0.00105112
29.5395 15.983 2.21109e-08 0.000547019 0.00104968
29.5796 16.4332 2.21101e-08 0.000513229 0.00104576
29.6196 23.1866 2.21097e-08 0.00049176 0.00101953
29.6597 24.0871 2.21103e-08 0.000470587 0.000960787
29.6997 24.5373 2.21113e-08 0.000455507 0.000883705
29.7397 24.5373 2.2112e-08 0.000462476 0.000811417
29.7798 24.9875 2.21122e-08 0.000498479 0.000752917
29.8198 25.4378 2.21122e-08 0.000551903 0.00071389
29.8599 25.4378 2.21124e-08 0.000602309 0.000725453
29.8999 25.4378 2.21131e-08 0.000638485 0.00072482
29.9399 25.4378 2.21141e-08 0.000666956 0.000721349
29.98 31.7409 2.21151e-08 0.000701644 0.000720194
30.02 32.1912 2.2116e-08 0.000746521 0.000746534
30.0601 32.1912 2.2117e-08 0.000788752 0.000788806
30.1001 32.1912 2.21179e-08 0.000809042 0.000809114
30.1401 32.6414 2.21185e-08 0.000799187 0.000799235
30.1802 32.6414 2.21187e-08 0.000768551 0.000768553
30.2202 33.0916 2.21187e-08 0.000734386 0.000734405
30.2603 33.5418 2.21194e-08 0.000705413 0.000705453
30.3003 33.9921 2.21211e-08 0.000674922 0.000674949
30.3403 34.4423 2.2123e-08 0.00062962 0.000629664
30.3804 41.1957 2.21241e-08 0.000564557 0.000564593
30.4204 42.5464 2.21235e-08 0.000489688 0.000513091
30.4605 42.7715 2.21218e-08 0.000421818 0.000505076
30.5005 42.5464 2.21207e-08 0.000370713 0.000545398
30.5405 42.5464 2.21212e-08 0.000333035 0.000583046
30.5806 42.0961 2.21233e-08 0.000298559 0.000601817
30.6206 42.0961 2.21255e-08 0.000262722 0.000598137
30.6607 42.5464 2.21266e-08 0.000231807 0.000581065
30.7007 43.4468 2.21265e-08 0.000216793 0.000563177
30.7407 45.6979 2.21262e-08 0.000222374 0.000549015
30.7808 49.75 2.21266e-08 0.000242029 0.00053183
30.8208 50.2002 2.2128e-08 0.000264152 0.000501251
30.8609 51.1007 2.21298e-08 0.000282431 0.000454549
30.9009 52.4513 2.21315e-08 0.000300497 0.000400317
30.9409 52.9016 2.21333e-08 0.000326379 0.000405167
30.981 52.9016 2.21351e-08 0.000362371 0.000433697
31.021 57.854 2.21368e-08 0.000400784 0.000455193
31.0611 58.7545 2.21379e-08 0.000429232 0.000459939
31.1011 59.2047 2.21385e-08 0.000440984 0.000447696
31.1411 59.6549 2.21389e-08 0.000439931 0.000439954
31.1812 60.1052 2.21397e-08 0.000436095 0.000436143
31.2212 60.1052 2.21411e-08 0.000435819 0.000435845
31.2613 60.1052 2.21424e-08 0.000435799 0.000435819
31.3013 60.1052 2.21429e-08 0.000426826 0.000426834
31.3413 68.6595 2.21421e-08 0.000402871 0.000402883
31.3814 70.0101 2.21409e-08 0.000367431 0.000367446
31.4214 70.0101 2.21401e-08 0.000331092 0.000367365
31.4615 70.0101 2.21405e-08 0.000302903 0.000377368
31.5015 70.0101 2.21413e-08 0.000283797 0.000381996
31.5415 70.0101 2.21416e-08 0.00026737 0.000373332
31.5816 70.4604 2.21406e-08 0.000247414 0.000352404
31.6216 70.9106 2.21387e-08 0.000224572 0.000344216
31.6617 79.0147 2.21369e-08 0.000205994 0.000337162
31.7017 79.0147 2.21362e-08 0.000199052 0.000332309
31.7417 79.4649 2.21366e-08 0.000204485 0.000330838
31.7818 79.4649 2.21376e-08 0.00021589 0.00033888
31.8218 79.9151 2.21383e-08 0.000225464 0.000340254
31.8619 80.3653 2.2138e-08 0.000230587 0.000340121
31.9019 80.3653 2.21368e-08 0.000235315 0.000340726
31.9419 80.3653 2.21354e-08 0.000245603 0.000340619
31.982 80.3653 2.21344e-08 0.000262764 0.000334653
32.022 80.8156 2.21341e-08 0.000281273 0.00031928
32.0621 88.4694 2.21344e-08 0.000292938 0.00031728
32.1021 89.3699 2.21349e-08 0.000293373 0.000311954
32.1421 89.3699 2.21354e-08 0.000285378 0.000302317
32.1822 89.3699 2.21355e-08 0.000275837 0.000304129
32.2222 89.3699 2.2135e-08 0.000269597 0.000315044
32.2623 89.8201 2.21342e-08 0.000265292 0.000315141
32.3023 90.2703 2.21333e-08 0.000257183 0.000307746
32.3423 91.1708 2.21327e-08 0.000240815 0.000299936
32.3824 97.0237 2.21327e-08 0.000217362 0.00029379
32.4224 97.9242 2.21334e-08 0.000193282 0.000287841
32.4625 98.8246 2.2134e-08 0.000175205 0.000279406
32.5025 98.8246 2.21341e-08 0.000165062 0.000291807
32.5425 99.2748 2.21331e-08 0.00015951 0.000296012
32.5826 99.2748 2.21313e-08 0.00015377 0.000292127
32.6226 99.2748 2.21296e-08 0.000146529 0.000287028
32.6627 106.929 2.21286e-08 0.000141383 0.000275444
32.7027 108.279 2.21286e-08 0.000143653 0.000268708
32.7427 108.73 2.21287e-08 0.000155583 0.000262321
32.7828 109.18 2.21279e-08 0.000174072 0.000249853
32.8228 109.63 2.21259e-08 0.000193032 0.000236314
32.8629 109.63 2.21232e-08 0.000208175 0.000233154
32.9029 109.63 2.2121e-08 0.000219979 0.00023705
32.9429 109.63 2.21201e-08 0.000232585 0.000244572
32.983 117.734 2.21204e-08 0.000249335 0.000254666
33.023 117.734 2.21211e-08 0.000269111 0.000269158
33.0631 117.734 2.21213e-08 0.000286457 0.000286488
33.1031 117.734 2.21204e-08 0.00029533 0.000295369
33.1431 118.184 2.2119e-08 0.000293675 0.000293708
33.1832 119.085 2.21178e-08 0.000284638 0.000284663
33.2232 119.535 2.21173e-08 0.000273678 0.000273694
33.2633 119.985 2.21177e-08 0.000264266 0.000264273
33.3033 119.985 2.21186e-08 0.000255234 0.000255253
33.3433 120.21 2.21196e-08 0.000242406 0.000242418
33.3834 129.44 2.21204e-08 0.00022251 0.000222533
33.4234 130.34 2.21206e-08 0.000196346 0.000214616
33.4635 129.89 2.21202e-08 0.000168679 0.000222424
33.5035 129.89 2.2119e-08 0.000144868 0.000230904
33.5435 129.89 2.21174e-08 0.00012737 0.000240667
33.5836 129.44 2.21162e-08 0.000114699 0.000259417
33.6236 129.44 2.21155e-08 0.000103657 0.000271055
33.6637 129.44 2.21155e-08 9.26416e-05 0.000273352
33.7037 129.89 2.21154e-08 8.33315e-05 0.000268492
33.7437 130.34 2.21144e-08 7.93794e-05 0.000260973
33.7838 137.094 2.2112e-08 8.33527e-05 0.000254138
33.8238 138.444 2.21085e-08 9.44509e-05 0.000247715
33.8639 139.345 2.21051e-08 0.000109004 0.00023834
33.9039 139.795 2.21024e-08 0.000123236 0.000222779
33.9439 141.146 2.21008e-08 0.000135918 0.000200812
33.984 148.349 2.20997e-08 0.000148904 0.000202411
34.024 148.8 2.20983e-08 0.000164903 0.000207093
34.0641 149.25 2.20957e-08 0.000184529 0.000211227
34.1041 149.25 2.20922e-08 0.000205075 0.000220409
34.1441 149.25 2.20885e-08 0.000221899 0.000230933
34.1842 149.25 2.20855e-08 0.000231537 0.000233647
34.2242 149.7 2.20834e-08 0.00023388 0.000233896
34.2643 149.7 2.20822e-08 0.000232017 0.000232021
34.3043 150.15 2.20811e-08 0.000229599 0.000229613
34.3443 150.15 2.20793e-08 0.000228003 0.000228017
34.3844 150.601 2.20766e-08 0.000225373 0.000225403
34.4244 159.605 2.20733e-08 0.00021841 0.000218434
34.4645 160.506 2.20699e-08 0.000204999 0.000205925
34.5045 160.956 2.20671e-08 0.000186287 0.000203854
34.5445 160.956 2.20651e-08 0.000166081 0.000202854
34.5846 161.406 2.2064e-08 0.000148414 0.00020152
34.6246 161.406 2.2063e-08 0.00013505 0.000207018
34.6647 161.406 2.20618e-08 0.000124855 0.000214734
34.7047 161.406 2.20599e-08 0.000115269 0.000215885
34.7447 161.406 2.20575e-08 0.000104863 0.000210098
34.7848 170.861 2.20548e-08 9.46441e-05 0.000200118
34.8248 171.761 2.20523e-08 8.74541e-05 0.000192104
34.8649 171.311 2.20504e-08 8.57728e-05 0.000202681
34.9049 171.311 2.20491e-08 8.98966e-05 0.000207851
34.9449 171.311 2.20483e-08 9.76171e-05 0.000206968
34.985 171.761 2.20477e-08 0.000105853 0.000201895
35.025 172.211 2.20464e-08 0.000112783 0.00019555
35.0651 172.662 2.20443e-08 0.000118929 0.000190122
35.1051 172.662 2.20412e-08 0.000126287 0.000196575
35.1451 172.211 2.20376e-08 0.000136421 0.000205427
35.1852 171.761 2.20343e-08 0.000148746 0.000211992
35.2252 180.766 2.20318e-08 0.000160568 0.000213369
35.2653 181.216 2.20301e-08 0.000168684 0.000208241
35.3053 182.116 2.20284e-08 0.000171405 0.000197873
35.3453 182.567 2.20261e-08 0.000169505 0.000185344
35.3854 183.017 2.20226e-08 0.000165564 0.000183557
35.4254 191.571 2.20181e-08 0.000161849 0.000185936
35.4655 192.472 2.20134e-08 0.000158837 0.000182791
35.5055 192.922 2.20095e-08 0.000154947 0.000175164
35.5455 193.372 2.20067e-08 0.000147989 0.000168766
35.5856 193.372 2.20047e-08 0.000136905 0.000173906
35.6256 193.372 2.20028e-08 0.000122869 0.00017871
35.6657 193.372 2.20003e-08 0.000108596 0.000184109
35.7057 193.372 2.1997e-08 9.67988e-05 0.000188959
35.7457 193.372 2.19932e-08 8.8548e-05 0.000190792
35.7858 193.822 2.19898e-08 8.30118e-05 0.000187502
35.8258 203.277 2.19872e-08 7.84765e-05 0.000182421
35.8659 203.727 2.19856e-08 7.39456e-05 0.000180736
35.9059 204.177 2.19846e-08 7.00337e-05 0.000175216
35.9459 204.628 2.19838e-08 6.86525e-05 0.000169977
35.986 205.078 2.19827e-08 7.15803e-05 0.00016469
36.026 205.528 2.19811e-08 7.9111e-05 0.000159867
36.0661 205.978 2.19789e-08 8.97713e-05 0.000154512
36.1061 205.978 2.19764e-08 0.000101169 0.000155962
36.1461 214.533 2.1974e-08 0.000111579 0.000156362
36.1862 214.533 2.19717e-08 0.000120844 0.000160066
36.2262 214.983 2.19699e-08 0.00013024 0.000166303
36.2663 214.983 2.19685e-08 0.000141135 0.000168127
36.3063 215.433 2.19672e-08 0.000153758 0.000166554
36.3463 215.433 2.19655e-08 0.000166575 0.000166575
36.3864 214.983 2.1963e-08 0.000176969 0.000176974
36.4264 214.983 2.19597e-08 0.000182857 0.000182869
36.4665 214.983 2.19557e-08 0.000183746 0.000183769
36.5065 215.433 2.19518e-08 0.00018099 0.000181003
36.5465 215.433 2.19483e-08 0.000176637 0.000176644
36.5866 224.888 2.19457e-08 0.000172213 0.000172223
36.6266 225.788 2.19435e-08 0.000167626 0.000167641
36.6667 226.239 2.19414e-08 0.000161486 0.000161512
36.7067 226.689 2.19386e-08 0.000152226 0.000154582
36.7467 227.139 2.1935e-08 0.000139342 0.000159368
36.7868 227.139 2.19308e-08 0.000123905 0.000160323
36.8268 236.144 2.19264e-08 0.000108149 0.000157236
36.8669 237.494 2.19225e-08 9.41582e-05 0.000151325
36.9069 237.944 2.19194e-08 8.2891e-05 0.000144411
36.9469 237.944 2.1917e-08 7.3962e-05 0.000153574
36.987 237.944 2.19148e-08 6.62134e-05 0.000162542
37.027 237.944 2.19122e-08 5.88553e-05 0.000167233
37.0671 238.395 2.1909e-08 5.22182e-05 0.000167885
37.1071 238.395 2.19051e-08 4.75438e-05 0.000166007
37.1471 238.395 2.1901e-08 4.62297e-05 0.000163241
37.1872 238.845 2.18972e-08 4.88311e-05 0.000160417
37.2272 238.845 2.18942e-08 5.46582e-05 0.000157006
37.2673 248.75 2.1892e-08 6.21957e-05 0.00015161
37.3073 249.65 2.18902e-08 7.00063e-05 0.000143109
37.3473 250.101 2.18885e-08 7.75049e-05 0.000138591
37.3874 250.101 2.18864e-08 8.52038e-05 0.000138671
37.4274 250.551 2.18838e-08 9.40557e-05 0.000138984
37.4675 250.101 2.1881e-08 0.000104516 0.00014463
37.5075 250.101 2.18783e-08 0.000115956 0.000149716
37.5475 250.101 2.1876e-08 0.000126804 0.000152075
37.5876 250.551 2.18743e-08 0.000135237 0.000150551
37.6276 250.551 2.18731e-08 0.000140203 0.000148535
37.6677 260.006 2.18722e-08 0.000141901 0.000147341
37.7077 260.456 2.18715e-08 0.000141491 0.0001442
37.7477 261.131 2.18705e-08 0.000140408 0.000140523
37.7878 261.356 2.18692e-08 0.000139247 0.000139257
37.8278 261.806 2.18674e-08 0.000137579 0.000137587
37.8679 270.811 2.18652e-08 0.000134259 0.000134259
37.9079 272.162 2.18628e-08 0.000128249 0.000132542
37.9479 272.162 2.18605e-08 0.000119404 0.000137484
37.988 272.162 2.18586e-08 0.000108778 0.000141859
38.028 272.612 2.18571e-08 9.80006e-05 0.000146246
38.0681 272.612 2.18556e-08 8.85801e-05 0.000150277
38.1081 272.612 2.18538e-08 8.11399e-05 0.000152771
38.1481 272.612 2.18513e-08 7.53093e-05 0.000152337
38.1882 273.062 2.18477e-08 7.02502e-05 0.000149295
38.2282 273.062 2.18435e-08 6.5293e-05 0.000149891
38.2683 273.512 2.18391e-08 6.06199e-05 0.000147387
38.3083 273.963 2.18351e-08 5.71265e-05 0.000143005
38.3483 283.417 2.18318e-08 5.59673e-05 0.000137985
38.3884 284.318 2.18289e-08 5.77593e-05 0.000132949
38.4284 285.218 2.18262e-08 6.2243e-05 0.000127445
38.4685 285.668 2.18231e-08 6.83559e-05 0.00012143
38.5085 285.668 2.18193e-08 7.48471e-05 0.000125842
38.5485 285.668 2.18148e-08 8.09204e-05 0.000128665
38.5886 285.668 2.18102e-08 8.65973e-05 0.000130801
38.6286 286.119 2.18058e-08 9.25233e-05 0.000132687
38.6687 286.119 2.1802e-08 9.93933e-05 0.000134191
38.7087 286.119 2.17989e-08 0.000107234 0.000134237
38.7487 294.673 2.17962e-08 0.000115317 0.000136275
38.7888 295.123 2.17935e-08 0.000122313 0.000139807
38.8288 295.573 2.17905e-08 0.000126955 0.000140042
38.8689 296.474 2.17869e-08 0.000128673 0.000137338
38.9089 296.924 2.17828e-08 0.000127805 0.000132742
38.9489 297.374 2.17782e-08 0.000125336 0.000127475
38.989 307.279 2.17737e-08 0.000122237 0.000124307
39.029 308.18 2.17693e-08 0.000118964 0.000121117
39.0691 308.18 2.17652e-08 0.000115255 0.000124583
39.1091 308.63 2.17614e-08 0.000110307 0.000126401
39.1491 308.63 2.17576e-08 0.000103454 0.00012641
39.1892 309.08 2.17535e-08 9.46357e-05 0.000125504
39.2292 309.53 2.17488e-08 8.45259e-05 0.000124276
39.2693 309.53 2.17432e-08 7.42966e-05 0.00012264
39.3093 309.981 2.17369e-08 6.50951e-05 0.000119994
39.3493 310.431 2.17302e-08 5.75414e-05 0.000118045
39.3894 310.431 2.17234e-08 5.15783e-05 0.00012081
39.4294 310.431 2.1717e-08 4.67144e-05 0.000127523
39.4695 309.981 2.17109e-08 4.2477e-05 0.000131761
39.5095 309.981 2.17051e-08 3.88547e-05 0.000133242
39.5495 309.981 2.16991e-08 3.63086e-05 0.000132441
39.5896 320.786 2.16925e-08 3.55929e-05 0.000130227
39.6296 321.236 2.1685e-08 3.72714e-05 0.000127406
39.6697 321.236 2.16765e-08 4.13743e-05 0.000130242
39.7097 321.686 2.16674e-08 4.73368e-05 0.000130573
39.7497 321.686 2.16582e-08 5.42966e-05 0.000128779
39.7898 321.686 2.16493e-08 6.14523e-05 0.00012573
39.8298 322.137 2.16409e-08 6.85226e-05 0.000122221
39.8699 332.492 2.1633e-08 7.56391e-05 0.000118534
39.9099 333.392 2.1625e-08 8.33218e-05 0.000114376
39.9499 333.392 2.16164e-08 9.1757e-05 0.000116113
39.99 333.392 2.16067e-08 0.000100737 0.000116801
40.03 333.843 2.1596e-08 0.000109498 0.000115461
40.0701 333.843 2.15845e-08 0.000117003 0.000117014
40.1101 333.392 2.1573e-08 0.000122377 0.000122399
40.1502 333.392 2.15619e-08 0.000125347 0.000125367
40.1902 333.843 2.15515e-08 0.00012621 0.000126229
40.2302 334.293 2.15418e-08 0.00012566 0.000125668
40.2703 334.293 2.15321e-08 0.000124406 0.000124406
40.3103 345.098 2.1522e-08 0.000122683 0.000122696
40.3504 345.999 2.15111e-08 0.000120315 0.000120326
40.3904 346.449 2.14994e-08 0.000116708 0.000116724
40.4304 346.899 2.14873e-08 0.000111378 0.000111383
40.4705 347.349 2.14756e-08 0.000104204 0.000111814
40.5105 347.8 2.14646e-08 9.56416e-05 0.000110452
40.5506 348.025 2.14547e-08 8.65509e-05 0.00010864
40.5906 348.25 2.14457e-08 7.78454e-05 0.000110214
40.6306 347.8 2.14371e-08 7.01711e-05 0.000113435
40.6707 357.705 2.14285e-08 6.3648e-05 0.000115401
40.7107 358.155 2.14196e-08 5.80392e-05 0.000115439
40.7508 358.605 2.14102e-08 5.29884e-05 0.000117728
40.7908 358.605 2.14008e-08 4.83062e-05 0.000117934
40.8308 359.055 2.13917e-08 4.41672e-05 0.000116196
40.8709 359.505 2.13833e-08 4.10787e-05 0.000113126
40.9109 359.956 2.13759e-08 3.95713e-05 0.000109376
40.951 369.41 2.13692e-08 3.99854e-05 0.000105927
40.991 370.311 2.13631e-08 4.22173e-05 0.000106133
41.031 370.761 2.13572e-08 4.58028e-05 0.000105907
41.0711 371.211 2.13511e-08 5.00997e-05 0.000104776
41.1111 371.662 2.13448e-08 5.45991e-05 0.000102247
41.1512 372.112 2.13384e-08 5.91099e-05 9.98123e-05
41.1912 372.112 2.1332e-08 6.3777e-05 0.000102326
41.2312 372.112 2.13261e-08 6.88267e-05 0.000104479
41.2713 372.112 2.13208e-08 7.44606e-05 0.000106184
41.3113 372.112 2.13161e-08 8.04625e-05 0.000111445
41.3514 372.112 2.13121e-08 8.63279e-05 0.00011584
41.3914 372.112 2.13083e-08 9.13903e-05 0.000118464
41.4314 372.112 2.13046e-08 9.49982e-05 0.000119005
41.4715 372.112 2.13006e-08 9.69414e-05 0.000117572
41.5115 383.818 2.12966e-08 9.73062e-05 0.000114593
41.5516 384.718 2.12927e-08 9.65253e-05 0.000110711
41.5916 385.619 2.1289e-08 9.50341e-05 0.000106387
41.6316 386.069 2.1286e-08 9.31323e-05 0.000102143
41.6717 386.519 2.12836e-08 9.07636e-05 9.91981e-05
41.7117 386.969 2.12817e-08 8.76764e-05 9.54894e-05
41.7518 395.974 2.128e-08 8.35357e-05 9.66084e-05
41.7918 396.424 2.12781e-08 7.82102e-05 9.81083e-05
41.8318 397.324 2.12761e-08 7.18789e-05 9.88579e-05
41.8719 397.324 2.1274e-08 6.50317e-05 9.91492e-05
41.9119 397.775 2.12718e-08 5.82737e-05 9.89584e-05
41.952 398.225 2.12699e-08 5.21414e-05 9.80056e-05
41.992 397.775 2.12683e-08 4.69319e-05 0.000101115
42.032 397.324 2.12669e-08 4.26519e-05 0.000103422
42.0721 397.324 2.12653e-08 3.91216e-05 0.000104049
42.1121 397.775 2.12632e-08 3.61763e-05 0.000102916
42.1522 398.225 2.12605e-08 3.38101e-05 0.000103448
42.1922 398.225 2.1257e-08 3.22125e-05 0.000103679
42.2322 398.675 2.1253e-08 3.1718e-05 0.000102728
42.2723 409.931 2.12485e-08 3.26466e-05 0.000100986
42.3123 410.381 2.12439e-08 3.51094e-05 9.8729e-05
42.3524 410.381 2.1239e-08 3.89525e-05 0.000101952
42.3924 410.831 2.12336e-08 4.38188e-05 0.000104046
42.4324 410.831 2.12271e-08 4.92536e-05 0.000104769
42.4725 411.281 2.12192e-08 5.49076e-05 0.000104411
42.5125 411.732 2.12097e-08 6.06359e-05 0.000103358
42.5526 412.182 2.11986e-08 6.64934e-05 0.000101787
42.5926 412.632 2.11861e-08 7.25705e-05 9.96804e-05
42.6326 422.987 2.11728e-08 7.89554e-05 9.91027e-05
42.6727 423.438 2.11587e-08 8.54935e-05 0.000100643
42.7127 423.888 2.11439e-08 9.1799e-05 0.000100968
42.7528 424.788 2.11278e-08 9.74149e-05 9.97922e-05
42.7928 424.788 2.111e-08 0.00010185 0.000101854
42.8328 424.338 2.10898e-08 0.000104822 0.000104838
42.8729 411.732 2.10671e-08 0.000106341 0.000106345
42.9129 305.478 2.1042e-08 0.000106606 0.000106608
42.953 314.933 2.10148e-08 0.000105929 0.000105941
42.993 315.834 2.09862e-08 0.000104557 0.000104563
43.033 424.338 2.09567e-08 0.000102591 0.000102591
43.0731 425.238 2.09262e-08 9.99087e-05 9.99088e-05
43.1131 426.139 2.08945e-08 9.63081e-05 9.63107e-05
43.1532 436.944 2.0861e-08 9.16541e-05 9.33944e-05
43.1932 437.845 2.08249e-08 8.59413e-05 9.09167e-05
43.2332 437.395 2.0786e-08 7.9409e-05 9.29915e-05
43.2733 437.395 2.07444e-08 7.24484e-05 9.47832e-05
43.3133 437.845 2.07008e-08 6.55186e-05 9.59886e-05
43.3534 438.295 2.06561e-08 5.89889e-05 9.6394e-05
43.3934 438.745 2.06108e-08 5.30762e-05 9.57389e-05
43.4334 439.195 2.05656e-08 4.78088e-05 9.38119e-05
43.4735 450.001 2.05201e-08 4.31212e-05 9.23137e-05
43.5135 450.001 2.0474e-08 3.89267e-05 9.29473e-05
43.5536 450.001 2.04265e-08 3.52515e-05 9.3264e-05
43.5936 450.001 2.03774e-08 3.22377e-05 9.27441e-05
43.6336 450.001 2.03267e-08 3.01211e-05 9.29815e-05
43.6737 450.001 2.02751e-08 2.91038e-05 9.32955e-05
43.7137 450.001 2.02235e-08 2.9313e-05 9.3091e-05
43.7538 450.001 2.01728e-08 3.06974e-05 9.16286e-05
43.7938 450.001 2.01236e-08 3.30526e-05 8.90547e-05
43.8338 450.001 2.00758e-08 3.61005e-05 8.56725e-05
43.8739 450.001 2.00293e-08 3.9593e-05 8.22214e-05
43.9139 450.001 1.99833e-08 4.33575e-05 8.36298e-05
43.954 450.001 1.99374e-08 4.73498e-05 8.40665e-05
43.994 450.001 1.98916e-08 5.15949e-05 8.34109e-05
44.034 400.026 1.98463e-08 5.61244e-05 8.33419e-05
44.0741 399.576 1.98022e-08 6.0844e-05 8.78098e-05
44.1141 399.576 1.976e-08 6.55881e-05 9.17576e-05
44.1542 344.648 1.97203e-08 7.00583e-05 9.4892e-05
44.1942 345.098 1.96832e-08 7.39399e-05 9.69402e-05
44.2342 345.098 1.96484e-08 7.69646e-05 9.7742e-05
44.2743 345.548 1.96153e-08 7.90184e-05 9.73242e-05
44.3143 345.548 1.95833e-08 8.00904e-05 9.58465e-05
44.3544 399.576 1.95522e-08 8.03392e-05 9.35354e-05
44.3944 400.026 1.95221e-08 7.99223e-05 9.12832e-05
44.4344 400.476 1.94933e-08 7.8962e-05 8.88778e-05
44.4745 400.926 1.94663e-08 7.74664e-05 8.55568e-05
44.5145 412.182 1.94415e-08 7.53902e-05 8.36419e-05
44.5546 412.632 1.94189e-08 7.26261e-05 8.40171e-05
44.5946 413.082 1.93982e-08 6.91466e-05 8.36203e-05
44.6346 413.533 1.93788e-08 6.49584e-05 8.26424e-05
44.6747 413.983 1.93602e-08 6.02744e-05 8.1197e-05
44.7147 414.433 1.93419e-08 5.53553e-05 7.96718e-05
44.7548 414.433 1.93239e-08 5.04642e-05 8.04652e-05
44.7948 425.689 1.93063e-08 4.58786e-05 8.07074e-05
44.8348 425.238 1.92894e-08 4.17404e-05 8.36957e-05
44.8749 425.689 1.92733e-08 3.8116e-05 8.58937e-05
44.9149 426.589 1.9258e-08 3.49809e-05 8.70916e-05
44.955 427.039 1.92431e-08 3.23361e-05 8.72057e-05
44.995 427.49 1.92281e-08 3.01918e-05 8.63269e-05
45.035 427.94 1.92124e-08 2.86359e-05 8.69474e-05
45.0751 427.94 1.91957e-08 2.78179e-05 8.67473e-05
45.1151 428.39 1.91777e-08 2.78684e-05 8.58487e-05
45.1552 428.39 1.91588e-08 2.88716e-05 8.43787e-05
45.1952 428.84 1.91391e-08 3.08225e-05 8.23667e-05
45.2352 429.29 1.91188e-08 3.36225e-05 7.98008e-05
45.2753 429.29 1.9098e-08 3.70752e-05 8.02246e-05
45.3153 428.84 1.90764e-08 4.09975e-05 8.23643e-05
45.3554 428.84 1.90536e-08 4.52432e-05 8.37775e-05
45.3954 428.84 1.90289e-08 4.96933e-05 8.45381e-05
45.4354 428.84 1.90022e-08 5.43243e-05 8.4748e-05
45.4755 428.39 1.89733e-08 5.91161e-05 8.43863e-05
45.5155 440.546 1.89427e-08 6.40349e-05 8.34403e-05
45.5556 385.619 1.89109e-08 6.89814e-05 8.49876e-05
45.5956 386.069 1.88781e-08 7.37777e-05 8.62454e-05
45.6356 440.546 1.88449e-08 7.82101e-05 8.65935e-05
45.6757 441.447 1.88111e-08 8.20314e-05 8.59605e-05
45.7157 441.447 1.87765e-08 8.50755e-05 8.50867e-05
45.7558 386.519 1.87407e-08 8.72453e-05 8.72589e-05
45.7958 396.424 1.87036e-08 8.8526e-05 8.85463e-05
45.8358 396.874 1.86652e-08 8.90199e-05 8.90435e-05
45.8759 397.775 1.86259e-08 8.88115e-05 8.88245e-05
45.9159 398.225 1.85862e-08 8.79453e-05 8.79727e-05
45.956 398.675 1.85469e-08 8.6481e-05 8.65011e-05
45.996 399.125 1.85085e-08 8.44005e-05 8.44005e-05
46.036 399.576 1.84712e-08 8.16169e-05 8.16281e-05
46.0761 400.026 1.84349e-08 7.81496e-05 7.81573e-05
46.1161 400.476 1.83995e-08 7.40132e-05 7.71301e-05
46.1562 400.476 1.83647e-08 6.93143e-05 7.70261e-05
46.1962 400.926 1.83305e-08 6.4249e-05 7.83645e-05
46.2362 410.831 1.82969e-08 5.90006e-05 8.04801e-05
46.2763 411.281 1.82645e-08 5.38015e-05 8.20536e-05
46.3163 411.732 1.82338e-08 4.88072e-05 8.29544e-05
46.3564 412.182 1.82052e-08 4.41152e-05 8.30589e-05
46.3964 412.632 1.81789e-08 3.97831e-05 8.23272e-05
46.4364 413.533 1.8155e-08 3.58281e-05 8.07482e-05
46.4765 413.983 1.81332e-08 3.22877e-05 7.84024e-05
46.5165 414.433 1.81131e-08 2.92057e-05 7.69644e-05
46.5566 414.883 1.80944e-08 2.66719e-05 7.83626e-05
46.5966 414.883 1.80771e-08 2.47815e-05 7.91796e-05
46.6366 415.333 1.80611e-08 2.36351e-05 7.93665e-05
46.6767 415.333 1.80467e-08 2.32834e-05 7.89746e-05
46.7167 415.333 1.8034e-08 2.37301e-05 7.88321e-05
46.7568 415.784 1.80229e-08 2.49032e-05 7.91741e-05
46.7968 425.238 1.80135e-08 2.6698e-05 7.87899e-05
46.8368 426.139 1.80051e-08 2.90013e-05 7.77206e-05
46.8769 427.039 1.79976e-08 3.16959e-05 7.6092e-05
46.9169 427.49 1.79903e-08 3.47135e-05 7.39761e-05
46.957 427.94 1.79831e-08 3.80087e-05 7.36459e-05
46.997 428.39 1.79759e-08 4.15324e-05 7.31496e-05
47.037 428.39 1.79685e-08 4.52469e-05 7.28579e-05
47.0771 428.84 1.79611e-08 4.9045e-05 7.2515e-05
47.1171 428.84 1.79534e-08 5.28363e-05 7.35468e-05
47.1572 428.84 1.79452e-08 5.64516e-05 7.64055e-05
47.1972 428.84 1.79362e-08 5.97424e-05 7.86342e-05
47.2372 428.84 1.79259e-08 6.25742e-05 8.01354e-05
47.2773 439.195 1.7914e-08 6.48403e-05 8.08884e-05
47.3173 440.096 1.79003e-08 6.65309e-05 8.08846e-05
47.3574 440.996 1.78846e-08 6.7617e-05 8.02159e-05
47.3974 441.447 1.78672e-08 6.81656e-05 7.89347e-05
47.4374 442.347 1.78481e-08 6.81865e-05 7.73805e-05
47.4775 442.797 1.78275e-08 6.77009e-05 7.73479e-05
47.5175 443.247 1.78054e-08 6.67157e-05 7.65824e-05
47.5576 443.698 1.77816e-08 6.523e-05 7.5144e-05
47.5976 444.148 1.77558e-08 6.31929e-05 7.31928e-05
47.6376 444.148 1.77278e-08 6.06453e-05 7.2757e-05
47.6777 444.598 1.76975e-08 5.76325e-05 7.36075e-05
47.7177 444.598 1.7665e-08 5.4249e-05 7.39569e-05
47.7578 444.598 1.76306e-08 5.06422e-05 7.3799e-05
47.7978 445.048 1.75948e-08 4.69175e-05 7.31486e-05
47.8378 445.048 1.7558e-08 4.32426e-05 7.19496e-05
47.8779 445.499 1.75206e-08 3.97114e-05 7.01896e-05
47.9179 445.949 1.74828e-08 3.63994e-05 6.88702e-05
47.958 445.724 1.74446e-08 3.33746e-05 7.07972e-05
47.998 445.499 1.74058e-08 3.06398e-05 7.20968e-05
48.038 445.499 1.73664e-08 2.82613e-05 7.27436e-05
48.0781 445.048 1.73265e-08 2.62865e-05 7.27234e-05
48.1181 444.598 1.72864e-08 2.47737e-05 7.3462e-05
48.1582 443.698 1.72465e-08 2.37986e-05 7.39679e-05
48.1982 442.797 1.72074e-08 2.34293e-05 7.39358e-05
48.2382 410.831 1.71696e-08 2.37046e-05 7.33762e-05
48.2783 411.281 1.71332e-08 2.46153e-05 7.23234e-05
48.3183 411.732 1.70986e-08 2.61272e-05 7.0759e-05
48.3584 412.182 1.70656e-08 2.81763e-05 6.87067e-05
48.3984 412.632 1.70341e-08 3.06843e-05 6.61557e-05
48.4384 412.632 1.70039e-08 3.35723e-05 6.64959e-05
48.4785 424.338 1.6975e-08 3.67668e-05 6.65388e-05
48.5185 424.338 1.69475e-08 4.02164e-05 6.82123e-05
48.5586 424.788 1.69217e-08 4.38809e-05 6.94523e-05
48.5986 425.238 1.68977e-08 4.77057e-05 7.02316e-05
48.6386 425.689 1.68757e-08 5.16257e-05 7.05151e-05
48.6787 426.139 1.68557e-08 5.55575e-05 7.12143e-05
48.7187 426.139 1.68376e-08 5.93912e-05 7.29214e-05
48.7588 426.139 1.68209e-08 6.30019e-05 7.40523e-05
48.7988 426.589 1.68054e-08 6.62867e-05 7.45465e-05
48.8388 426.589 1.67907e-08 6.91238e-05 7.44008e-05
48.8789 427.039 1.67766e-08 7.14716e-05 7.36279e-05
48.9189 427.039 1.6763e-08 7.32845e-05 7.32902e-05
48.959 427.039 1.67499e-08 7.45505e-05 7.45558e-05
48.999 427.039 1.67372e-08 7.52851e-05 7.52892e-05
49.039 427.039 1.67249e-08 7.54957e-05 7.54993e-05
49.0791 427.039 1.67126e-08 7.51821e-05 7.51893e-05
49.1191 427.264 1.67001e-08 7.43666e-05 7.43691e-05
49.1592 427.49 1.6687e-08 7.30003e-05 7.30062e-05
49.1992 439.195 1.66728e-08 7.11015e-05 7.11089e-05
49.2392 440.096 1.66575e-08 6.86874e-05 6.86943e-05
49.2793 440.996 1.66409e-08 6.57937e-05 6.58043e-05
49.3193 441.447 1.6623e-08 6.24937e-05 6.37169e-05
49.3594 441.897 1.66039e-08 5.88689e-05 6.40324e-05
49.3994 442.347 1.65837e-08 5.50397e-05 6.38988e-05
49.4394 442.347 1.65624e-08 5.10969e-05 6.59187e-05
49.4795 441.897 1.654e-08 4.71513e-05 6.76625e-05
49.5195 441.897 1.65162e-08 4.32742e-05 6.89066e-05
49.5596 441.897 1.6491e-08 3.9523e-05 6.96163e-05
49.5996 441.897 1.64642e-08 3.59559e-05 6.97489e-05
49.6396 441.897 1.64359e-08 3.26251e-05 6.93291e-05
49.6797 441.897 1.64063e-08 2.95506e-05 6.83894e-05
49.7197 450.001 1.63759e-08 2.68271e-05 6.69458e-05
49.7598 450.001 1.63448e-08 2.44983e-05 6.62858e-05
49.7998 450.001 1.63136e-08 2.26212e-05 6.61637e-05
49.8398 450.001 1.62823e-08 2.12556e-05 6.69141e-05
49.8799 450.001 1.62512e-08 2.04186e-05 6.72e-05
49.9199 450.001 1.62203e-08 2.01266e-05 6.70339e-05
49.96 450.001 1.61895e-08 2.03597e-05 6.63811e-05
50 410.381 1.6159e-08 2.1078e-05 6.66385e-05
