#S 1 scored data
#N 5
#L  distance  fwhm  total_intensity  on_axis_intensity  peak_intensity
10 449.551 3.67058e-06 0.00581496 0.023731
10.04 442.347 3.65131e-06 0.0137804 0.0229697
10.0801 447.75 3.64503e-06 0.00763133 0.0215438
10.1201 448.65 3.63748e-06 0.0175274 0.0208286
10.1602 450.001 3.61291e-06 0.00922512 0.018736
10.2002 448.2 3.58776e-06 0.0117671 0.0190973
10.2402 440.996 3.57668e-06 0.00999688 0.0205142
10.2803 441.897 3.56693e-06 0.0120496 0.0218246
10.3203 447.3 3.55865e-06 0.0121602 0.0190335
10.3604 445.048 3.54874e-06 0.0100494 0.0183869
10.4004 450.001 3.52747e-06 0.0152829 0.0185438
10.4404 447.75 3.49646e-06 0.0100073 0.0198129
10.4805 449.1 3.47087e-06 0.012918 0.0180054
10.5205 427.49 3.44462e-06 0.00670255 0.0173897
10.5606 425.238 3.42922e-06 0.0181267 0.0192935
10.6006 430.191 3.42347e-06 0.00914518 0.0182927
10.6406 431.542 3.41962e-06 0.0161001 0.0182444
10.6807 429.741 3.41288e-06 0.00589834 0.0177741
10.7207 416.234 3.40141e-06 0.0171903 0.0189545
10.7608 362.207 3.38713e-06 0.00710655 0.0187515
10.8008 356.804 3.36786e-06 0.0167539 0.0186158
10.8408 351.852 3.35186e-06 0.0066307 0.0190538
10.8809 350.051 3.3322e-06 0.0191443 0.0191578
10.9209 347.8 3.32002e-06 0.00793631 0.019357
10.961 394.173 3.31414e-06 0.0161411 0.01892
11.001 347.349 3.30685e-06 0.00598878 0.019306
11.041 345.098 3.30743e-06 0.0173605 0.0190015
11.0811 340.146 3.30868e-06 0.00957418 0.0192996
11.1211 337.895 3.30954e-06 0.0183432 0.0200844
11.1612 377.064 3.3115e-06 0.00748957 0.0183199
11.2012 382.467 3.31262e-06 0.0157862 0.0184362
11.2412 335.193 3.30861e-06 0.00937436 0.0184594
11.2813 322.587 3.30976e-06 0.0170431 0.0195681
11.3213 327.99 3.30327e-06 0.00856874 0.0189991
11.3614 325.739 3.30012e-06 0.0152996 0.0189438
11.4014 323.487 3.29733e-06 0.0110062 0.0187169
11.4414 318.085 3.29412e-06 0.0181736 0.0195013
11.4815 316.284 3.29271e-06 0.0100322 0.0191488
11.5215 318.085 3.29254e-06 0.0138685 0.018694
11.5616 315.834 3.29168e-06 0.00972508 0.0192323
11.6016 302.777 3.29033e-06 0.0164158 0.0200091
11.6416 308.63 3.2898e-06 0.0126128 0.0186899
11.6817 305.929 3.28527e-06 0.0162428 0.0191918
11.7217 303.677 3.28267e-06 0.0102994 0.0190698
11.7618 298.275 3.28012e-06 0.0149521 0.019176
11.8018 303.677 3.2763e-06 0.0124773 0.0191891
11.8418 301.426 3.27601e-06 0.0166511 0.0188883
11.8819 296.024 3.2751e-06 0.0108775 0.0194992
11.9219 293.772 3.27463e-06 0.0140526 0.0187492
11.962 291.521 3.2738e-06 0.0121249 0.0196496
12.002 293.322 3.27365e-06 0.0178088 0.0189623
12.042 283.417 3.27018e-06 0.0136557 0.0197252
12.0821 285.668 3.27021e-06 0.0163021 0.0206714
12.1221 283.417 3.26917e-06 0.0103362 0.0189623
12.1622 281.166 3.26834e-06 0.0149398 0.0196894
12.2022 278.915 3.27008e-06 0.0130472 0.0193429
12.2422 273.512 3.26869e-06 0.0185119 0.020361
12.2823 278.465 3.26904e-06 0.0124036 0.0207661
12.3223 273.062 3.26701e-06 0.0160394 0.019558
12.3624 270.811 3.26551e-06 0.0114119 0.020095
12.4024 268.56 3.26405e-06 0.0182215 0.0202111
12.4424 266.309 3.26381e-06 0.0137859 0.0198957
12.4825 260.906 3.26268e-06 0.0190756 0.0212605
12.5225 265.858 3.26206e-06 0.0108081 0.0203747
12.5626 255.953 3.26109e-06 0.0159966 0.020834
12.6026 258.205 3.25805e-06 0.0115904 0.0203873
12.6426 255.953 3.25758e-06 0.0203906 0.0203976
12.6827 253.252 3.25655e-06 0.014049 0.0214702
12.7227 247.849 3.25584e-06 0.0201838 0.0209634
12.7628 245.598 3.2562e-06 0.0109304 0.0211518
12.8028 243.347 3.25453e-06 0.0176441 0.0217123
12.8428 245.598 3.25425e-06 0.0120951 0.0205846
12.8829 242.897 3.25309e-06 0.0215801 0.0215867
12.9229 240.646 3.25336e-06 0.0137565 0.0220079
12.963 238.395 3.25305e-06 0.0197607 0.021059
13.003 232.992 3.25391e-06 0.0109289 0.021857
13.043 230.291 3.25286e-06 0.0181743 0.022139
13.0831 235.243 3.2519e-06 0.0132888 0.0204393
13.1231 229.84 3.25232e-06 0.0227753 0.0227834
13.1632 228.039 3.25137e-06 0.0159284 0.0220005
13.2032 225.338 3.25194e-06 0.0202645 0.020508
13.2432 223.537 3.25076e-06 0.0128279 0.0213004
13.2833 224.888 3.24992e-06 0.0173409 0.0220621
13.3233 215.433 3.24897e-06 0.0145751 0.0219123
13.3634 217.234 3.24822e-06 0.0211889 0.0218767
13.4034 214.983 3.24823e-06 0.0185029 0.0213535
13.4434 212.732 3.247e-06 0.0192873 0.0215116
13.4835 210.03 3.24685e-06 0.0159656 0.0237968
13.5235 207.779 3.24581e-06 0.0156817 0.0219753
13.5636 205.528 3.24531e-06 0.0171546 0.0232219
13.6036 207.329 3.24617e-06 0.0192682 0.0224754
13.6436 201.926 3.24529e-06 0.0229054 0.0229954
13.6837 199.225 3.24575e-06 0.0191224 0.0243553
13.7237 196.974 3.24508e-06 0.0208327 0.0238546
13.7638 194.723 3.24522e-06 0.0141246 0.0237127
13.8038 188.87 3.24549e-06 0.0188267 0.0249851
13.8438 189.77 3.24573e-06 0.0159041 0.025211
13.8839 191.571 3.24523e-06 0.0246852 0.0246914
13.9239 185.718 3.24455e-06 0.0192715 0.0258875
13.964 186.619 3.24501e-06 0.024831 0.0248358
14.004 181.666 3.24438e-06 0.0157909 0.0237858
14.044 178.515 3.24438e-06 0.0197205 0.0266925
14.0841 176.263 3.24365e-06 0.0149401 0.0259308
14.1241 178.515 3.24278e-06 0.0231016 0.0249206
14.1642 175.813 3.24302e-06 0.0213054 0.025666
14.2042 173.562 3.24259e-06 0.0266699 0.026674
14.2442 171.311 3.24237e-06 0.0225578 0.0238841
14.2843 165.458 3.24188e-06 0.020644 0.0271283
14.3243 166.809 3.24189e-06 0.0182161 0.0255812
14.3644 160.506 3.24231e-06 0.0178366 0.0277715
14.4044 162.757 3.24186e-06 0.0220388 0.0259116
14.4444 159.605 3.24264e-06 0.0231646 0.0282075
14.4845 157.804 3.24206e-06 0.0291175 0.0291213
14.5245 154.653 3.24272e-06 0.0230488 0.0294441
14.5646 153.302 3.24311e-06 0.025494 0.0268596
14.6046 154.653 3.24241e-06 0.0167633 0.0273278
14.6446 143.397 3.24285e-06 0.0212417 0.0315633
14.6847 149.7 3.24258e-06 0.018256 0.029092
14.7247 144.297 3.24275e-06 0.0279901 0.0296407
14.7648 145.198 3.24235e-06 0.0263505 0.0282442
14.8048 139.345 3.24178e-06 0.0314319 0.0314363
14.8448 140.696 3.24183e-06 0.0262014 0.0295604
14.8849 133.942 3.24155e-06 0.0232499 0.0316978
14.9249 136.193 3.24184e-06 0.0203601 0.0307529
14.965 133.492 3.24141e-06 0.0198718 0.0314703
15.005 131.241 3.2411e-06 0.0252468 0.0330395
15.045 128.089 3.24197e-06 0.0274878 0.0323289
15.0851 125.838 3.24159e-06 0.0355217 0.0355294
15.1251 127.639 3.24206e-06 0.0300196 0.0334295
15.1652 121.786 3.24223e-06 0.0322948 0.0345222
15.2052 123.137 3.24249e-06 0.0220059 0.032589
15.2452 116.834 3.24291e-06 0.023295 0.0375503
15.2853 118.184 3.24259e-06 0.0199185 0.0346612
15.3253 112.782 3.24293e-06 0.0281597 0.0354933
15.3654 113.232 3.24286e-06 0.0313633 0.0359785
15.4054 106.929 3.24317e-06 0.0375114 0.0375139
15.4454 108.73 3.24297e-06 0.0382983 0.0391063
15.4855 108.73 3.24242e-06 0.0320353 0.0372232
15.5255 103.777 3.24284e-06 0.0295335 0.0389655
15.5656 104.227 3.24268e-06 0.0209812 0.0371006
15.6056 97.9242 3.24239e-06 0.0248837 0.0439542
15.6456 100.175 3.24269e-06 0.025044 0.0390853
15.6857 98.8246 3.24269e-06 0.0376811 0.040024
15.7257 95.2228 3.24319e-06 0.039126 0.0418251
15.7658 93.4219 3.24302e-06 0.045904 0.0459078
15.8058 87.569 3.24327e-06 0.0402001 0.0448737
15.8458 92.9717 3.24376e-06 0.0338478 0.0407581
15.8859 89.3699 3.2439e-06 0.0278557 0.0450677
15.9259 88.0192 3.24447e-06 0.0230547 0.0462203
15.966 83.9671 3.24424e-06 0.0285803 0.050571
16.006 83.5169 3.24472e-06 0.0332266 0.0452231
16.046 83.5169 3.24489e-06 0.0474765 0.0474849
16.0861 78.5644 3.24444e-06 0.0483138 0.048316
16.1261 78.5644 3.24468e-06 0.0539163 0.0541601
16.1662 73.1617 3.24477e-06 0.0439499 0.0520114
16.2062 74.5124 3.24473e-06 0.0368721 0.0464359
16.2462 72.2613 3.24471e-06 0.0289014 0.0530363
16.2863 68.2092 3.2447e-06 0.0268869 0.056292
16.3263 67.3088 3.24513e-06 0.0339151 0.0591448
16.3664 68.6595 3.24502e-06 0.0423198 0.0523219
16.4064 63.2568 3.24512e-06 0.0578753 0.0578832
16.4464 63.2568 3.24571e-06 0.0591433 0.0591461
16.4865 57.4038 3.24581e-06 0.0637009 0.064161
16.5265 57.854 3.2464e-06 0.0513621 0.0609232
16.5666 58.7545 3.24652e-06 0.0428364 0.0553889
16.6066 57.4038 3.24677e-06 0.0335991 0.0640566
16.6466 52.4513 3.2472e-06 0.032349 0.0680263
16.6867 52.4513 3.24699e-06 0.040847 0.0697823
16.7267 66.8586 3.24714e-06 0.0516284 0.0601464
16.7668 47.0486 3.24734e-06 0.0693624 0.0693767
16.8068 47.4988 3.24733e-06 0.0720672 0.0720707
16.8468 46.5984 3.24736e-06 0.0768556 0.0768668
16.8869 61.4558 3.24736e-06 0.0641067 0.0704802
16.9269 62.8065 3.24768e-06 0.0539425 0.0667766
16.967 56.0531 3.2478e-06 0.0440658 0.0771931
17.007 56.5034 3.2476e-06 0.0415995 0.0820965
17.047 50.6504 3.24822e-06 0.0514319 0.0825348
17.0871 56.5034 3.24838e-06 0.0629058 0.0752407
17.1271 51.1007 3.2485e-06 0.0834344 0.083445
17.1672 51.1007 3.24906e-06 0.0883759 0.0883818
17.2072 45.2477 3.24933e-06 0.094406 0.0944178
17.2472 46.1482 3.24974e-06 0.0837318 0.0882057
17.2873 46.5984 3.24975e-06 0.0724014 0.079877
17.3273 40.7455 3.24997e-06 0.0639364 0.0958978
17.3674 40.2952 3.25022e-06 0.0600213 0.101215
17.4074 40.2952 3.25005e-06 0.0725198 0.105256
17.4474 39.845 3.25019e-06 0.0845894 0.0958865
17.4875 35.3427 3.25037e-06 0.108244 0.108257
17.5275 34.4423 3.25034e-06 0.116379 0.116388
17.5676 29.94 3.25052e-06 0.122347 0.122365
17.6076 29.94 3.25068e-06 0.115291 0.118104
17.6476 29.94 3.25093e-06 0.102022 0.113591
17.6877 25.4378 3.25129e-06 0.0979664 0.136169
17.7277 24.5373 3.25129e-06 0.0963381 0.143606
17.7678 24.0871 3.25173e-06 0.118317 0.14954
17.8078 23.6369 3.252e-06 0.14048 0.141151
17.8478 19.5848 3.25211e-06 0.174767 0.174768
17.8879 18.6844 3.25252e-06 0.195366 0.195377
17.9279 17.3337 3.25273e-06 0.201515 0.20153
17.968 15.0826 3.25302e-06 0.197947 0.197964
18.008 14.1821 3.25309e-06 0.176159 0.197765
18.048 12.8314 3.25317e-06 0.172807 0.247137
18.0881 10.1301 3.25343e-06 0.180532 0.28349
18.1281 9.22963 3.25335e-06 0.234057 0.307589
18.1682 8.32918 3.25333e-06 0.320347 0.320347
18.2082 6.9785 3.25367e-06 0.441072 0.441072
18.2482 3.82692 3.25367e-06 0.585258 0.585278
18.2883 3.3767 3.25374e-06 0.707439 0.707447
18.3283 2.92647 3.25413e-06 0.823647 0.823674
18.3684 2.92647 3.25436e-06 0.87883 0.878839
18.4084 2.92647 3.25471e-06 0.895067 0.895072
18.4484 2.92647 3.25496e-06 0.873985 0.873989
18.4885 3.3767 3.25536e-06 0.805609 0.805609
18.5285 3.3767 3.25565e-06 0.742366 0.742366
18.5686 3.82692 3.25558e-06 0.656751 0.656751
18.6086 3.82692 3.25591e-06 0.583816 0.583816
18.6486 4.27715 3.25607e-06 0.515987 0.515987
18.6887 4.72737 3.25593e-06 0.440861 0.440861
18.7287 7.42873 3.2561e-06 0.379278 0.379295
18.7688 9.67986 3.25627e-06 0.303375 0.303393
18.8088 10.1301 3.25623e-06 0.239691 0.243492
18.8488 10.1301 3.25638e-06 0.182101 0.247716
18.8889 10.5803 3.25661e-06 0.139515 0.243315
18.9289 14.6323 3.25685e-06 0.123389 0.226758
18.969 15.5328 3.25706e-06 0.121464 0.190964
19.009 15.983 3.25727e-06 0.142596 0.16334
19.049 16.4332 3.25773e-06 0.161868 0.16509
19.0891 20.0351 3.25781e-06 0.181002 0.181015
19.1291 20.4853 3.2579e-06 0.185891 0.185909
19.1692 20.9355 3.25832e-06 0.170292 0.170304
19.2092 21.836 3.25835e-06 0.148201 0.148208
19.2492 26.7884 3.2584e-06 0.112567 0.117145
19.2893 26.3382 3.25865e-06 0.0850162 0.135939
19.3293 26.3382 3.25874e-06 0.0659415 0.138755
19.3694 27.6889 3.25874e-06 0.0604955 0.129903
19.4094 31.7409 3.25886e-06 0.0700032 0.113398
19.4494 32.6414 3.25901e-06 0.0823303 0.0974002
19.4895 35.793 3.25915e-06 0.0995782 0.106784
19.5295 37.1436 3.25923e-06 0.105257 0.105266
19.5696 37.5939 3.25948e-06 0.104097 0.104106
19.6096 37.5939 3.2598e-06 0.0948213 0.0948251
19.6496 43.4468 3.2598e-06 0.0776457 0.0882406
19.6897 43.4468 3.26003e-06 0.0659853 0.0857227
19.7297 43.897 3.26036e-06 0.0553543 0.0821489
19.7698 49.2997 3.26033e-06 0.0547941 0.0792227
19.8098 49.75 3.26053e-06 0.0589012 0.0799822
19.8498 49.75 3.26079e-06 0.0643834 0.0784467
19.8899 50.2002 3.26084e-06 0.0708359 0.0754566
19.9299 55.1527 3.2609e-06 0.0683293 0.0715239
19.97 55.6029 3.26104e-06 0.064054 0.0721619
20.01 56.0531 3.26112e-06 0.0542468 0.0687361
20.0501 60.5554 3.26114e-06 0.0444559 0.0686494
20.0901 60.5554 3.26122e-06 0.0403475 0.0696684
20.1301 61.0056 3.26142e-06 0.0395039 0.0647797
20.1702 66.8586 3.26157e-06 0.0475618 0.0580343
20.2102 66.8586 3.2616e-06 0.0560777 0.0586353
20.2503 66.8586 3.26189e-06 0.0651356 0.0651418
20.2903 66.4083 3.26208e-06 0.0703085 0.0703145
20.3303 72.7115 3.26202e-06 0.0659958 0.0660025
20.3704 73.1617 3.26228e-06 0.058772 0.0587804
20.4104 78.5644 3.26246e-06 0.045336 0.0536872
20.4505 78.5644 3.26243e-06 0.0332177 0.0597306
20.4905 78.1142 3.26259e-06 0.0261266 0.0652684
20.5305 78.5644 3.26274e-06 0.0240522 0.0623451
20.5706 83.9671 3.26274e-06 0.0305832 0.0562748
20.6106 84.8676 3.26275e-06 0.038945 0.04976
20.6507 84.4174 3.26284e-06 0.0494832 0.0528568
20.6907 89.8201 3.26288e-06 0.0562802 0.0562858
20.7307 90.2703 3.2629e-06 0.0561084 0.0561137
20.7708 90.7205 3.26301e-06 0.052816 0.0528237
20.8108 96.5735 3.2632e-06 0.0431906 0.0492292
20.8509 96.5735 3.2633e-06 0.0342331 0.0510667
20.8909 96.5735 3.26338e-06 0.027909 0.050252
20.9309 97.0237 3.26362e-06 0.0248641 0.0481804
20.971 102.426 3.26367e-06 0.028228 0.0486274
21.011 102.877 3.26364e-06 0.0326401 0.0475656
21.0511 101.976 3.26381e-06 0.0387799 0.0510841
21.0911 107.829 3.26381e-06 0.0422231 0.0474204
21.1311 108.73 3.26374e-06 0.0406342 0.044089
21.1712 114.583 3.26384e-06 0.0372112 0.0410329
21.2112 114.583 3.26385e-06 0.0298001 0.0446403
21.2513 114.583 3.26373e-06 0.0238296 0.0455826
21.2913 114.583 3.26374e-06 0.0208687 0.0438693
21.3313 120.886 3.26376e-06 0.0212813 0.0409473
21.3714 121.336 3.26367e-06 0.0271547 0.0382292
21.4114 121.336 3.2637e-06 0.0336122 0.039361
21.4515 125.838 3.26383e-06 0.0407912 0.0407954
21.4915 96.1233 3.26391e-06 0.0449271 0.0449346
21.5315 126.288 3.26399e-06 0.0432837 0.0432884
21.5716 132.592 3.26412e-06 0.0390866 0.0390908
21.6116 133.042 3.26426e-06 0.0306624 0.0378934
21.6517 138.895 3.26421e-06 0.0223475 0.0363131
21.6917 138.444 3.26417e-06 0.0169932 0.0411778
21.7317 138.895 3.26422e-06 0.01462 0.0407156
21.7718 139.345 3.26404e-06 0.0177323 0.0377798
21.8118 145.198 3.26387e-06 0.0228926 0.0346228
21.8519 144.748 3.26389e-06 0.0293557 0.0369911
21.8919 144.973 3.26373e-06 0.0347221 0.0368109
21.9319 150.601 3.26348e-06 0.0355256 0.0357221
21.972 151.501 3.26345e-06 0.034097 0.034099
22.012 151.051 3.26335e-06 0.029127 0.0353153
22.0521 150.601 3.26306e-06 0.0230548 0.0375703
22.0921 104.678 3.263e-06 0.0191847 0.0371662
22.1321 157.804 3.26299e-06 0.0170042 0.0352736
22.1722 163.657 3.26282e-06 0.0190003 0.0312978
22.2122 163.657 3.26278e-06 0.0230673 0.0327325
22.2523 163.207 3.26284e-06 0.027534 0.0334096
22.2923 111.431 3.26278e-06 0.0317731 0.0348556
22.3323 117.284 3.26263e-06 0.0319971 0.0327511
22.3724 169.96 3.26256e-06 0.0296386 0.0309401
22.4124 169.96 3.26242e-06 0.0249369 0.0316312
22.4525 176.263 3.2621e-06 0.0184443 0.0302119
22.4925 176.263 3.26184e-06 0.0140226 0.0321482
22.5325 123.137 3.26167e-06 0.0117232 0.0333976
22.5726 123.587 3.26135e-06 0.0130505 0.0323275
22.6126 129.44 3.26104e-06 0.0176709 0.0314188
22.6527 182.116 3.26091e-06 0.0230203 0.0291577
22.6927 182.116 3.26066e-06 0.0288741 0.0288761
22.7327 129.89 3.26028e-06 0.0318924 0.0318958
22.7728 135.743 3.26005e-06 0.0314782 0.031483
22.8128 194.723 3.25977e-06 0.0288637 0.0288677
22.8529 195.623 3.25925e-06 0.0232969 0.0277149
22.8929 194.723 3.2589e-06 0.0179609 0.0292852
22.9329 142.046 3.25859e-06 0.0142845 0.0299339
22.973 142.497 3.25806e-06 0.0126343 0.0277655
23.013 201.026 3.25763e-06 0.0144828 0.0262746
23.0531 148.8 3.25732e-06 0.0177086 0.0263286
23.0931 148.8 3.2568e-06 0.0216032 0.0286224
23.1331 148.8 3.2562e-06 0.024819 0.0302212
23.1732 153.752 3.25578e-06 0.0249838 0.0281106
23.2132 214.533 3.25523e-06 0.023318 0.0252803
23.2533 214.082 3.25453e-06 0.0196158 0.0255049
23.2933 214.082 3.25401e-06 0.0149205 0.0253733
23.3333 160.956 3.25356e-06 0.0118671 0.0266443
23.3734 160.956 3.25296e-06 0.0105021 0.026743
23.4134 161.406 3.25246e-06 0.0120597 0.0261154
23.4535 166.809 3.2521e-06 0.0160235 0.0267279
23.4935 167.709 3.25158e-06 0.020509 0.0253862
23.5335 168.159 3.25094e-06 0.0251695 0.0258488
23.5736 167.709 3.25039e-06 0.0275257 0.0275302
23.6136 172.662 3.24975e-06 0.0269843 0.0269869
23.6537 174.012 3.24886e-06 0.0245308 0.024534
23.6937 174.012 3.24805e-06 0.0197577 0.0246315
23.7337 179.415 3.24734e-06 0.014907 0.0247656
23.7738 180.316 3.24641e-06 0.0114988 0.0244173
23.8138 180.316 3.24549e-06 0.00978101 0.0242675
23.8539 210.03 3.24478e-06 0.0109429 0.022844
23.8939 246.049 3.24394e-06 0.0137157 0.0217401
23.9339 187.069 3.24294e-06 0.01711 0.0234297
23.974 186.619 3.2421e-06 0.0203473 0.0254977
24.014 187.069 3.24123e-06 0.0213485 0.0245191
24.0541 192.922 3.24012e-06 0.0204907 0.022454
24.0941 193.372 3.23913e-06 0.0180448 0.0217946
24.1341 222.637 3.23827e-06 0.014234 0.021267
24.1742 199.225 3.23721e-06 0.0112334 0.0229571
24.2142 199.675 3.2362e-06 0.00960879 0.0230214
24.2543 228.94 3.2354e-06 0.00994227 0.0221164
24.2943 228.94 3.23447e-06 0.0126891 0.0219534
24.3343 205.528 3.23342e-06 0.016289 0.0223051
24.3744 205.978 3.23251e-06 0.0201769 0.0228163
24.4144 205.978 3.23158e-06 0.0231105 0.023113
24.4545 211.156 3.23045e-06 0.0235199 0.0235236
24.4945 212.282 3.22938e-06 0.0221031 0.0221057
24.5345 242.447 3.22847e-06 0.0188602 0.0204417
24.5746 212.282 3.22748e-06 0.0144866 0.0219872
24.6146 218.585 3.22649e-06 0.0109532 0.0215453
24.6547 219.035 3.2257e-06 0.00866131 0.0212546
24.6947 219.485 3.22494e-06 0.00834656 0.0211143
24.7347 224.438 3.22405e-06 0.0101816 0.0202851
24.7748 255.053 3.22321e-06 0.0128744 0.0195028
24.8148 225.338 3.22243e-06 0.0159737 0.020833
24.8549 224.888 3.22148e-06 0.0182056 0.0218444
24.8949 231.641 3.22042e-06 0.0184809 0.0207404
24.9349 262.257 3.21949e-06 0.0173705 0.0196692
24.975 232.542 3.21853e-06 0.0148087 0.0198062
25.015 237.944 3.21743e-06 0.0116259 0.0188667
25.0551 237.944 3.21645e-06 0.0093642 0.01985
25.0951 238.395 3.21558e-06 0.00829864 0.0201292
25.1351 275.313 3.21458e-06 0.00909561 0.0191314
25.1752 275.763 3.21354e-06 0.0116617 0.0183526
25.2152 275.313 3.21261e-06 0.0148051 0.0191166
25.2553 244.698 3.21159e-06 0.0180858 0.0202457
25.2953 244.698 3.21039e-06 0.0202715 0.0202742
25.3353 250.551 3.20928e-06 0.0204156 0.0204186
25.3754 251.451 3.20822e-06 0.0190429 0.0190442
25.4154 288.82 3.20699e-06 0.0161413 0.0175046
25.4555 257.304 3.20577e-06 0.0124812 0.0189411
25.4955 257.754 3.20468e-06 0.00953415 0.0188626
25.5355 258.205 3.20348e-06 0.00766311 0.0184771
25.5756 264.058 3.20212e-06 0.00746833 0.0183861
25.6156 264.508 3.20079e-06 0.00902006 0.0186066
25.6557 265.408 3.1994e-06 0.01133 0.0175472
25.6957 264.958 3.19774e-06 0.0139451 0.0178502
25.7357 240.196 3.19599e-06 0.015879 0.0189907
25.7758 270.811 3.19429e-06 0.016221 0.0182919
25.8158 309.305 3.19247e-06 0.0153111 0.0173839
25.8559 309.08 3.1905e-06 0.0132036 0.0175443
25.8959 308.63 3.18863e-06 0.010448 0.0174764
25.9359 278.465 3.1868e-06 0.00831421 0.0171875
25.976 278.465 3.18479e-06 0.00719735 0.0173294
26.016 278.015 3.18273e-06 0.00755018 0.0172603
26.0561 323.037 3.18075e-06 0.00951816 0.0158056
26.0961 323.037 3.17858e-06 0.0122098 0.0161605
26.1361 260.006 3.17623e-06 0.0151042 0.0177507
26.1762 290.621 3.17394e-06 0.0174129 0.0180528
26.2162 290.621 3.17166e-06 0.0181245 0.0181257
26.2563 291.071 3.16923e-06 0.0173974 0.0173985
26.2963 335.643 3.16692e-06 0.0153981 0.0157108
26.3363 336.094 3.16484e-06 0.0124193 0.0156614
26.3764 336.094 3.1628e-06 0.00964517 0.0164198
26.4164 336.094 3.16086e-06 0.00769275 0.0165554
26.4565 336.094 3.15923e-06 0.00690416 0.0159854
26.4965 304.578 3.15777e-06 0.00767582 0.0163418
26.5365 304.578 3.15637e-06 0.00943418 0.0164291
26.5766 304.128 3.15522e-06 0.0115727 0.0161961
26.6166 349.15 3.15432e-06 0.0135824 0.016174
26.6567 349.15 3.15354e-06 0.0145072 0.0164757
26.6967 349.6 3.15295e-06 0.0141599 0.0159437
26.7367 356.804 3.15262e-06 0.0127954 0.0151135
26.7768 357.254 3.15243e-06 0.0105232 0.0150536
26.8168 356.354 3.15233e-06 0.00819473 0.0153551
26.8569 294.673 3.15236e-06 0.00659824 0.0156597
26.8969 362.657 3.15237e-06 0.00600422 0.0157326
26.9369 294.673 3.15231e-06 0.00681415 0.0160142
26.977 370.536 3.15214e-06 0.00878259 0.0148759
27.017 371.211 3.15171e-06 0.0112195 0.0143035
27.0571 301.426 3.151e-06 0.0137004 0.0157731
27.0971 307.279 3.15e-06 0.0154081 0.0158676
27.1371 308.18 3.14851e-06 0.0157755 0.0157758
27.1772 377.064 3.14647e-06 0.0149971 0.0149982
27.2172 377.515 3.14396e-06 0.0131542 0.0146588
27.2573 384.268 3.14078e-06 0.0107005 0.0148465
27.2973 384.718 3.13674e-06 0.00855986 0.0146775
27.3373 314.933 3.13202e-06 0.00714205 0.0154367
27.3774 321.236 3.1266e-06 0.00677971 0.014891
27.4174 391.021 3.12025e-06 0.00767443 0.0138477
27.4575 391.021 3.11317e-06 0.00930694 0.0142828
27.4975 391.021 3.10569e-06 0.0111969 0.0145741
27.5375 398.675 3.09763e-06 0.0128641 0.0143244
27.5776 398.675 3.08913e-06 0.0135649 0.0143365
27.6176 398.9 3.08071e-06 0.0131581 0.0140005
27.6577 398.225 3.07235e-06 0.0118351 0.014255
27.6977 404.978 3.06401e-06 0.00974033 0.0137195
27.7377 405.429 3.05614e-06 0.00755242 0.0137893
27.7778 336.094 3.04888e-06 0.00593846 0.0144445
27.8178 412.182 3.04205e-06 0.00517924 0.0142298
27.8579 413.082 3.03586e-06 0.00558572 0.0139321
27.8979 413.082 3.03052e-06 0.00704432 0.0136811
27.9379 418.935 3.0258e-06 0.00901298 0.0131242
27.978 419.386 3.02165e-06 0.011101 0.0131731
28.018 418.935 3.01819e-06 0.0127082 0.013546
28.0581 426.589 3.01515e-06 0.0132855 0.0132988
28.0981 427.039 3.01228e-06 0.0128845 0.0130271
28.1381 427.49 3.00955e-06 0.0116116 0.0130632
28.1782 426.589 3.00665e-06 0.00973364 0.0138054
28.2182 357.254 3.00323e-06 0.00795767 0.013584
28.2583 362.207 2.99927e-06 0.00674621 0.0138778
28.2983 363.107 2.99449e-06 0.00635117 0.013902
28.3383 440.996 2.98861e-06 0.00701246 0.0129799
28.3784 441.447 2.98174e-06 0.00846341 0.01285
28.4184 441.447 2.9739e-06 0.0102298 0.0128594
28.4585 441.447 2.96489e-06 0.011948 0.0128628
28.4985 371.211 2.955e-06 0.0130308 0.0130314
28.5385 447.3 2.94457e-06 0.013103 0.0131047
28.5786 447.75 2.93355e-06 0.0122723 0.0128453
28.6186 377.965 2.92223e-06 0.0106461 0.0132551
28.6587 378.415 2.91114e-06 0.00857186 0.0127701
28.6987 383.818 2.90041e-06 0.00669942 0.0125054
28.7387 384.718 2.89018e-06 0.00541208 0.0129714
28.7788 385.619 2.88094e-06 0.00496136 0.0125472
28.8188 386.069 2.87285e-06 0.00551322 0.0123479
28.8589 391.922 2.86585e-06 0.00678449 0.0115852
28.8989 391.922 2.8601e-06 0.00837429 0.0125258
28.9389 392.372 2.85565e-06 0.00992009 0.0126922
28.979 392.822 2.85216e-06 0.010897 0.0125547
29.019 398.225 2.84946e-06 0.0110292 0.0124948
29.0591 399.125 2.84736e-06 0.0104038 0.0121701
29.0991 400.476 2.8454e-06 0.00912119 0.0114084
29.1391 404.978 2.84328e-06 0.00753248 0.011943
29.1792 405.879 2.84077e-06 0.00619232 0.0117903
29.2192 406.779 2.83751e-06 0.00541606 0.0117808
29.2593 407.229 2.83337e-06 0.00542382 0.0117368
29.2993 412.407 2.82841e-06 0.00632386 0.0114337
29.3393 413.082 2.82253e-06 0.00782557 0.0117729
29.3794 413.533 2.81585e-06 0.00955288 0.0119704
29.4194 413.983 2.80877e-06 0.0111585 0.0120003
29.4595 419.836 2.80147e-06 0.0121518 0.0121528
29.4995 420.286 2.79413e-06 0.0122776 0.0122795
29.5395 421.186 2.78724e-06 0.0116098 0.0116119
29.5796 421.637 2.78104e-06 0.0102499 0.0113301
29.6196 427.039 2.77556e-06 0.00851487 0.0111862
29.6597 427.94 2.77103e-06 0.00692566 0.0112769
29.6997 428.165 2.76752e-06 0.00580785 0.0115301
29.7397 433.793 2.76477e-06 0.00537781 0.0114257
29.7798 435.143 2.76263e-06 0.00577025 0.0111085
29.8198 435.594 2.76088e-06 0.00678052 0.0108949
29.8599 436.044 2.75906e-06 0.0080697 0.0111424
29.8999 436.044 2.75684e-06 0.00933506 0.0116128
29.9399 441.447 2.75391e-06 0.0101601 0.0112319
29.98 442.347 2.74989e-06 0.0102693 0.0112397
30.02 443.247 2.74458e-06 0.00969522 0.010703
30.0601 449.1 2.73802e-06 0.00853593 0.0109632
30.1001 450.001 2.73017e-06 0.00703064 0.0108976
30.1401 450.001 2.72116e-06 0.00562963 0.0108859
30.1802 450.001 2.71149e-06 0.00466233 0.011405
30.2202 450.001 2.70148e-06 0.00432773 0.011124
30.2603 450.001 2.69146e-06 0.00476177 0.0104699
30.3003 450.001 2.68198e-06 0.00583279 0.0103137
30.3403 423.888 2.67345e-06 0.00722836 0.0105171
30.3804 423.438 2.66597e-06 0.0086649 0.010475
30.4204 429.741 2.65973e-06 0.00977245 0.0103962
30.4605 430.641 2.65478e-06 0.0102394 0.0104165
30.5005 430.641 2.65084e-06 0.0100348 0.0108048
30.5405 405.879 2.64767e-06 0.0092341 0.0108184
30.5806 437.845 2.64495e-06 0.00800571 0.0101636
30.6206 438.295 2.64223e-06 0.00672688 0.0103483
30.6607 412.632 2.63914e-06 0.00575238 0.0106754
30.7007 413.533 2.63544e-06 0.00528196 0.0107811
30.7407 445.048 2.63084e-06 0.00547414 0.0104579
30.7808 445.949 2.62527e-06 0.00630216 0.00962423
30.8208 445.949 2.61887e-06 0.00750513 0.0101069
30.8609 445.499 2.61178e-06 0.00881102 0.0102202
30.9009 421.186 2.60423e-06 0.00991946 0.010046
30.9409 421.186 2.59668e-06 0.0104916 0.010492
30.981 427.039 2.58951e-06 0.0103962 0.010397
31.021 428.165 2.58295e-06 0.009689 0.00979552
31.0611 428.84 2.57732e-06 0.00847721 0.00981577
31.1011 433.793 2.57284e-06 0.00703373 0.00983188
31.1411 434.693 2.56941e-06 0.00573091 0.00989315
31.1812 435.143 2.56689e-06 0.00481796 0.00991075
31.2212 436.044 2.56506e-06 0.00446329 0.00968685
31.2613 436.944 2.5635e-06 0.00475067 0.0096206
31.3013 440.996 2.56178e-06 0.00554106 0.00999725
31.3413 442.347 2.55953e-06 0.0065861 0.00977938
31.3814 442.347 2.55634e-06 0.00763984 0.0100561
31.4214 447.75 2.55198e-06 0.00840263 0.0099235
31.4615 449.1 2.54644e-06 0.00864561 0.0100713
31.5015 450.001 2.53973e-06 0.00834609 0.00970731
31.5415 450.001 2.53203e-06 0.00757235 0.00960657
31.5816 450.001 2.52381e-06 0.00648204 0.00934863
31.6216 450.001 2.51546e-06 0.00537608 0.00933199
31.6617 450.001 2.50733e-06 0.00454311 0.00956643
31.7017 430.191 2.49988e-06 0.00415876 0.00957588
31.7417 431.091 2.49342e-06 0.00434864 0.00926627
31.7818 436.269 2.48799e-06 0.00509187 0.00929855
31.8218 437.845 2.48358e-06 0.00618928 0.00920003
31.8619 438.295 2.48008e-06 0.00741123 0.00957656
31.9019 439.195 2.47709e-06 0.00850289 0.00938499
31.9419 440.096 2.47424e-06 0.00918805 0.00918805
31.982 444.148 2.47117e-06 0.00932458 0.00932515
32.022 445.499 2.46749e-06 0.00893402 0.00903181
32.0621 445.949 2.46294e-06 0.00809736 0.00907692
32.1021 446.849 2.45745e-06 0.00701103 0.00882731
32.1421 450.001 2.45106e-06 0.0059712 0.00934273
32.1822 450.001 2.44388e-06 0.00521583 0.00949119
32.2222 450.001 2.43633e-06 0.00489471 0.00937792
32.2623 450.001 2.42879e-06 0.00510204 0.00899425
32.3023 450.001 2.42158e-06 0.00577713 0.00844503
32.3423 431.542 2.4151e-06 0.00672141 0.00887494
32.3824 432.892 2.40967e-06 0.00772532 0.00895984
32.4224 433.793 2.40532e-06 0.00854637 0.00867624
32.4625 434.243 2.40204e-06 0.00895313 0.00895409
32.5025 434.693 2.39966e-06 0.00884783 0.00900854
32.5425 440.996 2.39787e-06 0.00826535 0.00884356
32.5826 442.347 2.39623e-06 0.00729958 0.0082654
32.6226 442.797 2.39439e-06 0.00615057 0.00859144
32.6627 443.698 2.39195e-06 0.00508709 0.00881348
32.7027 447.3 2.38861e-06 0.00431496 0.00885267
32.7427 448.2 2.38428e-06 0.00396829 0.00877049
32.7828 449.551 2.37896e-06 0.00412159 0.00833569
32.8228 449.551 2.37277e-06 0.00470203 0.00870807
32.8629 450.001 2.36608e-06 0.00553284 0.00880184
32.9029 450.001 2.35924e-06 0.00642117 0.008436
32.9429 448.65 2.3526e-06 0.00714965 0.00855816
32.983 434.243 2.34652e-06 0.00752036 0.00886694
33.023 436.494 2.34128e-06 0.0074607 0.00873964
33.0631 437.395 2.33694e-06 0.00699749 0.00817212
33.1031 438.295 2.33344e-06 0.00622362 0.00808558
33.1431 440.096 2.33061e-06 0.00532724 0.00803392
33.1832 444.148 2.3281e-06 0.00454004 0.00816543
33.2232 445.048 2.32553e-06 0.00403896 0.00831357
33.2633 446.399 2.32254e-06 0.00394068 0.00814305
33.3033 447.525 2.31881e-06 0.00429861 0.00845488
33.3433 450.001 2.3141e-06 0.00503668 0.00852051
33.3834 450.001 2.30842e-06 0.00598771 0.00814853
33.4234 450.001 2.30186e-06 0.00696922 0.00832545
33.4635 450.001 2.29466e-06 0.00777567 0.00812585
33.5035 450.001 2.28722e-06 0.00822173 0.00822349
33.5435 450.001 2.27996e-06 0.00823538 0.0082366
33.5836 450.001 2.27324e-06 0.00783828 0.0078386
33.6236 450.001 2.26736e-06 0.00710988 0.00786424
33.6637 434.693 2.26254e-06 0.00621908 0.00810626
33.7037 438.295 2.25877e-06 0.00538439 0.0082632
33.7437 439.195 2.25588e-06 0.00478118 0.00839652
33.7838 440.096 2.25363e-06 0.00452899 0.00816271
33.8238 440.996 2.25163e-06 0.00468789 0.00786595
33.8639 442.347 2.24949e-06 0.00521229 0.0076847
33.9039 446.849 2.24686e-06 0.00596212 0.00758752
33.9439 447.75 2.24351e-06 0.00677188 0.00787779
33.984 448.2 2.23929e-06 0.00745985 0.00790658
34.024 449.551 2.23426e-06 0.00784775 0.00784903
34.0641 450.001 2.22864e-06 0.00784446 0.00784542
34.1041 450.001 2.22268e-06 0.00745331 0.0074905
34.1441 450.001 2.21674e-06 0.00673926 0.00762331
34.1842 450.001 2.21119e-06 0.00583326 0.00755228
34.2242 436.494 2.20632e-06 0.00492959 0.0078263
34.2643 437.395 2.20226e-06 0.00420526 0.00781645
34.3043 440.096 2.19906e-06 0.00378237 0.00774471
34.3443 442.347 2.1966e-06 0.00373592 0.00769477
34.3844 443.247 2.19461e-06 0.00405813 0.00743279
34.4244 444.148 2.19275e-06 0.00464329 0.00763943
34.4645 445.048 2.19067e-06 0.00535129 0.00765918
34.5045 447.75 2.188e-06 0.00602124 0.0073119
34.5445 449.551 2.1845e-06 0.00649221 0.00772142
34.5846 450.001 2.18009e-06 0.00664576 0.00786547
34.6246 450.001 2.17476e-06 0.00646592 0.00763446
34.6647 450.001 2.16867e-06 0.00598976 0.00723647
34.7047 450.001 2.16216e-06 0.00531014 0.00714541
34.7447 450.001 2.15556e-06 0.00458837 0.00726652
34.7848 450.001 2.14922e-06 0.00399027 0.00740596
34.8248 450.001 2.14346e-06 0.0036416 0.00757265
34.8649 438.295 2.13853e-06 0.00362129 0.00738286
34.9049 439.195 2.13445e-06 0.00395324 0.00728018
34.9449 439.871 2.13118e-06 0.00456682 0.00744495
34.985 443.022 2.12853e-06 0.00533788 0.0072601
35.025 445.499 2.12621e-06 0.00612177 0.00710139
35.0651 446.399 2.12387e-06 0.00676381 0.0070182
35.1051 447.3 2.12121e-06 0.00713139 0.00716034
35.1451 447.75 2.11798e-06 0.00716551 0.00716552
35.1852 449.551 2.11405e-06 0.00687598 0.00711508
35.2252 450.001 2.10942e-06 0.0063281 0.0070473
35.2653 450.001 2.10425e-06 0.00564082 0.007375
35.3053 450.001 2.09876e-06 0.00497192 0.0073737
35.3453 450.001 2.09326e-06 0.00446525 0.00741558
35.3854 450.001 2.0881e-06 0.00421903 0.00729577
35.4254 450.001 2.08355e-06 0.0042892 0.00701414
35.4655 437.395 2.07975e-06 0.00466257 0.0069458
35.5055 440.996 2.07679e-06 0.0052507 0.00674855
35.5455 441.897 2.07456e-06 0.00592796 0.00663429
35.5856 442.797 2.07283e-06 0.00655938 0.0067614
35.6256 444.148 2.07129e-06 0.00700525 0.00700616
35.6657 446.849 2.06963e-06 0.00716508 0.00716508
35.7057 448.65 2.06748e-06 0.00700622 0.00700684
35.7457 449.551 2.06462e-06 0.00655798 0.00688523
35.7858 450.001 2.06093e-06 0.00589504 0.00687353
35.8258 450.001 2.0564e-06 0.00514089 0.00680748
35.8659 450.001 2.05118e-06 0.00444607 0.00685792
35.9059 450.001 2.04553e-06 0.00392581 0.00671207
35.9459 450.001 2.0398e-06 0.00366441 0.00669832
35.986 450.001 2.03427e-06 0.00370105 0.00687497
36.026 450.001 2.02926e-06 0.00400796 0.0067553
36.0661 450.001 2.02495e-06 0.0044973 0.00653933
36.1061 440.996 2.02139e-06 0.00505392 0.00658757
36.1461 444.148 2.01849e-06 0.00555767 0.00661275
36.1862 445.048 2.01608e-06 0.00588726 0.00681665
36.2262 445.499 2.01386e-06 0.00596816 0.00692603
36.2663 447.3 2.01153e-06 0.00578411 0.00674411
36.3063 450.001 2.00879e-06 0.00536826 0.0065929
36.3463 450.001 2.00544e-06 0.00479586 0.00675029
36.3864 450.001 2.00139e-06 0.00418428 0.00663433
36.4264 450.001 1.99665e-06 0.00365868 0.00676755
36.4665 450.001 1.99142e-06 0.00332045 0.00665483
36.5065 450.001 1.98593e-06 0.00323424 0.00657825
36.5465 450.001 1.98048e-06 0.00342272 0.00631443
36.5866 450.001 1.97539e-06 0.00384778 0.00624084
36.6266 450.001 1.97091e-06 0.00442056 0.00628439
36.6667 450.001 1.96715e-06 0.00503728 0.00631649
36.7067 440.096 1.96416e-06 0.00558297 0.00634626
36.7467 440.546 1.96182e-06 0.00594962 0.00644797
36.7868 442.347 1.95993e-06 0.00607541 0.00633149
36.8268 445.499 1.95819e-06 0.00594734 0.00649124
36.8669 446.849 1.95633e-06 0.0056014 0.00660536
36.9069 448.2 1.95406e-06 0.00510963 0.00645503
36.9469 449.1 1.95122e-06 0.0045817 0.00655067
36.987 450.001 1.94773e-06 0.0041327 0.00649305
37.027 450.001 1.94365e-06 0.00385314 0.0064044
37.0671 450.001 1.93913e-06 0.00380327 0.00624218
37.1071 450.001 1.93442e-06 0.00400332 0.0060197
37.1471 450.001 1.92981e-06 0.00441791 0.00596303
37.1872 450.001 1.92554e-06 0.00496828 0.00602054
37.2272 450.001 1.9218e-06 0.0055517 0.00608694
37.2673 441.897 1.91872e-06 0.00606459 0.00628518
37.3073 442.347 1.91627e-06 0.00640734 0.00643261
37.3473 443.247 1.91429e-06 0.00651443 0.00651443
37.3874 444.148 1.91258e-06 0.0063692 0.00637102
37.4274 446.399 1.91087e-06 0.00600201 0.00616898
37.4675 450.001 1.90886e-06 0.00547482 0.00595471
37.5075 450.001 1.90632e-06 0.00488681 0.00601668
37.5475 450.001 1.90312e-06 0.00434538 0.00601725
37.5876 450.001 1.8992e-06 0.00394079 0.00604834
37.6276 450.001 1.89466e-06 0.00373687 0.00596377
37.6677 450.001 1.88966e-06 0.00376292 0.00594438
37.7077 450.001 1.88449e-06 0.00400067 0.0060693
37.7477 450.001 1.8794e-06 0.00438703 0.00598395
37.7878 450.001 1.87466e-06 0.0048375 0.00591328
37.8278 450.001 1.87048e-06 0.00525803 0.00596805
37.8679 450.001 1.86695e-06 0.0055553 0.00586549
37.9079 443.247 1.86406e-06 0.0056635 0.00600351
37.9479 444.598 1.8617e-06 0.00555658 0.00613932
37.988 445.499 1.85967e-06 0.00524771 0.00605304
38.028 445.949 1.85772e-06 0.00478525 0.00607843
38.0681 446.849 1.85562e-06 0.00424955 0.00613585
38.1081 449.1 1.85317e-06 0.0037352 0.00598358
38.1481 450.001 1.85022e-06 0.00332933 0.00602181
38.1882 450.001 1.84676e-06 0.00309613 0.00587381
38.2282 450.001 1.84288e-06 0.00307223 0.00574028
38.2683 450.001 1.83873e-06 0.00325461 0.00562783
38.3083 450.001 1.83451e-06 0.00359713 0.00585636
38.3483 450.001 1.83047e-06 0.00403157 0.005892
38.3884 450.001 1.82682e-06 0.00447306 0.00582173
38.4284 450.001 1.8237e-06 0.00483638 0.00589398
38.4685 441.447 1.82115e-06 0.00505391 0.0059996
38.5085 442.347 1.81913e-06 0.00508281 0.00598472
38.5485 444.148 1.8175e-06 0.00492726 0.00576447
38.5886 446.849 1.81605e-06 0.00461764 0.00561143
38.6286 447.75 1.81454e-06 0.00421448 0.00556388
38.6687 448.65 1.81273e-06 0.00379836 0.0055067
38.7087 449.551 1.81045e-06 0.00345543 0.00547794
38.7487 450.001 1.80759e-06 0.00325071 0.00548471
38.7888 450.001 1.80416e-06 0.00322767 0.00546105
38.8288 450.001 1.80025e-06 0.00339902 0.00551248
38.8689 450.001 1.79603e-06 0.00373771 0.00556897
38.9089 450.001 1.79172e-06 0.0041876 0.00548791
38.9489 450.001 1.78757e-06 0.00467401 0.00563036
38.989 450.001 1.78377e-06 0.00511874 0.00557851
39.029 450.001 1.78046e-06 0.00544478 0.0056397
39.0691 450.001 1.77769e-06 0.00560048 0.00561969
39.1091 445.499 1.77542e-06 0.00556379 0.00556387
39.1491 446.399 1.7735e-06 0.00535131 0.00556528
39.1892 448.2 1.77173e-06 0.00500308 0.00560762
39.2292 450.001 1.76991e-06 0.00458641 0.00547961
39.2693 450.001 1.76779e-06 0.00418017 0.00556926
39.3093 450.001 1.76523e-06 0.00385745 0.00547415
39.3493 450.001 1.76214e-06 0.00367664 0.00545239
39.3894 450.001 1.75852e-06 0.00366863 0.00540864
39.4294 450.001 1.75448e-06 0.00383403 0.00554734
39.4695 450.001 1.75018e-06 0.00414092 0.00550904
39.5095 450.001 1.74585e-06 0.00453069 0.0053203
39.5495 450.001 1.7417e-06 0.00493361 0.00537124
39.5896 450.001 1.73792e-06 0.00527615 0.00547082
39.6296 450.001 1.73465e-06 0.00549441 0.00551496
39.6697 450.001 1.73192e-06 0.00554564 0.00554638
39.7097 445.949 1.7297e-06 0.00542006 0.00542006
39.7497 446.849 1.72785e-06 0.00513521 0.00531943
39.7898 447.3 1.72619e-06 0.00473372 0.00530764
39.8298 448.2 1.72453e-06 0.00427994 0.00520134
39.8699 449.551 1.72265e-06 0.00384814 0.00523798
39.9099 450.001 1.72044e-06 0.00350167 0.00512033
39.9499 450.001 1.71779e-06 0.00328976 0.00524788
39.99 450.001 1.71473e-06 0.00323973 0.00534811
40.03 450.001 1.71134e-06 0.00334904 0.00528803
40.0701 450.001 1.70779e-06 0.00358551 0.00532386
40.1101 450.001 1.70426e-06 0.00389701 0.00537625
40.1502 450.001 1.70092e-06 0.00422122 0.00530368
40.1902 450.001 1.69794e-06 0.00449323 0.00536277
40.2302 450.001 1.69542e-06 0.00465774 0.00532654
40.2703 450.001 1.69335e-06 0.00468185 0.00531045
40.3103 450.001 1.69166e-06 0.00455602 0.00520872
40.3504 450.001 1.69021e-06 0.00429956 0.00505149
40.3904 450.001 1.68881e-06 0.00395272 0.00505867
40.4304 450.001 1.68726e-06 0.00357029 0.00507707
40.4705 450.001 1.68537e-06 0.00321728 0.00500652
40.5105 450.001 1.68301e-06 0.00295069 0.00503302
40.5506 450.001 1.68013e-06 0.00281253 0.0050028
40.5906 450.001 1.67675e-06 0.00282228 0.00501221
40.6306 450.001 1.67299e-06 0.00297784 0.00487084
40.6707 450.001 1.66902e-06 0.00324869 0.00490608
40.7107 450.001 1.66503e-06 0.00358742 0.00494859
40.7508 450.001 1.66122e-06 0.00393626 0.00501463
40.7908 450.001 1.65776e-06 0.00423687 0.00504364
40.8308 450.001 1.65477e-06 0.0044408 0.00511448
40.8709 450.001 1.65224e-06 0.00451433 0.00513466
40.9109 450.001 1.65014e-06 0.00445285 0.00500999
40.951 450.001 1.64834e-06 0.0042672 0.00485222
40.991 450.001 1.64668e-06 0.00399775 0.00496755
41.031 450.001 1.64494e-06 0.00369114 0.00494287
41.0711 450.001 1.64298e-06 0.00340813 0.00481345
41.1111 450.001 1.64066e-06 0.00319943 0.00501011
41.1512 450.001 1.63792e-06 0.00310602 0.00508208
41.1912 450.001 1.63479e-06 0.00314593 0.00501297
41.2312 450.001 1.63134e-06 0.00332146 0.00502988
41.2713 450.001 1.62773e-06 0.00360475 0.00510242
41.3113 450.001 1.62414e-06 0.00395524 0.00503121
41.3514 450.001 1.62073e-06 0.00431787 0.00506608
41.3914 450.001 1.61765e-06 0.00464061 0.00504248
41.4314 450.001 1.61499e-06 0.00487161 0.00502835
41.4715 450.001 1.61277e-06 0.00497772 0.00499996
41.5115 445.949 1.61095e-06 0.00494641 0.00494641
41.5516 447.3 1.6094e-06 0.00478745 0.00488254
41.5916 448.2 1.60798e-06 0.00452834 0.00482898
41.6316 450.001 1.60651e-06 0.00421329 0.00468075
41.6717 450.001 1.60485e-06 0.00389639 0.00474367
41.7117 450.001 1.60287e-06 0.00362882 0.0047237
41.7518 450.001 1.60053e-06 0.00345245 0.00466814
41.7918 450.001 1.59783e-06 0.00339481 0.00460557
41.8318 450.001 1.59487e-06 0.00346188 0.00454511
41.8719 450.001 1.59177e-06 0.00364171 0.00455956
41.9119 450.001 1.58867e-06 0.00390129 0.0045427
41.952 450.001 1.58574e-06 0.0041929 0.00466514
41.992 450.001 1.5831e-06 0.00447008 0.00467862
42.032 450.001 1.58081e-06 0.00468212 0.00475614
42.0721 450.001 1.57889e-06 0.00479375 0.00479414
42.1121 450.001 1.57728e-06 0.0047821 0.00478273
42.1522 450.001 1.57587e-06 0.00464791 0.00464795
42.1922 450.001 1.5745e-06 0.00440752 0.00460326
42.2322 450.001 1.57302e-06 0.00409368 0.00449354
42.2723 450.001 1.57127e-06 0.00375251 0.00460593
42.3123 450.001 1.56915e-06 0.0034327 0.00472314
42.3524 450.001 1.5666e-06 0.00317752 0.00472032
42.3924 450.001 1.56365e-06 0.00301957 0.0046003
42.4324 450.001 1.56037e-06 0.00297521 0.00473703
42.4725 450.001 1.55689e-06 0.00304413 0.00476534
42.5125 450.001 1.55337e-06 0.00320615 0.00468167
42.5526 450.001 1.54999e-06 0.00342865 0.00474527
42.5926 450.001 1.54687e-06 0.00366779 0.00473216
42.6326 450.001 1.54411e-06 0.00387948 0.00471286
42.6727 450.001 1.54175e-06 0.00402701 0.00468936
42.7127 450.001 1.53976e-06 0.00407914 0.00467567
42.7528 450.001 1.53806e-06 0.00402669 0.00463073
42.7928 450.001 1.53652e-06 0.00387485 0.00449388
42.8328 450.001 1.535e-06 0.00364408 0.00443191
42.8729 450.001 1.53335e-06 0.00336775 0.00443505
42.9129 450.001 1.53146e-06 0.00308752 0.00442102
42.953 450.001 1.52926e-06 0.00284644 0.00442586
42.993 450.001 1.52675e-06 0.00267807 0.00445777
43.033 450.001 1.52397e-06 0.00260664 0.00443081
43.0731 450.001 1.52101e-06 0.00264164 0.00437175
43.1131 450.001 1.51801e-06 0.00277534 0.00439848
43.1532 450.001 1.51509e-06 0.00298614 0.00444281
43.1932 450.001 1.5124e-06 0.00323892 0.00446073
43.2332 450.001 1.51e-06 0.00349513 0.00441042
43.2733 450.001 1.50795e-06 0.00371528 0.0044449
43.3133 450.001 1.50623e-06 0.00386728 0.00450152
43.3534 446.399 1.50478e-06 0.00392846 0.00452599
43.3934 447.3 1.50347e-06 0.00389337 0.00444536
43.4334 448.65 1.5022e-06 0.00377039 0.00428658
43.4735 450.001 1.50083e-06 0.00358176 0.00427863
43.5135 450.001 1.49924e-06 0.00336032 0.00429153
43.5536 450.001 1.49738e-06 0.00314379 0.00430317
43.5936 450.001 1.49522e-06 0.00296911 0.00422155
43.6336 450.001 1.49279e-06 0.00286722 0.00430202
43.6737 450.001 1.49017e-06 0.00285693 0.00436902
43.7137 450.001 1.48747e-06 0.00294344 0.00433476
43.7538 450.001 1.48481e-06 0.00311755 0.00433641
43.7938 450.001 1.48231e-06 0.0033556 0.00438856
43.8338 450.001 1.48006e-06 0.00362625 0.00434293
43.8739 450.001 1.4781e-06 0.00389198 0.00437695
43.9139 450.001 1.47642e-06 0.0041156 0.00435319
43.954 450.001 1.47497e-06 0.00426767 0.00435932
43.994 450.001 1.47366e-06 0.00432933 0.0043389
44.034 450.001 1.47237e-06 0.00429421 0.0042948
44.0741 450.001 1.47096e-06 0.00417156 0.00430592
44.1141 450.001 1.46934e-06 0.00398235 0.00428671
44.1542 450.001 1.46741e-06 0.0037556 0.0042659
44.1942 450.001 1.46515e-06 0.00352844 0.00428561
44.2342 450.001 1.46257e-06 0.0033357 0.00426591
44.2743 450.001 1.45973e-06 0.00320491 0.00421443
44.3143 450.001 1.45674e-06 0.00315641 0.00414468
44.3544 450.001 1.45373e-06 0.00319696 0.00423505
44.3944 450.001 1.45082e-06 0.00331975 0.00429682
44.4344 450.001 1.44811e-06 0.00350495 0.00426711
44.4745 450.001 1.4457e-06 0.00372323 0.00415514
44.5145 450.001 1.4436e-06 0.0039433 0.00415652
44.5546 450.001 1.4418e-06 0.00413001 0.00421358
44.5946 450.001 1.44024e-06 0.00425523 0.00426477
44.6346 450.001 1.43882e-06 0.00429804 0.00429804
44.6747 450.001 1.43744e-06 0.00425202 0.00425202
44.7147 450.001 1.43598e-06 0.00412129 0.00412135
44.7548 450.001 1.43434e-06 0.00392204 0.00399638
44.7948 450.001 1.43248e-06 0.00368092 0.00400974
44.8348 450.001 1.43036e-06 0.00342859 0.00403797
44.8749 450.001 1.42803e-06 0.00319861 0.00398993
44.9149 450.001 1.42553e-06 0.00301881 0.00392872
44.955 450.001 1.42297e-06 0.00290875 0.00393434
44.995 450.001 1.42045e-06 0.00287959 0.00391399
45.035 450.001 1.41808e-06 0.00293034 0.00400416
45.0751 450.001 1.41592e-06 0.00304626 0.00402089
45.1151 450.001 1.41403e-06 0.0032052 0.00401314
45.1552 450.001 1.41241e-06 0.00337891 0.00400711
45.1952 450.001 1.41103e-06 0.00353784 0.00406456
45.2352 448.2 1.4098e-06 0.00365361 0.00405641
45.2753 448.65 1.40864e-06 0.00370545 0.0040281
45.3153 449.1 1.40744e-06 0.00368403 0.00412011
45.3554 450.001 1.40611e-06 0.00358777 0.00413995
45.3954 450.001 1.40458e-06 0.00342854 0.00407695
45.4354 450.001 1.40281e-06 0.00322472 0.00413117
45.4755 450.001 1.40081e-06 0.00300343 0.00412497
45.5155 450.001 1.39862e-06 0.00279213 0.00406806
45.5556 450.001 1.39631e-06 0.00261905 0.00406535
45.5956 450.001 1.39398e-06 0.00250421 0.0039862
45.6356 450.001 1.39172e-06 0.00246165 0.0039352
45.6757 450.001 1.38961e-06 0.0024922 0.00392559
45.7157 450.001 1.38772e-06 0.00259007 0.00384989
45.7558 450.001 1.38606e-06 0.00273842 0.00380571
45.7958 450.001 1.38463e-06 0.00291248 0.0038901
45.8358 450.001 1.38335e-06 0.00308684 0.0039111
45.8759 450.001 1.38217e-06 0.00323681 0.00397516
45.9159 450.001 1.38097e-06 0.00333861 0.00405226
45.956 450.001 1.37966e-06 0.00337924 0.00408173
45.996 450.001 1.37816e-06 0.00335271 0.00403537
46.036 450.001 1.37641e-06 0.00326451 0.00391923
46.0761 450.001 1.37439e-06 0.00312727 0.00387394
46.1161 450.001 1.37211e-06 0.00296323 0.003899
46.1562 450.001 1.36964e-06 0.00279615 0.00385554
46.1962 450.001 1.36706e-06 0.00265134 0.00379297
46.2362 450.001 1.36445e-06 0.0025503 0.00378805
46.2763 450.001 1.36193e-06 0.00250943 0.00380775
46.3163 450.001 1.35958e-06 0.00253723 0.00384978
46.3564 450.001 1.35745e-06 0.00262998 0.00382862
46.3964 450.001 1.35558e-06 0.00277763 0.00374515
46.4364 450.001 1.35395e-06 0.00296281 0.00371612
46.4765 450.001 1.35251e-06 0.00316147 0.00377046
46.5165 450.001 1.35119e-06 0.00334865 0.00375719
46.5566 450.001 1.3499e-06 0.00350264 0.00376346
46.5966 450.001 1.34856e-06 0.00360489 0.00385235
46.6366 450.001 1.34708e-06 0.00364259 0.00388078
46.6767 450.001 1.34542e-06 0.00361624 0.00383778
46.7167 450.001 1.34357e-06 0.00353102 0.00389043
46.7568 450.001 1.34152e-06 0.00340236 0.00391434
46.7968 450.001 1.33933e-06 0.00325084 0.00386971
46.8368 450.001 1.33708e-06 0.00309789 0.00387958
46.8769 450.001 1.33483e-06 0.00296861 0.00385924
46.9169 450.001 1.33268e-06 0.00288226 0.00379919
46.957 450.001 1.3307e-06 0.00285087 0.00375812
46.997 450.001 1.32892e-06 0.00288248 0.00366056
47.037 450.001 1.32736e-06 0.00297352 0.00363943
47.0771 450.001 1.32602e-06 0.00311237 0.00363813
47.1171 450.001 1.32483e-06 0.00328147 0.00358108
47.1572 450.001 1.32372e-06 0.00346178 0.00366635
47.1972 450.001 1.32263e-06 0.00362759 0.00372928
47.2372 450.001 1.32147e-06 0.00375895 0.00376332
47.2773 450.001 1.32017e-06 0.00383897 0.00383897
47.3173 450.001 1.3187e-06 0.00385705 0.00385781
47.3574 450.001 1.31705e-06 0.00381343 0.00381343
47.3974 450.001 1.31521e-06 0.00371066 0.00375663
47.4374 450.001 1.31325e-06 0.00356598 0.00374112
47.4775 450.001 1.31123e-06 0.00339582 0.00366816
47.5175 450.001 1.30923e-06 0.00322192 0.00368976
47.5576 450.001 1.30731e-06 0.00306575 0.00369106
47.5976 450.001 1.30555e-06 0.00294586 0.00369773
47.6376 450.001 1.30396e-06 0.00287586 0.00364515
47.6777 450.001 1.30257e-06 0.00286231 0.00358985
47.7177 450.001 1.30135e-06 0.00290414 0.0035266
47.7578 450.001 1.30024e-06 0.00299319 0.0034766
47.7978 450.001 1.29919e-06 0.00311397 0.00348644
47.8378 450.001 1.2981e-06 0.00324799 0.00357885
47.8779 450.001 1.29692e-06 0.00337395 0.00362369
47.9179 450.001 1.29556e-06 0.00347545 0.00361584
47.958 450.001 1.29399e-06 0.00353447 0.00355555
47.998 450.001 1.2922e-06 0.00354086 0.00354086
48.038 450.001 1.29021e-06 0.00349193 0.00354948
48.0781 450.001 1.28806e-06 0.00339003 0.00357622
48.1181 450.001 1.28581e-06 0.00324755 0.00356412
48.1582 450.001 1.28356e-06 0.00308012 0.00357789
48.1982 450.001 1.28137e-06 0.00290447 0.00358365
48.2382 450.001 1.27932e-06 0.00274124 0.003608
48.2783 450.001 1.27744e-06 0.00260608 0.00359908
48.3183 450.001 1.27577e-06 0.00251468 0.00353916
48.3584 450.001 1.27428e-06 0.00247397 0.00360296
48.3984 450.001 1.27295e-06 0.00248444 0.00361427
48.4384 450.001 1.27171e-06 0.00254136 0.00357531
48.4785 450.001 1.27051e-06 0.00263387 0.00350751
48.5185 450.001 1.26926e-06 0.00274513 0.00350649
48.5586 450.001 1.26791e-06 0.00285879 0.00345695
48.5986 450.001 1.26641e-06 0.00295684 0.00343753
48.6386 450.001 1.26474e-06 0.00302588 0.00352724
48.6787 450.001 1.26291e-06 0.00305304 0.00357548
48.7187 450.001 1.26095e-06 0.0030327 0.00357083
48.7588 450.001 1.25892e-06 0.00296785 0.00351647
48.7988 450.001 1.25687e-06 0.00286492 0.00345228
48.8388 450.001 1.25487e-06 0.00273427 0.00351478
48.8789 450.001 1.253e-06 0.0025937 0.00352912
48.9189 450.001 1.25128e-06 0.00245835 0.00357833
48.959 450.001 1.24974e-06 0.00234533 0.00358959
48.999 450.001 1.24839e-06 0.00226721 0.00355172
49.039 450.001 1.24719e-06 0.00223315 0.00353157
49.0791 450.001 1.24609e-06 0.00224661 0.00346975
49.1191 450.001 1.24505e-06 0.00230484 0.00339197
49.1592 450.001 1.24398e-06 0.00240094 0.00337801
49.1992 450.001 1.24285e-06 0.00252062 0.00341072
49.2392 450.001 1.24159e-06 0.00265059 0.00339934
49.2793 450.001 1.24019e-06 0.00277365 0.0033414
49.3193 450.001 1.23865e-06 0.00287517 0.00341184
49.3594 450.001 1.23698e-06 0.00294248 0.0034632
49.3994 450.001 1.23524e-06 0.00297017 0.0034681
49.4394 450.001 1.23348e-06 0.0029551 0.0034254
49.4795 450.001 1.23175e-06 0.00289973 0.00334957
49.5195 450.001 1.23011e-06 0.0028148 0.00335462
49.5596 450.001 1.22861e-06 0.00270998 0.00333886
49.5996 450.001 1.22726e-06 0.00260237 0.00337103
49.6396 450.001 1.22607e-06 0.00250636 0.00335806
49.6797 450.001 1.22501e-06 0.00243528 0.00336923
49.7197 450.001 1.22405e-06 0.00240012 0.0034308
49.7598 450.001 1.22312e-06 0.00240702 0.00344494
49.7998 450.001 1.22217e-06 0.00245655 0.00341807
49.8398 450.001 1.22113e-06 0.00254545 0.00338205
49.8799 450.001 1.21995e-06 0.00266389 0.00339815
49.9199 450.001 1.2186e-06 0.00279896 0.00337151
49.96 450.001 1.21707e-06 0.00293654 0.00330511
50 450.001 1.21538e-06 0.00306258 0.00326037
