#S 1 scored data
#N 5
#L  distance  fwhm  total_intensity  on_axis_intensity  peak_intensity
10 52.9016 5.14826e-07 0.00908885 0.00908885
10.04 52.9016 5.14827e-07 0.00912643 0.00912643
10.0801 52.4513 5.14827e-07 0.00916439 0.00916457
10.1201 52.4513 5.14827e-07 0.0092025 0.0092025
10.1602 52.0011 5.14826e-07 0.00924122 0.00924129
10.2002 52.0011 5.14826e-07 0.0092799 0.00927999
10.2402 51.5509 5.14826e-07 0.00931924 0.00931924
10.2803 51.5509 5.14827e-07 0.00935858 0.00935874
10.3203 51.1007 5.14827e-07 0.00939873 0.00939873
10.3604 51.1007 5.14827e-07 0.0094387 0.00943874
10.4004 50.6504 5.14827e-07 0.00947927 0.00947936
10.4404 50.6504 5.14827e-07 0.00952006 0.00952006
10.4805 50.2002 5.14827e-07 0.00956135 0.00956141
10.5205 50.2002 5.14826e-07 0.00960281 0.00960281
10.5606 49.75 5.14827e-07 0.00964451 0.00964462
10.6006 49.75 5.14827e-07 0.0096868 0.00968682
10.6406 49.2997 5.14826e-07 0.00972938 0.00972938
10.6807 49.2997 5.14826e-07 0.00977238 0.00977238
10.7207 48.8495 5.14826e-07 0.00981557 0.00981559
10.7608 48.8495 5.14827e-07 0.00985934 0.00985934
10.8008 48.3993 5.14827e-07 0.00990312 0.00990323
10.8408 48.3993 5.14826e-07 0.00994767 0.00994767
10.8809 48.3993 5.14827e-07 0.00999262 0.00999262
10.9209 47.9491 5.14826e-07 0.0100375 0.0100375
10.961 47.9491 5.14826e-07 0.0100834 0.0100834
11.001 47.4988 5.14827e-07 0.0101291 0.0101291
11.041 47.4988 5.14826e-07 0.0101754 0.0101754
11.0811 47.0486 5.14827e-07 0.0102223 0.0102223
11.1211 47.0486 5.14826e-07 0.0102694 0.0102694
11.1612 46.5984 5.14827e-07 0.0103169 0.0103169
11.2012 46.5984 5.14827e-07 0.0103651 0.0103651
11.2412 46.1482 5.14826e-07 0.0104136 0.0104136
11.2813 46.1482 5.14826e-07 0.0104622 0.0104624
11.3213 45.6979 5.14827e-07 0.0105118 0.010512
11.3614 45.6979 5.14827e-07 0.0105614 0.0105614
11.4014 45.2477 5.14827e-07 0.0106119 0.0106119
11.4414 45.2477 5.14827e-07 0.0106622 0.0106623
11.4815 44.7975 5.14827e-07 0.0107135 0.0107135
11.5215 44.7975 5.14826e-07 0.0107653 0.0107653
11.5616 44.3473 5.14828e-07 0.0108174 0.0108174
11.6016 44.3473 5.14827e-07 0.0108698 0.0108698
11.6416 43.897 5.14827e-07 0.0109228 0.0109228
11.6817 43.897 5.14827e-07 0.0109763 0.0109763
11.7217 43.4468 5.14827e-07 0.0110304 0.0110304
11.7618 43.4468 5.14826e-07 0.011085 0.011085
11.8018 42.9966 5.14827e-07 0.0111399 0.0111399
11.8418 42.9966 5.14827e-07 0.0111955 0.0111955
11.8819 42.5464 5.14827e-07 0.0112517 0.0112517
11.9219 42.5464 5.14827e-07 0.0113082 0.0113082
11.962 42.5464 5.14827e-07 0.0113654 0.0113654
12.002 42.0961 5.14827e-07 0.0114231 0.0114231
12.042 42.0961 5.14827e-07 0.0114814 0.0114814
12.0821 41.6459 5.14827e-07 0.0115401 0.0115401
12.1221 41.6459 5.14827e-07 0.0115995 0.0115995
12.1622 41.1957 5.14827e-07 0.0116594 0.0116594
12.2022 41.1957 5.14827e-07 0.0117201 0.0117201
12.2422 40.7455 5.14827e-07 0.0117812 0.0117813
12.2823 40.7455 5.14827e-07 0.0118429 0.011843
12.3223 40.2952 5.14827e-07 0.0119053 0.0119053
12.3624 40.2952 5.14827e-07 0.0119681 0.0119681
12.4024 39.845 5.14827e-07 0.0120316 0.0120318
12.4424 39.845 5.14826e-07 0.0120959 0.0120959
12.4825 39.3948 5.14827e-07 0.0121608 0.0121609
12.5225 39.3948 5.14827e-07 0.0122264 0.0122264
12.5626 38.9445 5.14827e-07 0.0122924 0.0122924
12.6026 38.9445 5.14827e-07 0.0123594 0.0123594
12.6426 38.4943 5.14827e-07 0.012427 0.012427
12.6827 38.4943 5.14827e-07 0.0124951 0.0124952
12.7227 38.2692 5.14827e-07 0.0125642 0.0125642
12.7628 38.0441 5.14827e-07 0.0126337 0.0126338
12.8028 38.0441 5.14827e-07 0.0127041 0.0127042
12.8428 37.5939 5.14827e-07 0.0127751 0.0127751
12.8829 37.5939 5.14827e-07 0.0128467 0.0128469
12.9229 37.1436 5.14827e-07 0.0129195 0.0129195
12.963 37.1436 5.14827e-07 0.0129928 0.0129928
13.003 36.6934 5.14827e-07 0.0130667 0.0130668
13.043 36.6934 5.14827e-07 0.0131418 0.0131418
13.0831 36.2432 5.14827e-07 0.0132176 0.0132176
13.1231 36.2432 5.14827e-07 0.0132938 0.0132938
13.1632 35.793 5.14826e-07 0.013371 0.013371
13.2032 35.793 5.14827e-07 0.0134493 0.0134493
13.2432 35.3427 5.14827e-07 0.0135281 0.0135281
13.2833 35.3427 5.14827e-07 0.0136078 0.0136079
13.3233 34.8925 5.14827e-07 0.0136885 0.0136886
13.3634 34.8925 5.14827e-07 0.0137699 0.0137699
13.4034 34.8925 5.14827e-07 0.0138526 0.0138526
13.4434 34.4423 5.14827e-07 0.0139356 0.0139356
13.4835 34.4423 5.14827e-07 0.0140197 0.0140199
13.5235 33.9921 5.14827e-07 0.0141049 0.0141051
13.5636 33.9921 5.14827e-07 0.0141911 0.0141911
13.6036 33.5418 5.14827e-07 0.0142781 0.0142781
13.6436 33.5418 5.14827e-07 0.0143663 0.0143664
13.6837 33.0916 5.14827e-07 0.0144552 0.0144553
13.7237 33.0916 5.14827e-07 0.0145451 0.0145453
13.7638 32.6414 5.14827e-07 0.0146363 0.0146363
13.8038 32.6414 5.14827e-07 0.0147282 0.0147282
13.8438 32.1912 5.14826e-07 0.0148211 0.0148211
13.8839 32.1912 5.14827e-07 0.0149153 0.0149153
13.9239 32.1912 5.14827e-07 0.0150104 0.0150106
13.964 31.7409 5.14826e-07 0.0151068 0.0151068
14.004 31.7409 5.14827e-07 0.0152039 0.015204
14.044 31.2907 5.14827e-07 0.0153026 0.0153026
14.0841 31.2907 5.14827e-07 0.0154022 0.0154022
14.1241 30.8405 5.14827e-07 0.0155029 0.0155029
14.1642 30.8405 5.14827e-07 0.0156049 0.0156049
14.2042 30.3903 5.14827e-07 0.0157079 0.0157079
14.2442 30.3903 5.14827e-07 0.0158122 0.0158122
14.2843 29.94 5.14827e-07 0.0159178 0.0159178
14.3243 29.94 5.14827e-07 0.0160243 0.0160243
14.3644 29.94 5.14827e-07 0.0161325 0.0161325
14.4044 29.4898 5.14827e-07 0.0162415 0.0162417
14.4444 29.4898 5.14827e-07 0.0163525 0.0163525
14.4845 29.0396 5.14827e-07 0.0164642 0.0164642
14.5245 29.0396 5.14827e-07 0.0165774 0.0165774
14.5646 28.5894 5.14827e-07 0.0166915 0.0166916
14.6046 28.5894 5.14827e-07 0.0168077 0.0168077
14.6446 28.1391 5.14827e-07 0.016925 0.016925
14.6847 28.1391 5.14827e-07 0.0170435 0.0170435
14.7247 28.1391 5.14827e-07 0.0171636 0.0171636
14.7648 27.6889 5.14827e-07 0.017285 0.0172851
14.8048 27.6889 5.14827e-07 0.017408 0.017408
14.8448 27.2387 5.14827e-07 0.0175323 0.0175325
14.8849 27.2387 5.14827e-07 0.0176582 0.0176582
14.9249 26.7884 5.14827e-07 0.0177856 0.0177856
14.965 26.7884 5.14827e-07 0.0179145 0.0179146
15.005 26.7884 5.14827e-07 0.018045 0.018045
15.045 26.3382 5.14827e-07 0.0181771 0.0181771
15.0851 26.3382 5.14827e-07 0.0183109 0.0183109
15.1251 25.888 5.14827e-07 0.018446 0.018446
15.1652 25.888 5.14827e-07 0.0185828 0.0185828
15.2052 25.4378 5.14827e-07 0.0187212 0.0187212
15.2452 25.4378 5.14827e-07 0.0188615 0.0188615
15.2853 25.4378 5.14827e-07 0.0190033 0.0190033
15.3253 24.9875 5.14827e-07 0.0191469 0.0191469
15.3654 24.9875 5.14827e-07 0.0192921 0.0192922
15.4054 24.5373 5.14827e-07 0.0194393 0.0194393
15.4454 24.5373 5.14827e-07 0.0195879 0.0195879
15.4855 24.0871 5.14827e-07 0.0197384 0.0197384
15.5255 24.0871 5.14827e-07 0.0198907 0.0198908
15.5656 24.0871 5.14826e-07 0.0200448 0.0200451
15.6056 23.6369 5.14827e-07 0.0202008 0.0202008
15.6456 23.6369 5.14826e-07 0.0203584 0.0203585
15.6857 23.1866 5.14827e-07 0.0205182 0.0205182
15.7257 23.1866 5.14827e-07 0.0206795 0.0206797
15.7658 23.1866 5.14827e-07 0.020843 0.020843
15.8058 22.7364 5.14827e-07 0.0210082 0.0210082
15.8458 22.7364 5.14827e-07 0.0211751 0.0211752
15.8859 22.2862 5.14827e-07 0.021344 0.0213442
15.9259 22.2862 5.14827e-07 0.021515 0.021515
15.966 22.2862 5.14827e-07 0.0216885 0.0216885
16.006 21.836 5.14827e-07 0.0218629 0.0218631
16.046 21.836 5.14827e-07 0.0220395 0.0220397
16.0861 21.3857 5.14827e-07 0.0222181 0.0222181
16.1261 21.3857 5.14826e-07 0.0223985 0.0223985
16.1662 21.3857 5.14827e-07 0.0225814 0.0225814
16.2062 20.9355 5.14826e-07 0.0227658 0.0227658
16.2462 20.9355 5.14827e-07 0.022952 0.0229524
16.2863 20.4853 5.14827e-07 0.0231404 0.0231404
16.3263 20.4853 5.14827e-07 0.0233307 0.023331
16.3664 20.4853 5.14827e-07 0.0235227 0.0235228
16.4064 20.0351 5.14826e-07 0.0237166 0.0237166
16.4464 20.0351 5.14826e-07 0.0239124 0.0239126
16.4865 20.0351 5.14826e-07 0.02411 0.02411
16.5265 19.5848 5.14826e-07 0.0243098 0.0243098
16.5666 19.5848 5.14827e-07 0.024511 0.0245111
16.6066 19.1346 5.14827e-07 0.0247139 0.024714
16.6466 19.1346 5.14827e-07 0.0249188 0.0249188
16.6867 19.1346 5.14827e-07 0.025125 0.0251254
16.7267 18.6844 5.14826e-07 0.0253332 0.0253334
16.7668 18.6844 5.14826e-07 0.0255427 0.0255429
16.8068 18.6844 5.14827e-07 0.0257539 0.0257539
16.8468 18.2342 5.14826e-07 0.0259662 0.0259662
16.8869 18.2342 5.14827e-07 0.0261804 0.0261804
16.9269 18.2342 5.14827e-07 0.0263955 0.0263957
16.967 17.7839 5.14827e-07 0.026612 0.026612
17.007 17.7839 5.14827e-07 0.0268298 0.0268298
17.047 17.7839 5.14827e-07 0.0270487 0.0270489
17.0871 17.3337 5.14827e-07 0.0272682 0.0272684
17.1271 17.3337 5.14826e-07 0.0274889 0.0274892
17.1672 17.3337 5.14826e-07 0.0277104 0.0277104
17.2072 16.8835 5.14827e-07 0.0279321 0.0279322
17.2472 16.8835 5.14827e-07 0.0281547 0.0281548
17.2873 16.8835 5.14826e-07 0.028377 0.0283772
17.3273 16.8835 5.14826e-07 0.0286002 0.0286004
17.3674 16.4332 5.14826e-07 0.0288231 0.0288232
17.4074 16.4332 5.14827e-07 0.0290462 0.0290462
17.4474 16.4332 5.14827e-07 0.0292689 0.0292689
17.4875 15.983 5.14827e-07 0.0294907 0.0294908
17.5275 15.983 5.14827e-07 0.0297124 0.0297125
17.5676 15.983 5.14827e-07 0.0299329 0.029933
17.6076 15.983 5.14826e-07 0.0301525 0.0301528
17.6476 15.5328 5.14827e-07 0.0303711 0.0303711
17.6877 15.5328 5.14827e-07 0.0305875 0.0305877
17.7277 15.5328 5.14827e-07 0.0308027 0.0308027
17.7678 15.5328 5.14827e-07 0.0310156 0.0310156
17.8078 15.0826 5.14827e-07 0.0312265 0.0312267
17.8478 15.0826 5.14827e-07 0.0314346 0.0314347
17.8879 15.0826 5.14826e-07 0.0316404 0.0316404
17.9279 15.0826 5.14827e-07 0.0318428 0.0318428
17.968 15.0826 5.14827e-07 0.0320417 0.0320419
18.008 14.6323 5.14826e-07 0.0322371 0.0322372
18.048 14.6323 5.14827e-07 0.032429 0.032429
18.0881 14.6323 5.14826e-07 0.0326162 0.0326163
18.1281 14.6323 5.14827e-07 0.0327993 0.0327993
18.1682 14.6323 5.14827e-07 0.0329773 0.0329775
18.2082 14.1821 5.14827e-07 0.0331503 0.0331504
18.2482 14.1821 5.14827e-07 0.0333179 0.0333181
18.2883 14.1821 5.14827e-07 0.0334798 0.0334799
18.3283 14.1821 5.14827e-07 0.0336356 0.0336356
18.3684 14.1821 5.14827e-07 0.033785 0.0337852
18.4084 14.1821 5.14827e-07 0.0339279 0.033928
18.4484 14.1821 5.14827e-07 0.034064 0.034064
18.4885 13.7319 5.14827e-07 0.0341928 0.0341928
18.5285 13.7319 5.14827e-07 0.0343141 0.0343141
18.5686 13.7319 5.14827e-07 0.0344278 0.0344278
18.6086 13.7319 5.14827e-07 0.0345333 0.0345334
18.6486 13.7319 5.14827e-07 0.0346309 0.034631
18.6887 13.7319 5.14827e-07 0.0347198 0.0347198
18.7287 13.7319 5.14827e-07 0.0348004 0.0348004
18.7688 13.7319 5.14827e-07 0.0348719 0.0348719
18.8088 13.7319 5.14827e-07 0.0349346 0.0349346
18.8488 13.7319 5.14826e-07 0.0349881 0.0349881
18.8889 13.7319 5.14827e-07 0.0350324 0.0350325
18.9289 13.7319 5.14827e-07 0.0350674 0.0350674
18.969 13.7319 5.14827e-07 0.0350928 0.0350929
19.009 13.7319 5.14827e-07 0.0351089 0.0351089
19.049 13.7319 5.14827e-07 0.0351154 0.0351154
19.0891 13.7319 5.14827e-07 0.0351122 0.0351122
19.1291 13.7319 5.14827e-07 0.0350996 0.0350996
19.1692 13.7319 5.14827e-07 0.0350774 0.0350774
19.2092 13.7319 5.14827e-07 0.0350457 0.0350457
19.2492 13.7319 5.14827e-07 0.0350047 0.0350047
19.2893 13.7319 5.14827e-07 0.0349544 0.0349544
19.3293 13.7319 5.14827e-07 0.0348949 0.0348949
19.3694 13.7319 5.14827e-07 0.0348263 0.0348263
19.4094 13.7319 5.14827e-07 0.034749 0.034749
19.4494 13.7319 5.14826e-07 0.0346629 0.0346629
19.4895 13.7319 5.14826e-07 0.0345683 0.0345683
19.5295 13.7319 5.14827e-07 0.0344655 0.0344655
19.5696 13.7319 5.14827e-07 0.0343546 0.0343546
19.6096 13.7319 5.14827e-07 0.034236 0.034236
19.6496 13.7319 5.14827e-07 0.0341097 0.0341097
19.6897 14.1821 5.14826e-07 0.0339762 0.0339762
19.7297 14.1821 5.14827e-07 0.0338357 0.0338357
19.7698 14.1821 5.14826e-07 0.0336885 0.0336885
19.8098 14.1821 5.14827e-07 0.0335348 0.0335348
19.8498 14.1821 5.14827e-07 0.0333751 0.0333751
19.8899 14.1821 5.14827e-07 0.0332094 0.0332095
19.9299 14.6323 5.14827e-07 0.0330383 0.0330383
19.97 14.6323 5.14827e-07 0.0328621 0.0328621
20.01 14.6323 5.14826e-07 0.0326808 0.0326808
20.0501 14.6323 5.14827e-07 0.0324949 0.0324949
20.0901 14.6323 5.14827e-07 0.0323047 0.0323048
20.1301 14.6323 5.14827e-07 0.0321105 0.0321106
20.1702 15.0826 5.14827e-07 0.0319127 0.0319127
20.2102 15.0826 5.14827e-07 0.0317114 0.0317114
20.2503 15.0826 5.14826e-07 0.0315068 0.0315068
20.2903 15.0826 5.14827e-07 0.0312994 0.0312994
20.3303 15.5328 5.14827e-07 0.0310895 0.0310895
20.3704 15.5328 5.14827e-07 0.0308772 0.0308773
20.4104 15.5328 5.14827e-07 0.030663 0.030663
20.4505 15.5328 5.14827e-07 0.0304468 0.0304468
20.4905 15.983 5.14827e-07 0.030229 0.030229
20.5305 15.983 5.14827e-07 0.0300097 0.0300098
20.5706 15.983 5.14827e-07 0.0297894 0.0297896
20.6106 15.983 5.14827e-07 0.0295682 0.0295683
20.6507 16.4332 5.14827e-07 0.0293463 0.0293463
20.6907 16.4332 5.14827e-07 0.0291238 0.0291238
20.7307 16.4332 5.14827e-07 0.028901 0.0289011
20.7708 16.4332 5.14827e-07 0.028678 0.028678
20.8108 16.8835 5.14827e-07 0.0284552 0.0284552
20.8509 16.8835 5.14827e-07 0.0282321 0.0282322
20.8909 16.8835 5.14826e-07 0.0280098 0.0280098
20.9309 17.3337 5.14827e-07 0.0277876 0.0277876
20.971 17.3337 5.14827e-07 0.027566 0.0275661
21.011 17.3337 5.14827e-07 0.0273453 0.0273453
21.0511 17.7839 5.14827e-07 0.0271253 0.0271253
21.0911 17.7839 5.14827e-07 0.0269063 0.0269063
21.1311 17.7839 5.14826e-07 0.0266882 0.0266882
21.1712 18.2342 5.14827e-07 0.0264713 0.0264713
21.2112 18.2342 5.14826e-07 0.0262554 0.0262554
21.2513 18.2342 5.14827e-07 0.0260411 0.0260411
21.2913 18.6844 5.14827e-07 0.025828 0.025828
21.3313 18.6844 5.14826e-07 0.0256163 0.0256163
21.3714 18.6844 5.14826e-07 0.025406 0.0254061
21.4114 19.1346 5.14827e-07 0.0251975 0.0251975
21.4515 19.1346 5.14827e-07 0.0249908 0.0249908
21.4915 19.1346 5.14827e-07 0.0247854 0.0247855
21.5315 19.5848 5.14827e-07 0.0245817 0.0245817
21.5716 19.5848 5.14827e-07 0.0243797 0.0243797
21.6116 19.5848 5.14827e-07 0.0241798 0.0241798
21.6517 20.0351 5.14827e-07 0.0239812 0.0239813
21.6917 20.0351 5.14827e-07 0.0237848 0.0237849
21.7317 20.4853 5.14826e-07 0.0235903 0.0235903
21.7718 20.4853 5.14827e-07 0.0233976 0.0233976
21.8118 20.4853 5.14826e-07 0.0232067 0.0232067
21.8519 20.9355 5.14827e-07 0.0230175 0.0230175
21.8919 20.9355 5.14827e-07 0.0228307 0.0228307
21.9319 20.9355 5.14827e-07 0.0226453 0.0226454
21.972 21.3857 5.14826e-07 0.0224624 0.0224624
22.012 21.3857 5.14827e-07 0.0222811 0.0222811
22.0521 21.836 5.14827e-07 0.0221018 0.0221018
22.0921 21.836 5.14827e-07 0.0219243 0.0219243
22.1321 21.836 5.14826e-07 0.0217489 0.0217489
22.1722 22.2862 5.14827e-07 0.0215753 0.0215753
22.2122 22.2862 5.14827e-07 0.0214037 0.0214038
22.2523 22.7364 5.14827e-07 0.021234 0.021234
22.2923 22.7364 5.14827e-07 0.0210661 0.0210661
22.3323 22.7364 5.14827e-07 0.0209002 0.0209004
22.3724 23.1866 5.14827e-07 0.0207363 0.0207363
22.4124 23.1866 5.14827e-07 0.0205742 0.0205744
22.4525 23.6369 5.14827e-07 0.0204138 0.0204138
22.4925 23.6369 5.14827e-07 0.0202555 0.0202556
22.5325 23.6369 5.14827e-07 0.0200988 0.0200988
22.5726 24.0871 5.14827e-07 0.0199442 0.0199442
22.6126 24.0871 5.14827e-07 0.0197914 0.0197914
22.6527 24.5373 5.14827e-07 0.01964 0.0196404
22.6927 24.5373 5.14827e-07 0.019491 0.019491
22.7327 24.9875 5.14827e-07 0.0193431 0.0193431
22.7728 24.9875 5.14827e-07 0.0191972 0.0191972
22.8128 24.9875 5.14827e-07 0.019053 0.0190531
22.8529 25.4378 5.14827e-07 0.0189109 0.0189109
22.8929 25.4378 5.14827e-07 0.0187698 0.01877
22.9329 25.888 5.14827e-07 0.018631 0.018631
22.973 25.888 5.14827e-07 0.0184933 0.0184934
23.013 26.3382 5.14827e-07 0.0183577 0.0183577
23.0531 26.3382 5.14827e-07 0.0182235 0.0182235
23.0931 26.3382 5.14827e-07 0.0180908 0.0180908
23.1331 26.7884 5.14826e-07 0.0179598 0.0179598
23.1732 26.7884 5.14827e-07 0.0178304 0.0178304
23.2132 27.2387 5.14827e-07 0.0177024 0.0177027
23.2533 27.2387 5.14827e-07 0.017576 0.017576
23.2933 27.6889 5.14827e-07 0.0174512 0.0174512
23.3333 27.6889 5.14827e-07 0.0173274 0.0173276
23.3734 27.6889 5.14827e-07 0.0172057 0.0172057
23.4134 28.1391 5.14827e-07 0.0170852 0.0170852
23.4535 28.1391 5.14827e-07 0.0169661 0.0169661
23.4935 28.5894 5.14827e-07 0.0168484 0.0168484
23.5335 28.5894 5.14827e-07 0.016732 0.016732
23.5736 29.0396 5.14827e-07 0.0166167 0.0166169
23.6136 29.0396 5.14827e-07 0.0165034 0.0165034
23.6537 29.4898 5.14827e-07 0.0163908 0.0163911
23.6937 29.4898 5.14827e-07 0.0162801 0.0162801
23.7337 29.4898 5.14827e-07 0.0161703 0.0161703
23.7738 29.94 5.14827e-07 0.016062 0.0160621
23.8138 29.94 5.14827e-07 0.0159546 0.0159547
23.8539 30.3903 5.14827e-07 0.0158487 0.0158487
23.8939 30.3903 5.14827e-07 0.015744 0.015744
23.9339 30.8405 5.14827e-07 0.0156405 0.0156406
23.974 30.8405 5.14827e-07 0.015538 0.015538
24.014 31.2907 5.14827e-07 0.015437 0.0154371
24.0541 31.2907 5.14827e-07 0.0153371 0.0153373
24.0941 31.2907 5.14827e-07 0.0152382 0.0152382
24.1341 31.7409 5.14827e-07 0.0151404 0.0151405
24.1742 31.7409 5.14827e-07 0.0150439 0.0150439
24.2142 32.1912 5.14827e-07 0.0149482 0.0149482
24.2543 32.1912 5.14827e-07 0.0148538 0.0148538
24.2943 32.6414 5.14827e-07 0.0147604 0.0147604
24.3343 32.6414 5.14827e-07 0.0146681 0.0146681
24.3744 33.0916 5.14827e-07 0.0145766 0.0145767
24.4144 33.0916 5.14827e-07 0.0144865 0.0144866
24.4545 33.5418 5.14827e-07 0.014397 0.0143971
24.4945 33.5418 5.14827e-07 0.0143088 0.0143088
24.5345 33.9921 5.14827e-07 0.0142211 0.0142213
24.5746 33.9921 5.14827e-07 0.0141349 0.014135
24.6146 33.9921 5.14827e-07 0.0140494 0.0140495
24.6547 34.4423 5.14827e-07 0.013965 0.013965
24.6947 34.4423 5.14827e-07 0.0138813 0.0138813
24.7347 34.8925 5.14827e-07 0.0137985 0.0137985
24.7748 34.8925 5.14827e-07 0.0137165 0.0137167
24.8148 35.3427 5.14827e-07 0.0136358 0.0136359
24.8549 35.3427 5.14827e-07 0.013556 0.013556
24.8949 35.793 5.14827e-07 0.0134763 0.0134764
24.9349 35.793 5.14827e-07 0.0133979 0.013398
24.975 36.2432 5.14827e-07 0.0133204 0.0133205
25.015 36.2432 5.14826e-07 0.0132438 0.0132438
25.0551 36.6934 5.14827e-07 0.0131677 0.0131678
25.0951 36.6934 5.14827e-07 0.0130929 0.0130929
25.1351 37.1436 5.14827e-07 0.0130185 0.0130186
25.1752 37.1436 5.14827e-07 0.0129446 0.0129448
25.2152 37.1436 5.14827e-07 0.012872 0.012872
25.2553 37.5939 5.14827e-07 0.0127997 0.0127998
25.2953 37.5939 5.14827e-07 0.0127286 0.0127286
25.3353 38.0441 5.14827e-07 0.012658 0.0126582
25.3754 38.0441 5.14827e-07 0.0125881 0.0125882
25.4154 38.4943 5.14827e-07 0.0125189 0.0125189
25.4555 38.4943 5.14827e-07 0.0124505 0.0124505
25.4955 38.9445 5.14827e-07 0.0123826 0.0123827
25.5355 38.9445 5.14827e-07 0.0123159 0.0123159
25.5756 39.3948 5.14827e-07 0.0122493 0.0122493
25.6156 39.3948 5.14827e-07 0.0121836 0.0121836
25.6557 39.845 5.14827e-07 0.0121184 0.0121184
25.6957 39.845 5.14827e-07 0.012054 0.012054
25.7357 40.2952 5.14827e-07 0.0119901 0.0119902
25.7758 40.2952 5.14826e-07 0.011927 0.011927
25.8158 40.7455 5.14827e-07 0.0118644 0.0118645
25.8559 40.7455 5.14827e-07 0.0118025 0.0118027
25.8959 40.7455 5.14827e-07 0.0117412 0.0117412
25.9359 41.1957 5.14827e-07 0.0116805 0.0116806
25.976 41.1957 5.14827e-07 0.0116202 0.0116202
26.016 41.6459 5.14827e-07 0.0115606 0.0115607
26.0561 41.6459 5.14827e-07 0.0115016 0.0115016
26.0961 42.0961 5.14827e-07 0.0114432 0.0114434
26.1361 42.0961 5.14827e-07 0.0113851 0.0113853
26.1762 42.5464 5.14827e-07 0.011328 0.011328
26.2162 42.5464 5.14827e-07 0.011271 0.011271
26.2563 42.9966 5.14827e-07 0.0112148 0.0112148
26.2963 42.9966 5.14827e-07 0.0111593 0.0111593
26.3363 43.4468 5.14827e-07 0.0111039 0.0111041
26.3764 43.4468 5.14827e-07 0.0110493 0.0110493
26.4164 43.897 5.14827e-07 0.0109948 0.0109949
26.4565 43.897 5.14827e-07 0.0109413 0.0109413
26.4965 44.3473 5.14827e-07 0.010888 0.010888
26.5365 44.3473 5.14827e-07 0.0108352 0.0108353
26.5766 44.7975 5.14827e-07 0.0107831 0.0107831
26.6166 44.7975 5.14827e-07 0.0107313 0.0107313
26.6567 45.2477 5.14827e-07 0.01068 0.0106801
26.6967 45.2477 5.14827e-07 0.0106291 0.0106293
26.7367 45.6979 5.14826e-07 0.0105789 0.0105789
26.7768 45.6979 5.14827e-07 0.0105288 0.0105288
26.8168 46.1482 5.14827e-07 0.0104794 0.0104795
26.8569 46.1482 5.14827e-07 0.0104304 0.0104304
26.8969 46.1482 5.14827e-07 0.0103819 0.0103819
26.9369 46.5984 5.14827e-07 0.0103336 0.0103336
26.977 46.5984 5.14827e-07 0.0102857 0.010286
27.017 47.0486 5.14827e-07 0.0102385 0.0102385
27.0571 47.0486 5.14827e-07 0.0101916 0.0101916
27.0971 47.4988 5.14827e-07 0.010145 0.0101453
27.1371 47.4988 5.14827e-07 0.0100992 0.0100992
27.1772 47.9491 5.14827e-07 0.0100532 0.0100533
27.2172 47.9491 5.14827e-07 0.0100079 0.0100079
27.2573 48.3993 5.14827e-07 0.00996302 0.00996302
27.2973 48.3993 5.14827e-07 0.00991839 0.00991845
27.3373 48.8495 5.14827e-07 0.00987455 0.00987458
27.3774 48.8495 5.14827e-07 0.00983069 0.00983082
27.4174 49.2997 5.14827e-07 0.00978708 0.0097873
27.4575 49.2997 5.14827e-07 0.00974422 0.00974422
27.4975 49.75 5.14827e-07 0.00970141 0.00970155
27.5375 49.75 5.14827e-07 0.00965901 0.00965901
27.5776 50.2002 5.14827e-07 0.00961724 0.00961729
27.6176 50.2002 5.14827e-07 0.00957557 0.00957567
27.6577 50.6504 5.14827e-07 0.00953425 0.00953432
27.6977 50.6504 5.14827e-07 0.0094934 0.00949343
27.7377 51.1007 5.14827e-07 0.00945288 0.00945288
27.7778 51.1007 5.14827e-07 0.00941241 0.00941241
27.8178 51.5509 5.14827e-07 0.0093726 0.0093727
27.8579 51.5509 5.14827e-07 0.00933295 0.00933295
27.8979 52.0011 5.14827e-07 0.00929358 0.00929364
27.9379 52.0011 5.14827e-07 0.00925465 0.00925465
27.978 52.4513 5.14827e-07 0.00921604 0.00921604
28.018 52.4513 5.14827e-07 0.00917769 0.0091778
28.0581 52.9016 5.14827e-07 0.00913956 0.00913956
28.0981 52.9016 5.14827e-07 0.00910175 0.00910187
28.1381 53.3518 5.14827e-07 0.00906433 0.00906433
28.1782 53.3518 5.14827e-07 0.00902722 0.00902728
28.2182 53.3518 5.14826e-07 0.00899059 0.00899059
28.2583 53.802 5.14827e-07 0.00895389 0.00895391
28.2983 53.802 5.14827e-07 0.00891776 0.00891776
28.3383 54.2522 5.14827e-07 0.00888172 0.00888179
28.3784 54.2522 5.14827e-07 0.00884577 0.00884584
28.4184 54.7025 5.14827e-07 0.00881032 0.00881048
28.4585 54.7025 5.14827e-07 0.00877525 0.00877538
28.4985 55.1527 5.14827e-07 0.00874058 0.00874058
28.5385 55.1527 5.14827e-07 0.00870576 0.00870576
28.5786 55.6029 5.14827e-07 0.00867149 0.00867149
28.6186 55.6029 5.14827e-07 0.00863732 0.00863736
28.6587 56.0531 5.14827e-07 0.00860351 0.00860351
28.6987 56.0531 5.14827e-07 0.00857005 0.00857005
28.7387 56.5034 5.14827e-07 0.00853664 0.00853673
28.7788 56.5034 5.14827e-07 0.00850351 0.00850351
28.8188 56.9536 5.14827e-07 0.00847075 0.00847078
28.8589 56.9536 5.14827e-07 0.00843803 0.0084381
28.8989 57.4038 5.14827e-07 0.00840593 0.00840593
28.9389 57.4038 5.14827e-07 0.00837352 0.00837366
28.979 57.854 5.14827e-07 0.00834192 0.00834192
29.019 57.854 5.14827e-07 0.00830992 0.00830993
29.0591 58.3043 5.14827e-07 0.00827879 0.00827879
29.0991 58.3043 5.14827e-07 0.00824758 0.00824766
29.1391 58.7545 5.14827e-07 0.00821655 0.00821662
29.1792 58.7545 5.14827e-07 0.00818577 0.00818578
29.2192 59.2047 5.14827e-07 0.00815536 0.00815536
29.2593 59.2047 5.14827e-07 0.00812505 0.00812505
29.2993 59.6549 5.14827e-07 0.00809496 0.00809496
29.3393 59.6549 5.14827e-07 0.00806503 0.00806503
29.3794 60.1052 5.14827e-07 0.00803536 0.00803536
29.4194 60.1052 5.14827e-07 0.00800605 0.00800605
29.4595 60.5554 5.14827e-07 0.00797674 0.00797674
29.4995 60.5554 5.14827e-07 0.00794782 0.00794782
29.5395 61.0056 5.14827e-07 0.00791907 0.00791907
29.5796 61.0056 5.14827e-07 0.00789035 0.00789047
29.6196 61.4558 5.14827e-07 0.00786214 0.00786215
29.6597 61.4558 5.14827e-07 0.00783365 0.00783365
29.6997 61.9061 5.14827e-07 0.00780592 0.00780599
29.7397 61.9061 5.14827e-07 0.00777803 0.00777803
29.7798 62.3563 5.14827e-07 0.00775033 0.00775033
29.8198 62.3563 5.14827e-07 0.00772299 0.00772299
29.8599 62.8065 5.14827e-07 0.00769572 0.00769572
29.8999 62.8065 5.14827e-07 0.00766862 0.00766874
29.9399 63.2568 5.14827e-07 0.00764171 0.00764177
29.98 63.2568 5.14827e-07 0.00761498 0.00761498
30.02 63.707 5.14827e-07 0.0075884 0.00758843
30.0601 63.707 5.14827e-07 0.00756236 0.00756236
30.1001 64.1572 5.14827e-07 0.00753604 0.00753604
30.1401 64.1572 5.14827e-07 0.00751014 0.00751014
30.1802 64.6074 5.14827e-07 0.0074842 0.00748422
30.2202 64.6074 5.14827e-07 0.00745873 0.00745873
30.2603 65.0577 5.14827e-07 0.00743329 0.00743329
30.3003 65.0577 5.14827e-07 0.00740808 0.00740808
30.3403 65.5079 5.14827e-07 0.00738264 0.00738273
30.3804 65.5079 5.14827e-07 0.00735779 0.00735779
30.4204 65.5079 5.14827e-07 0.00733316 0.00733316
30.4605 65.9581 5.14827e-07 0.00730855 0.00730855
30.5005 65.9581 5.14827e-07 0.00728408 0.00728408
30.5405 66.4083 5.14826e-07 0.00725972 0.00725974
30.5806 66.4083 5.14827e-07 0.00723541 0.00723541
30.6206 66.8586 5.14827e-07 0.00721136 0.00721139
30.6607 66.8586 5.14827e-07 0.00718764 0.00718764
30.7007 67.3088 5.14827e-07 0.00716406 0.00716406
30.7407 67.3088 5.14827e-07 0.00714043 0.00714043
30.7808 67.759 5.14827e-07 0.00711705 0.00711709
30.8208 67.759 5.14827e-07 0.00709393 0.00709393
30.8609 68.2092 5.14827e-07 0.00707075 0.00707083
30.9009 68.2092 5.14827e-07 0.00704781 0.00704781
30.9409 68.6595 5.14827e-07 0.00702509 0.00702515
30.981 68.6595 5.14827e-07 0.00700248 0.00700248
31.021 69.1097 5.14827e-07 0.00698003 0.00698003
31.0611 69.1097 5.14827e-07 0.00695741 0.00695741
31.1011 69.5599 5.14827e-07 0.00693521 0.00693521
31.1411 69.5599 5.14827e-07 0.00691311 0.00691327
31.1812 70.0101 5.14827e-07 0.00689143 0.00689143
31.2212 70.0101 5.14826e-07 0.00686968 0.00686968
31.2613 70.4604 5.14827e-07 0.00684771 0.00684771
31.3013 70.4604 5.14827e-07 0.00682602 0.00682608
31.3413 70.9106 5.14827e-07 0.00680463 0.00680484
31.3814 70.9106 5.14827e-07 0.00678359 0.00678359
31.4214 71.3608 5.14827e-07 0.00676246 0.00676246
31.4615 71.3608 5.14826e-07 0.00674142 0.00674149
31.5015 71.811 5.14827e-07 0.00672056 0.00672056
31.5415 71.811 5.14827e-07 0.00669971 0.00669971
31.5816 72.2613 5.14827e-07 0.00667895 0.00667913
31.6216 72.2613 5.14827e-07 0.00665839 0.00665845
31.6617 72.7115 5.14827e-07 0.00663812 0.00663812
31.7017 72.7115 5.14827e-07 0.00661754 0.00661784
31.7417 73.1617 5.14827e-07 0.00659763 0.00659772
31.7818 73.1617 5.14827e-07 0.00657785 0.00657785
31.8218 73.612 5.14827e-07 0.00655776 0.00655779
31.8619 73.612 5.14827e-07 0.00653807 0.00653807
31.9019 74.0622 5.14827e-07 0.0065186 0.0065186
31.9419 74.0622 5.14827e-07 0.00649905 0.00649905
31.982 74.5124 5.14827e-07 0.00647926 0.00647926
32.022 74.5124 5.14827e-07 0.00645969 0.00645984
32.0621 74.9626 5.14827e-07 0.00644055 0.00644057
32.1021 74.9626 5.14827e-07 0.00642173 0.00642173
32.1421 75.4129 5.14827e-07 0.00640255 0.00640255
32.1822 75.4129 5.14827e-07 0.00638388 0.00638401
32.2222 75.8631 5.14827e-07 0.00636497 0.00636498
32.2623 75.8631 5.14827e-07 0.00634616 0.00634616
32.3023 76.3133 5.14827e-07 0.00632779 0.00632779
32.3423 76.3133 5.14827e-07 0.0063092 0.00630954
32.3824 76.7635 5.14827e-07 0.00629091 0.00629104
32.4224 76.7635 5.14827e-07 0.00627261 0.00627261
32.4625 77.2138 5.14827e-07 0.0062546 0.00625469
32.5025 77.2138 5.14827e-07 0.00623634 0.00623665
32.5425 77.664 5.14827e-07 0.00621808 0.00621826
32.5826 77.664 5.14827e-07 0.00620042 0.00620052
32.6226 78.1142 5.14827e-07 0.00618271 0.00618314
32.6627 78.1142 5.14827e-07 0.00616509 0.00616539
32.7027 78.5644 5.14826e-07 0.00614806 0.00614806
32.7427 78.5644 5.14827e-07 0.00613038 0.00613043
32.7828 79.0147 5.14827e-07 0.00611305 0.00611305
32.8228 79.0147 5.14827e-07 0.00609576 0.00609577
32.8629 79.4649 5.14827e-07 0.00607864 0.00607864
32.9029 79.4649 5.14827e-07 0.00606145 0.00606175
32.9429 79.9151 5.14827e-07 0.00604463 0.0060447
32.983 79.9151 5.14826e-07 0.00602757 0.00602774
33.023 80.3653 5.14827e-07 0.00601105 0.00601105
33.0631 80.3653 5.14827e-07 0.00599417 0.00599439
33.1031 80.8156 5.14827e-07 0.00597724 0.00597751
33.1431 80.8156 5.14827e-07 0.0059611 0.00596125
33.1832 81.2658 5.14827e-07 0.00594497 0.00594497
33.2232 81.2658 5.14827e-07 0.00592879 0.00592894
33.2633 81.716 5.14827e-07 0.00591212 0.00591227
33.3033 81.716 5.14827e-07 0.00589605 0.0058962
33.3433 82.1662 5.14827e-07 0.00588002 0.00588007
33.3834 82.1662 5.14827e-07 0.00586381 0.0058641
33.4234 82.6165 5.14827e-07 0.00584808 0.00584808
33.4635 82.6165 5.14827e-07 0.00583209 0.00583238
33.5035 83.0667 5.14827e-07 0.0058163 0.0058167
33.5435 83.0667 5.14826e-07 0.00580101 0.00580115
33.5836 83.5169 5.14827e-07 0.00578551 0.00578551
33.6236 83.5169 5.14827e-07 0.00576989 0.00577021
33.6637 83.9671 5.14827e-07 0.0057546 0.00575475
33.7037 83.9671 5.14827e-07 0.00573938 0.00573952
33.7437 84.4174 5.14827e-07 0.00572387 0.005724
33.7838 84.4174 5.14827e-07 0.00570887 0.00570887
33.8238 84.8676 5.14827e-07 0.00569393 0.00569401
33.8639 84.8676 5.14827e-07 0.00567855 0.00567881
33.9039 85.3178 5.14827e-07 0.00566372 0.00566402
33.9439 85.3178 5.14827e-07 0.00564906 0.00564906
33.984 85.7681 5.14827e-07 0.00563414 0.00563425
34.024 85.7681 5.14827e-07 0.0056196 0.00561968
34.0641 86.2183 5.14826e-07 0.00560495 0.00560497
34.1041 86.2183 5.14827e-07 0.00559036 0.00559058
34.1441 86.6685 5.14827e-07 0.00557619 0.00557633
34.1842 86.6685 5.14827e-07 0.00556162 0.00556162
34.2242 87.1187 5.14827e-07 0.00554703 0.00554729
34.2643 87.1187 5.14827e-07 0.00553306 0.00553317
34.3043 87.569 5.14826e-07 0.00551881 0.00551892
34.3443 87.569 5.14827e-07 0.00550462 0.00550497
34.3844 88.0192 5.14827e-07 0.00549072 0.00549093
34.4244 88.0192 5.14827e-07 0.00547647 0.00547675
34.4645 88.4694 5.14827e-07 0.00546276 0.00546277
34.5045 88.4694 5.14827e-07 0.00544894 0.00544928
34.5445 88.9196 5.14827e-07 0.00543555 0.00543555
34.5846 88.9196 5.14827e-07 0.00542138 0.00542172
34.6246 89.3699 5.14826e-07 0.00540802 0.00540823
34.6647 89.3699 5.14826e-07 0.00539462 0.0053949
34.7047 89.8201 5.14827e-07 0.00538103 0.00538103
34.7447 89.8201 5.14827e-07 0.0053673 0.00536741
34.7848 90.2703 5.14827e-07 0.00535418 0.00535439
34.8248 90.2703 5.14827e-07 0.00534099 0.00534104
34.8649 90.7205 5.14827e-07 0.00532776 0.00532801
34.9049 90.7205 5.14827e-07 0.00531474 0.0053148
34.9449 91.1708 5.14827e-07 0.0053015 0.0053015
34.985 91.1708 5.14826e-07 0.00528851 0.00528869
35.025 91.621 5.14826e-07 0.00527586 0.00527607
35.0651 91.621 5.14827e-07 0.00526258 0.0052626
35.1051 92.0712 5.14827e-07 0.00524967 0.00524983
35.1451 92.0712 5.14827e-07 0.00523708 0.00523714
35.1852 92.5214 5.14827e-07 0.0052244 0.0052244
35.2252 92.5214 5.14827e-07 0.00521165 0.00521173
35.2653 92.9717 5.14827e-07 0.005199 0.00519922
35.3053 92.9717 5.14827e-07 0.00518639 0.00518659
35.3453 93.4219 5.14827e-07 0.00517394 0.00517413
35.3854 93.4219 5.14827e-07 0.00516167 0.00516205
35.4254 93.8721 5.14827e-07 0.00514935 0.00514949
35.4655 93.8721 5.14827e-07 0.00513696 0.00513714
35.5055 94.3223 5.14827e-07 0.00512494 0.00512511
35.5455 94.3223 5.14827e-07 0.00511257 0.00511289
35.5856 94.7726 5.14827e-07 0.00510043 0.00510059
35.6256 94.7726 5.14826e-07 0.0050883 0.00508843
35.6657 95.2228 5.14827e-07 0.00507627 0.00507631
35.7057 95.2228 5.14827e-07 0.00506447 0.00506447
35.7457 95.673 5.14827e-07 0.0050527 0.00505276
35.7858 95.673 5.14826e-07 0.00504076 0.00504083
35.8258 96.1233 5.14827e-07 0.00502855 0.00502903
35.8659 96.1233 5.14827e-07 0.0050173 0.0050173
35.9059 96.5735 5.14827e-07 0.00500573 0.00500587
35.9459 96.5735 5.14827e-07 0.00499393 0.00499411
35.986 97.0237 5.14826e-07 0.00498215 0.00498232
36.026 97.0237 5.14827e-07 0.0049706 0.00497088
36.0661 97.4739 5.14827e-07 0.00495942 0.00495944
36.1061 97.4739 5.14827e-07 0.00494799 0.00494799
36.1461 97.9242 5.14827e-07 0.00493671 0.00493671
36.1862 97.9242 5.14827e-07 0.00492513 0.00492546
36.2262 98.3744 5.14827e-07 0.00491381 0.00491419
36.2663 98.3744 5.14827e-07 0.00490242 0.00490273
36.3063 98.8246 5.14827e-07 0.00489176 0.00489176
36.3463 98.8246 5.14827e-07 0.00488079 0.00488079
36.3864 99.2748 5.14827e-07 0.00486966 0.00486975
36.4264 99.2748 5.14827e-07 0.00485826 0.00485847
36.4665 99.7251 5.14827e-07 0.00484761 0.00484764
36.5065 99.7251 5.14827e-07 0.00483641 0.00483653
36.5465 100.175 5.14826e-07 0.0048256 0.00482577
36.5866 100.175 5.14827e-07 0.00481511 0.00481511
36.6266 100.626 5.14827e-07 0.00480394 0.00480416
36.6667 100.626 5.14827e-07 0.00479329 0.00479354
36.7067 101.076 5.14827e-07 0.00478259 0.00478288
36.7467 101.076 5.14826e-07 0.00477203 0.00477221
36.7868 101.526 5.14826e-07 0.0047615 0.00476163
36.8268 101.526 5.14827e-07 0.00475116 0.00475121
36.8669 101.976 5.14827e-07 0.00474055 0.00474055
36.9069 101.976 5.14827e-07 0.00472996 0.00473012
36.9469 102.426 5.14827e-07 0.00471972 0.0047198
36.987 102.426 5.14827e-07 0.0047093 0.00470948
37.027 102.877 5.14827e-07 0.00469904 0.00469928
37.0671 102.877 5.14827e-07 0.00468868 0.00468884
37.1071 103.327 5.14827e-07 0.00467843 0.00467853
37.1471 103.327 5.14827e-07 0.00466836 0.00466855
37.1872 103.777 5.14826e-07 0.00465864 0.00465864
37.2272 103.777 5.14826e-07 0.00464814 0.00464822
37.2673 104.227 5.14827e-07 0.00463815 0.00463815
37.3073 104.227 5.14826e-07 0.00462816 0.0046282
37.3473 104.678 5.14826e-07 0.00461826 0.00461838
37.3874 104.678 5.14826e-07 0.00460801 0.00460835
37.4274 105.128 5.14827e-07 0.00459841 0.00459841
37.4675 105.128 5.14827e-07 0.00458857 0.00458875
37.5075 105.578 5.14826e-07 0.00457891 0.00457899
37.5475 105.578 5.14827e-07 0.00456899 0.0045691
37.5876 106.028 5.14826e-07 0.0045593 0.00455941
37.6276 106.028 5.14826e-07 0.00454956 0.00454976
37.6677 106.478 5.14826e-07 0.00453992 0.0045401
37.7077 106.478 5.14826e-07 0.00453046 0.00453057
37.7477 106.929 5.14826e-07 0.00452076 0.00452106
37.7878 106.929 5.14826e-07 0.00451142 0.00451142
37.8278 107.379 5.14826e-07 0.00450191 0.00450204
37.8679 107.379 5.14826e-07 0.00449243 0.00449246
37.9079 107.829 5.14826e-07 0.00448294 0.00448321
37.9479 107.829 5.14826e-07 0.00447403 0.00447403
37.988 108.279 5.14826e-07 0.00446445 0.00446452
38.028 108.279 5.14826e-07 0.00445514 0.00445531
38.0681 108.73 5.14826e-07 0.00444607 0.00444621
38.1081 108.73 5.14826e-07 0.00443649 0.00443705
38.1481 109.18 5.14826e-07 0.00442766 0.00442766
38.1882 109.18 5.14826e-07 0.00441855 0.00441855
38.2282 109.63 5.14826e-07 0.00440941 0.00440956
38.2683 109.63 5.14826e-07 0.00440053 0.00440053
38.3083 110.08 5.14826e-07 0.00439113 0.0043913
38.3483 110.08 5.14826e-07 0.00438234 0.00438252
38.3884 110.53 5.14826e-07 0.0043736 0.0043736
38.4284 110.53 5.14826e-07 0.00436456 0.00436471
38.4685 110.981 5.14825e-07 0.00435595 0.00435595
38.5085 110.981 5.14826e-07 0.00434684 0.00434694
38.5485 111.431 5.14825e-07 0.004338 0.00433828
38.5886 111.431 5.14825e-07 0.00432943 0.00432944
38.6286 111.881 5.14825e-07 0.00432069 0.00432081
38.6687 111.881 5.14825e-07 0.00431183 0.00431193
38.7087 112.331 5.14825e-07 0.00430328 0.00430341
38.7487 112.331 5.14825e-07 0.00429476 0.00429481
38.7888 112.782 5.14825e-07 0.00428624 0.00428626
38.8288 112.782 5.14825e-07 0.00427792 0.00427792
38.8689 113.232 5.14825e-07 0.00426901 0.00426914
38.9089 113.232 5.14825e-07 0.0042606 0.00426071
38.9489 113.682 5.14825e-07 0.00425236 0.00425236
38.989 113.682 5.14825e-07 0.0042435 0.00424359
39.029 114.132 5.14825e-07 0.00423531 0.00423556
39.0691 114.132 5.14825e-07 0.00422705 0.00422705
39.1091 114.583 5.14825e-07 0.00421862 0.00421862
39.1491 114.583 5.14824e-07 0.00421026 0.0042104
39.1892 115.033 5.14825e-07 0.00420196 0.00420208
39.2292 115.033 5.14825e-07 0.00419385 0.00419409
39.2693 115.483 5.14824e-07 0.00418565 0.00418576
39.3093 115.483 5.14824e-07 0.00417754 0.00417754
39.3493 115.933 5.14824e-07 0.00416947 0.00416951
39.3894 115.933 5.14824e-07 0.0041614 0.00416154
39.4294 116.383 5.14824e-07 0.00415322 0.00415327
39.4695 116.383 5.14824e-07 0.00414528 0.00414528
39.5095 116.834 5.14824e-07 0.00413712 0.00413736
39.5495 116.834 5.14824e-07 0.00412916 0.00412943
39.5896 117.284 5.14823e-07 0.00412118 0.00412118
39.6296 117.284 5.14823e-07 0.00411333 0.00411348
39.6697 117.734 5.14823e-07 0.0041054 0.0041057
39.7097 117.734 5.14823e-07 0.0040975 0.00409773
39.7497 118.184 5.14823e-07 0.00408976 0.00408989
39.7898 118.184 5.14823e-07 0.00408202 0.00408202
39.8298 118.635 5.14823e-07 0.0040743 0.00407439
39.8699 118.635 5.14822e-07 0.00406651 0.00406669
39.9099 119.085 5.14822e-07 0.00405912 0.00405912
39.9499 119.085 5.14822e-07 0.00405085 0.004051
39.99 119.535 5.14822e-07 0.00404344 0.00404359
40.03 119.535 5.14821e-07 0.00403572 0.00403602
40.0701 119.985 5.14821e-07 0.00402824 0.00402843
40.1101 119.985 5.14821e-07 0.0040206 0.0040209
40.1502 120.435 5.14821e-07 0.00401294 0.00401326
40.1902 120.435 5.14821e-07 0.00400563 0.00400582
40.2302 120.886 5.14821e-07 0.00399817 0.0039983
40.2703 120.886 5.1482e-07 0.00399082 0.00399098
40.3103 121.336 5.1482e-07 0.00398328 0.00398344
40.3504 121.336 5.1482e-07 0.00397578 0.00397586
40.3904 121.786 5.1482e-07 0.00396861 0.00396865
40.4304 121.786 5.1482e-07 0.00396131 0.00396131
40.4705 122.236 5.14819e-07 0.00395376 0.0039539
40.5105 122.236 5.14819e-07 0.00394666 0.00394666
40.5506 122.687 5.14819e-07 0.00393957 0.00393957
40.5906 122.687 5.14818e-07 0.00393223 0.00393243
40.6306 123.137 5.14818e-07 0.00392489 0.00392507
40.6707 123.137 5.14818e-07 0.00391781 0.00391781
40.7107 123.587 5.14817e-07 0.00391061 0.00391097
40.7508 123.587 5.14817e-07 0.00390344 0.00390352
40.7908 124.037 5.14816e-07 0.00389637 0.00389642
40.8308 124.037 5.14816e-07 0.00388942 0.00388946
40.8709 124.487 5.14816e-07 0.00388204 0.00388226
40.9109 124.487 5.14816e-07 0.00387536 0.00387536
40.951 124.938 5.14815e-07 0.00386817 0.00386823
40.991 124.938 5.14815e-07 0.00386122 0.00386122
41.031 125.388 5.14814e-07 0.00385409 0.00385436
41.0711 125.388 5.14814e-07 0.00384716 0.00384748
41.1111 125.838 5.14813e-07 0.00384019 0.00384077
41.1512 125.838 5.14813e-07 0.00383371 0.00383371
41.1912 126.288 5.14812e-07 0.00382667 0.00382699
41.2312 126.288 5.14812e-07 0.00381999 0.00382006
41.2713 126.739 5.14812e-07 0.003813 0.00381326
41.3113 126.739 5.14811e-07 0.0038063 0.0038065
41.3514 127.189 5.14811e-07 0.00379938 0.00379957
41.3914 127.189 5.1481e-07 0.00379282 0.00379287
41.4314 127.639 5.1481e-07 0.00378614 0.00378622
41.4715 127.639 5.14809e-07 0.00377936 0.00377941
41.5115 128.089 5.14809e-07 0.00377274 0.00377298
41.5516 128.089 5.14808e-07 0.00376614 0.00376621
41.5916 128.54 5.14807e-07 0.00375938 0.00375955
41.6316 128.54 5.14807e-07 0.00375291 0.00375318
41.6717 128.99 5.14806e-07 0.00374648 0.0037465
41.7117 128.99 5.14805e-07 0.00373982 0.00374004
41.7518 129.44 5.14805e-07 0.00373332 0.00373339
41.7918 129.44 5.14804e-07 0.00372694 0.00372694
41.8318 129.89 5.14804e-07 0.00372013 0.00372037
41.8719 129.89 5.14803e-07 0.00371378 0.0037139
41.9119 130.34 5.14802e-07 0.00370749 0.00370757
41.952 130.34 5.14801e-07 0.00370103 0.00370103
41.992 130.791 5.148e-07 0.00369478 0.00369484
42.032 130.791 5.148e-07 0.00368818 0.00368845
42.0721 131.241 5.14799e-07 0.00368194 0.00368212
42.1121 131.241 5.14798e-07 0.00367548 0.00367569
42.1522 131.691 5.14797e-07 0.00366926 0.00366936
42.1922 131.691 5.14796e-07 0.00366301 0.00366303
42.2322 132.141 5.14795e-07 0.00365674 0.00365674
42.2723 132.141 5.14794e-07 0.00365057 0.00365057
42.3123 132.592 5.14794e-07 0.00364446 0.00364446
42.3524 132.592 5.14792e-07 0.00363813 0.00363818
42.3924 133.042 5.14791e-07 0.00363203 0.00363203
42.4324 133.042 5.14791e-07 0.00362584 0.00362601
42.4725 133.492 5.1479e-07 0.00361954 0.00361976
42.5125 133.492 5.14788e-07 0.00361356 0.00361364
42.5526 133.942 5.14787e-07 0.00360738 0.0036075
42.5926 133.942 5.14786e-07 0.00360148 0.00360158
42.6326 134.392 5.14785e-07 0.00359532 0.00359547
42.6727 134.392 5.14784e-07 0.00358902 0.00358946
42.7127 134.843 5.14783e-07 0.00358313 0.00358323
42.7528 134.843 5.14781e-07 0.00357716 0.00357729
42.7928 135.293 5.1478e-07 0.0035714 0.00357142
42.8328 135.293 5.14779e-07 0.0035654 0.0035654
42.8729 135.743 5.14778e-07 0.00355952 0.00355952
42.9129 135.743 5.14776e-07 0.00355366 0.00355372
42.953 136.193 5.14775e-07 0.00354777 0.00354784
42.993 136.193 5.14773e-07 0.00354184 0.00354184
43.033 136.644 5.14772e-07 0.00353587 0.00353598
43.0731 136.644 5.1477e-07 0.00352997 0.00352998
43.1131 137.094 5.14769e-07 0.00352419 0.00352435
43.1532 137.094 5.14768e-07 0.00351847 0.00351847
43.1932 137.544 5.14766e-07 0.00351267 0.00351271
43.2332 137.544 5.14765e-07 0.00350693 0.00350695
43.2733 137.994 5.14763e-07 0.00350123 0.0035013
43.3133 137.994 5.14761e-07 0.0034955 0.00349561
43.3534 138.444 5.14759e-07 0.00348977 0.0034899
43.3934 138.444 5.14758e-07 0.00348401 0.00348416
43.4334 138.895 5.14756e-07 0.00347859 0.00347859
43.4735 138.895 5.14754e-07 0.00347286 0.00347287
43.5135 139.345 5.14752e-07 0.00346713 0.00346722
43.5536 139.345 5.1475e-07 0.00346145 0.00346158
43.5936 139.795 5.14749e-07 0.00345565 0.00345597
43.6336 139.795 5.14747e-07 0.00345023 0.00345055
43.6737 140.245 5.14745e-07 0.00344464 0.00344496
43.7137 140.245 5.14743e-07 0.00343928 0.0034394
43.7538 140.696 5.1474e-07 0.00343377 0.00343382
43.7938 140.696 5.14738e-07 0.00342827 0.00342832
43.8338 141.146 5.14736e-07 0.00342275 0.0034228
43.8739 141.146 5.14734e-07 0.00341705 0.00341743
43.9139 141.596 5.14732e-07 0.00341182 0.00341192
43.954 141.596 5.1473e-07 0.0034064 0.0034065
43.994 142.046 5.14727e-07 0.0034011 0.0034011
44.034 142.046 5.14725e-07 0.00339547 0.0033957
44.0741 142.497 5.14722e-07 0.00339016 0.00339028
44.1141 142.497 5.1472e-07 0.0033849 0.0033849
44.1542 142.947 5.14718e-07 0.00337941 0.0033795
44.1942 142.947 5.14715e-07 0.00337418 0.00337418
44.2342 143.397 5.14712e-07 0.003369 0.003369
44.2743 143.397 5.1471e-07 0.00336367 0.00336367
44.3143 143.847 5.14707e-07 0.0033584 0.00335843
44.3544 143.847 5.14704e-07 0.00335291 0.00335301
44.3944 144.297 5.14701e-07 0.00334778 0.00334787
44.4344 144.297 5.14699e-07 0.0033424 0.00334258
44.4745 144.748 5.14696e-07 0.00333718 0.00333727
44.5145 144.748 5.14693e-07 0.00333212 0.00333212
44.5546 145.198 5.1469e-07 0.0033269 0.00332695
44.5946 145.198 5.14687e-07 0.00332151 0.00332171
44.6346 145.648 5.14684e-07 0.00331645 0.00331655
44.6747 145.648 5.1468e-07 0.00331143 0.00331145
44.7147 146.098 5.14677e-07 0.00330636 0.00330639
44.7548 146.098 5.14674e-07 0.00330118 0.00330137
44.7948 146.549 5.14671e-07 0.00329609 0.00329624
44.8348 146.549 5.14667e-07 0.00329097 0.0032911
44.8749 146.999 5.14664e-07 0.00328587 0.00328609
44.9149 146.999 5.1466e-07 0.00328083 0.00328092
44.955 147.449 5.14657e-07 0.00327578 0.00327589
44.995 147.449 5.14653e-07 0.0032706 0.00327092
45.035 147.899 5.1465e-07 0.00326573 0.00326579
45.0751 147.899 5.14646e-07 0.00326081 0.00326088
45.1151 148.349 5.14642e-07 0.00325591 0.00325607
45.1552 148.349 5.14638e-07 0.00325101 0.00325102
45.1952 148.8 5.14634e-07 0.00324619 0.00324619
45.2352 148.8 5.1463e-07 0.00324116 0.00324133
45.2753 149.25 5.14626e-07 0.00323637 0.00323637
45.3153 149.25 5.14622e-07 0.00323116 0.00323128
45.3554 149.7 5.14618e-07 0.00322629 0.00322655
45.3954 149.7 5.14613e-07 0.00322152 0.00322154
45.4354 150.15 5.14609e-07 0.00321653 0.00321679
45.4755 150.15 5.14605e-07 0.00321189 0.00321193
45.5155 150.601 5.146e-07 0.00320701 0.00320705
45.5556 150.601 5.14596e-07 0.00320222 0.00320243
45.5956 151.051 5.14591e-07 0.00319737 0.00319752
45.6356 151.051 5.14586e-07 0.0031929 0.0031929
45.6757 151.501 5.14582e-07 0.00318786 0.00318786
45.7157 151.501 5.14577e-07 0.00318304 0.00318308
45.7558 151.951 5.14572e-07 0.00317852 0.00317852
45.7958 151.951 5.14567e-07 0.0031735 0.00317365
45.8358 152.402 5.14562e-07 0.00316875 0.00316897
45.8759 152.402 5.14557e-07 0.0031642 0.00316437
45.9159 152.852 5.14552e-07 0.00315954 0.00315969
45.956 152.852 5.14546e-07 0.00315503 0.00315503
45.996 153.302 5.14541e-07 0.00315025 0.0031504
46.036 153.302 5.14535e-07 0.0031458 0.0031458
46.0761 153.752 5.1453e-07 0.00314078 0.00314095
46.1161 153.977 5.14524e-07 0.00313623 0.00313648
46.1562 154.202 5.14519e-07 0.0031318 0.00313189
46.1962 154.428 5.14513e-07 0.00312723 0.00312732
46.2362 154.653 5.14508e-07 0.00312256 0.0031228
46.2763 155.103 5.14501e-07 0.00311801 0.00311812
46.3163 155.103 5.14496e-07 0.00311358 0.00311358
46.3564 155.553 5.14489e-07 0.00310904 0.00310911
46.3964 155.553 5.14483e-07 0.0031044 0.0031045
46.4364 156.003 5.14477e-07 0.00310008 0.00310008
46.4765 156.003 5.14471e-07 0.00309554 0.0030956
46.5165 156.454 5.14464e-07 0.00309109 0.0030911
46.5566 156.454 5.14457e-07 0.00308669 0.00308679
46.5966 156.904 5.14451e-07 0.0030823 0.00308236
46.6366 156.904 5.14444e-07 0.00307753 0.00307762
46.6767 157.354 5.14437e-07 0.00307317 0.00307335
46.7167 157.354 5.1443e-07 0.0030688 0.0030689
46.7568 157.804 5.14424e-07 0.00306425 0.00306445
46.7968 157.804 5.14417e-07 0.00305997 0.00306011
46.8368 158.254 5.14409e-07 0.00305561 0.00305574
46.8769 158.254 5.14402e-07 0.0030513 0.00305139
46.9169 158.705 5.14395e-07 0.00304691 0.0030471
46.957 158.705 5.14387e-07 0.00304267 0.00304267
46.997 159.155 5.1438e-07 0.00303829 0.00303835
47.037 159.155 5.14372e-07 0.00303427 0.00303434
47.0771 159.605 5.14364e-07 0.00302975 0.00302979
47.1171 159.605 5.14356e-07 0.00302525 0.00302539
47.1572 160.055 5.14348e-07 0.00302099 0.00302108
47.1972 160.055 5.1434e-07 0.00301678 0.00301682
47.2372 160.506 5.14332e-07 0.0030125 0.00301257
47.2773 160.506 5.14324e-07 0.00300831 0.0030084
47.3173 160.956 5.14316e-07 0.00300399 0.00300417
47.3574 160.956 5.14307e-07 0.00300005 0.00300005
47.3974 161.406 5.14299e-07 0.00299556 0.0029958
47.4374 161.406 5.1429e-07 0.00299143 0.00299153
47.4775 161.856 5.14281e-07 0.00298733 0.00298739
47.5175 161.856 5.14272e-07 0.00298323 0.00298331
47.5576 162.306 5.14263e-07 0.00297906 0.00297913
47.5976 162.306 5.14254e-07 0.00297477 0.00297477
47.6376 162.757 5.14245e-07 0.00297052 0.00297071
47.6777 162.757 5.14235e-07 0.00296645 0.00296663
47.7177 163.207 5.14226e-07 0.00296237 0.0029626
47.7578 163.207 5.14217e-07 0.00295838 0.00295844
47.7978 163.657 5.14207e-07 0.00295422 0.0029543
47.8378 163.657 5.14197e-07 0.00295015 0.00295035
47.8779 164.107 5.14187e-07 0.00294598 0.00294612
47.9179 164.107 5.14177e-07 0.00294211 0.00294211
47.958 164.558 5.14167e-07 0.00293807 0.0029381
47.998 164.558 5.14157e-07 0.00293384 0.00293395
48.038 165.008 5.14146e-07 0.0029298 0.00293004
48.0781 165.008 5.14136e-07 0.00292568 0.00292605
48.1181 165.458 5.14125e-07 0.00292174 0.00292187
48.1582 165.458 5.14115e-07 0.0029177 0.00291801
48.1982 165.908 5.14104e-07 0.00291389 0.00291404
48.2382 165.908 5.14093e-07 0.00290996 0.0029101
48.2783 166.359 5.14082e-07 0.00290603 0.0029061
48.3183 166.359 5.1407e-07 0.00290211 0.00290217
48.3584 166.809 5.14059e-07 0.00289819 0.00289821
48.3984 166.809 5.14048e-07 0.00289431 0.00289435
48.4384 167.259 5.14036e-07 0.00289021 0.00289029
48.4785 167.259 5.14024e-07 0.00288633 0.00288637
48.5185 167.709 5.14013e-07 0.0028824 0.00288247
48.5586 167.709 5.14001e-07 0.0028785 0.00287853
48.5986 168.159 5.13988e-07 0.00287452 0.00287471
48.6386 168.159 5.13976e-07 0.0028709 0.0028709
48.6787 168.61 5.13964e-07 0.00286711 0.00286711
48.7187 168.61 5.13951e-07 0.00286311 0.00286323
48.7588 169.06 5.13939e-07 0.00285937 0.00285941
48.7988 169.06 5.13926e-07 0.00285551 0.00285551
48.8388 169.51 5.13913e-07 0.00285165 0.00285175
48.8789 169.51 5.139e-07 0.00284794 0.00284794
48.9189 169.96 5.13887e-07 0.002844 0.00284412
48.959 169.96 5.13874e-07 0.00284026 0.00284045
48.999 170.411 5.1386e-07 0.00283646 0.00283671
49.039 170.411 5.13847e-07 0.00283268 0.00283279
49.0791 170.861 5.13833e-07 0.00282891 0.00282906
49.1191 170.861 5.13819e-07 0.002825 0.00282532
49.1592 171.311 5.13805e-07 0.00282148 0.00282165
49.1992 171.311 5.13791e-07 0.00281768 0.00281789
49.2392 171.761 5.13776e-07 0.00281408 0.00281418
49.2793 171.761 5.13762e-07 0.00281034 0.00281044
49.3193 172.211 5.13747e-07 0.00280673 0.00280674
49.3594 172.211 5.13733e-07 0.00280287 0.00280301
49.3994 172.662 5.13718e-07 0.0027993 0.00279944
49.4394 172.662 5.13703e-07 0.0027956 0.0027957
49.4795 173.112 5.13688e-07 0.00279191 0.00279204
49.5195 173.112 5.13672e-07 0.0027883 0.0027885
49.5596 173.562 5.13657e-07 0.00278456 0.00278492
49.5996 173.562 5.13641e-07 0.00278117 0.00278119
49.6396 174.012 5.13626e-07 0.00277732 0.00277755
49.6797 174.012 5.1361e-07 0.00277375 0.00277393
49.7197 174.463 5.13594e-07 0.00277022 0.0027704
49.7598 174.463 5.13578e-07 0.0027667 0.00276671
49.7998 174.913 5.13561e-07 0.00276307 0.00276316
49.8398 174.913 5.13545e-07 0.00275945 0.00275967
49.8799 175.363 5.13528e-07 0.00275597 0.00275598
49.9199 175.363 5.13511e-07 0.00275241 0.00275261
49.96 175.813 5.13494e-07 0.00274891 0.002749
50 175.813 5.13477e-07 0.00274532 0.00274544
