#S 1 scored data
#N 5
#L  distance  fwhm  total_intensity  on_axis_intensity  peak_intensity
10 91.621 1.00706e-06 0.0103141 0.0103141
10.04 91.1708 1.00706e-06 0.0103621 0.0103621
10.0801 90.7205 1.00705e-06 0.0104107 0.010411
10.1201 90.2703 1.00705e-06 0.0104608 0.010461
10.1602 89.8201 1.00705e-06 0.0105112 0.0105112
10.2002 89.3699 1.00705e-06 0.0105607 0.0105608
10.2402 88.9196 1.00705e-06 0.0106118 0.0106118
10.2803 88.4694 1.00705e-06 0.0106638 0.0106639
10.3203 88.0192 1.00705e-06 0.0107161 0.0107161
10.3604 87.569 1.00705e-06 0.0107675 0.0107675
10.4004 87.1187 1.00705e-06 0.0108208 0.0108211
10.4404 86.6685 1.00705e-06 0.010875 0.010875
10.4805 86.2183 1.00705e-06 0.0109289 0.0109289
10.5205 85.7681 1.00705e-06 0.0109827 0.0109828
10.5606 85.3178 1.00705e-06 0.0110379 0.0110381
10.6006 84.8676 1.00705e-06 0.0110943 0.0110943
10.6406 84.4174 1.00705e-06 0.0111501 0.0111501
10.6807 83.9671 1.00705e-06 0.0112065 0.0112065
10.7207 83.9671 1.00705e-06 0.0112641 0.0112641
10.7608 83.5169 1.00705e-06 0.0113228 0.0113228
10.8008 83.0667 1.00705e-06 0.0113805 0.0113809
10.8408 82.6165 1.00705e-06 0.0114394 0.0114394
10.8809 82.1662 1.00705e-06 0.0114997 0.0114997
10.9209 81.716 1.00705e-06 0.0115601 0.0115604
10.961 81.2658 1.00705e-06 0.0116216 0.0116216
11.001 80.8156 1.00705e-06 0.0116823 0.0116823
11.041 80.3653 1.00705e-06 0.0117445 0.0117446
11.0811 79.9151 1.00705e-06 0.0118086 0.0118086
11.1211 79.4649 1.00705e-06 0.0118721 0.0118721
11.1612 79.0147 1.00705e-06 0.0119356 0.0119356
11.2012 78.5644 1.00705e-06 0.0120009 0.0120009
11.2412 78.1142 1.00705e-06 0.0120672 0.0120672
11.2813 77.664 1.00705e-06 0.0121336 0.012134
11.3213 77.2138 1.00705e-06 0.0122008 0.0122014
11.3614 76.7635 1.00705e-06 0.0122681 0.0122681
11.4014 76.3133 1.00705e-06 0.0123374 0.0123374
11.4414 75.8631 1.00705e-06 0.0124072 0.0124074
11.4815 75.4129 1.00705e-06 0.0124777 0.0124777
11.5215 74.9626 1.00705e-06 0.0125483 0.0125483
11.5616 74.5124 1.00705e-06 0.0126198 0.0126201
11.6016 74.5124 1.00705e-06 0.012693 0.012693
11.6416 74.0622 1.00705e-06 0.0127669 0.0127672
11.6817 73.612 1.00705e-06 0.0128412 0.0128412
11.7217 73.1617 1.00705e-06 0.0129161 0.0129161
11.7618 72.7115 1.00705e-06 0.0129921 0.0129921
11.8018 72.2613 1.00705e-06 0.0130694 0.0130695
11.8418 71.811 1.00705e-06 0.0131482 0.0131482
11.8819 71.3608 1.00705e-06 0.013227 0.013227
11.9219 70.9106 1.00705e-06 0.013306 0.013306
11.962 70.4604 1.00705e-06 0.0133867 0.0133867
12.002 70.0101 1.00705e-06 0.0134689 0.0134692
12.042 69.5599 1.00705e-06 0.0135525 0.0135525
12.0821 69.1097 1.00705e-06 0.0136358 0.0136359
12.1221 68.6595 1.00705e-06 0.0137198 0.01372
12.1622 68.2092 1.00705e-06 0.0138055 0.0138056
12.2022 67.759 1.00705e-06 0.0138933 0.0138934
12.2422 67.3088 1.00705e-06 0.0139821 0.0139821
12.2823 66.8586 1.00705e-06 0.0140712 0.0140715
12.3223 66.4083 1.00705e-06 0.014161 0.014161
12.3624 65.9581 1.00705e-06 0.0142517 0.0142517
12.4024 65.5079 1.00705e-06 0.0143448 0.0143448
12.4424 65.5079 1.00705e-06 0.0144392 0.0144392
12.4825 65.0577 1.00705e-06 0.0145347 0.014535
12.5225 64.6074 1.00705e-06 0.0146308 0.0146308
12.5626 64.1572 1.00705e-06 0.0147277 0.0147277
12.6026 63.707 1.00705e-06 0.0148264 0.0148265
12.6426 63.2568 1.00705e-06 0.0149276 0.0149276
12.6827 62.8065 1.00705e-06 0.0150298 0.0150298
12.7227 62.3563 1.00705e-06 0.0151329 0.0151332
12.7628 61.9061 1.00705e-06 0.0152365 0.0152369
12.8028 61.4558 1.00705e-06 0.0153419 0.0153421
12.8428 61.0056 1.00705e-06 0.0154494 0.0154494
12.8829 60.5554 1.00705e-06 0.0155589 0.0155589
12.9229 60.1052 1.00705e-06 0.0156699 0.01567
12.963 59.6549 1.00705e-06 0.0157817 0.0157817
13.003 59.2047 1.00705e-06 0.0158942 0.0158944
13.043 58.7545 1.00705e-06 0.0160095 0.0160095
13.0831 58.3043 1.00705e-06 0.0161265 0.0161265
13.1231 57.854 1.00705e-06 0.0162456 0.0162456
13.1632 57.4038 1.00705e-06 0.0163665 0.0163665
13.2032 56.9536 1.00705e-06 0.0164888 0.0164888
13.2432 56.5034 1.00705e-06 0.0166118 0.0166118
13.2833 56.5034 1.00705e-06 0.0167363 0.0167368
13.3233 56.0531 1.00705e-06 0.0168645 0.0168646
13.3634 55.6029 1.00705e-06 0.0169945 0.0169946
13.4034 55.1527 1.00705e-06 0.0171276 0.0171276
13.4434 54.7025 1.00705e-06 0.0172607 0.0172607
13.4835 54.2522 1.00705e-06 0.0173955 0.0173959
13.5235 53.802 1.00705e-06 0.0175327 0.0175329
13.5636 53.3518 1.00705e-06 0.0176726 0.0176727
13.6036 52.9016 1.00705e-06 0.0178155 0.0178155
13.6436 52.4513 1.00705e-06 0.0179612 0.0179614
13.6837 52.0011 1.00705e-06 0.0181085 0.0181087
13.7237 51.5509 1.00705e-06 0.0182573 0.0182576
13.7638 51.1007 1.00705e-06 0.0184084 0.0184084
13.8038 50.6504 1.00705e-06 0.018562 0.018562
13.8438 50.2002 1.00705e-06 0.0187188 0.0187188
13.8839 49.75 1.00705e-06 0.0188791 0.0188792
13.9239 49.2997 1.00705e-06 0.0190422 0.0190425
13.964 48.8495 1.00705e-06 0.0192078 0.0192078
14.004 48.3993 1.00705e-06 0.0193746 0.0193748
14.044 48.3993 1.00705e-06 0.0195445 0.0195447
14.0841 47.9491 1.00705e-06 0.0197179 0.0197179
14.1241 47.4988 1.00705e-06 0.0198949 0.0198949
14.1642 47.0486 1.00705e-06 0.0200759 0.020076
14.2042 46.5984 1.00705e-06 0.0202601 0.0202601
14.2442 46.1482 1.00705e-06 0.020447 0.020447
14.2843 45.6979 1.00705e-06 0.0206366 0.0206366
14.3243 45.2477 1.00705e-06 0.0208284 0.0208285
14.3644 44.7975 1.00705e-06 0.0210252 0.0210252
14.4044 44.3473 1.00705e-06 0.0212261 0.0212261
14.4444 43.897 1.00705e-06 0.0214325 0.0214325
14.4845 43.4468 1.00705e-06 0.0216422 0.0216422
14.5245 42.9966 1.00705e-06 0.0218551 0.0218551
14.5646 42.5464 1.00705e-06 0.0220709 0.0220714
14.6046 42.0961 1.00705e-06 0.0222914 0.0222914
14.6446 41.6459 1.00705e-06 0.0225159 0.0225159
14.6847 41.1957 1.00705e-06 0.0227454 0.0227457
14.7247 40.7455 1.00705e-06 0.0229812 0.0229812
14.7648 40.2952 1.00705e-06 0.023222 0.0232222
14.8048 40.2952 1.00705e-06 0.0234678 0.0234678
14.8448 39.845 1.00705e-06 0.0237171 0.0237177
14.8849 39.3948 1.00705e-06 0.0239712 0.0239712
14.9249 38.9445 1.00705e-06 0.0242301 0.0242304
14.965 38.4943 1.00705e-06 0.0244951 0.0244954
15.005 38.0441 1.00705e-06 0.0247669 0.0247669
15.045 37.5939 1.00705e-06 0.0250459 0.0250459
15.0851 37.1436 1.00705e-06 0.0253316 0.0253316
15.1251 36.6934 1.00705e-06 0.0256227 0.0256227
15.1652 36.2432 1.00705e-06 0.0259194 0.0259194
15.2052 35.793 1.00705e-06 0.0262219 0.0262219
15.2452 35.3427 1.00705e-06 0.0265311 0.0265311
15.2853 34.8925 1.00705e-06 0.0268479 0.0268479
15.3253 34.4423 1.00705e-06 0.0271738 0.0271738
15.3654 33.9921 1.00705e-06 0.0275084 0.0275084
15.4054 33.5418 1.00705e-06 0.0278521 0.0278521
15.4454 33.5418 1.00705e-06 0.0282028 0.0282029
15.4855 33.0916 1.00705e-06 0.0285612 0.0285612
15.5255 32.6414 1.00705e-06 0.0289275 0.0289275
15.5656 32.1912 1.00705e-06 0.0293028 0.0293032
15.6056 31.7409 1.00705e-06 0.0296878 0.0296878
15.6456 31.2907 1.00705e-06 0.0300836 0.0300838
15.6857 30.8405 1.00705e-06 0.0304922 0.0304922
15.7257 30.3903 1.00705e-06 0.0309119 0.0309125
15.7658 29.94 1.00705e-06 0.0313432 0.0313432
15.8058 29.4898 1.00705e-06 0.0317839 0.0317844
15.8458 29.0396 1.00705e-06 0.0322358 0.0322364
15.8859 28.5894 1.00705e-06 0.0326995 0.0326998
15.9259 28.1391 1.00705e-06 0.0331762 0.0331765
15.966 27.6889 1.00705e-06 0.0336691 0.0336691
16.006 27.2387 1.00705e-06 0.0341754 0.0341757
16.046 27.2387 1.00705e-06 0.0346984 0.034699
16.0861 26.7884 1.00705e-06 0.0352381 0.0352387
16.1261 26.3382 1.00705e-06 0.0357927 0.035793
16.1662 25.888 1.00705e-06 0.036364 0.0363642
16.2062 25.4378 1.00705e-06 0.0369503 0.0369503
16.2462 24.9875 1.00705e-06 0.0375546 0.0375546
16.2863 24.5373 1.00705e-06 0.0381783 0.0381786
16.3263 24.0871 1.00705e-06 0.0388236 0.0388246
16.3664 23.6369 1.00705e-06 0.0394918 0.0394918
16.4064 23.1866 1.00705e-06 0.0401829 0.0401829
16.4464 22.7364 1.00705e-06 0.040898 0.040898
16.4865 22.2862 1.00705e-06 0.0416356 0.0416356
16.5265 22.2862 1.00705e-06 0.042399 0.042399
16.5666 21.836 1.00705e-06 0.0431858 0.0431864
16.6066 21.3857 1.00705e-06 0.0440007 0.0440007
16.6466 20.9355 1.00705e-06 0.0448441 0.0448441
16.6867 20.4853 1.00705e-06 0.0457198 0.0457211
16.7267 20.0351 1.00705e-06 0.04663 0.0466301
16.7668 19.5848 1.00705e-06 0.0475752 0.0475757
16.8068 19.1346 1.00705e-06 0.0485578 0.0485578
16.8468 18.6844 1.00705e-06 0.0495766 0.0495766
16.8869 18.2342 1.00705e-06 0.0506349 0.0506349
16.9269 18.2342 1.00705e-06 0.0517323 0.0517331
16.967 17.7839 1.00705e-06 0.0528729 0.0528735
17.007 17.3337 1.00705e-06 0.05406 0.0540604
17.047 16.8835 1.00705e-06 0.0552961 0.0552966
17.0871 16.4332 1.00705e-06 0.0565851 0.0565851
17.1271 15.983 1.00705e-06 0.0579299 0.0579299
17.1672 15.5328 1.00705e-06 0.0593317 0.0593317
17.2072 15.5328 1.00705e-06 0.0607945 0.0607945
17.2472 15.0826 1.00705e-06 0.0623193 0.0623198
17.2873 14.6323 1.00705e-06 0.063908 0.0639086
17.3273 14.1821 1.00705e-06 0.0655668 0.0655675
17.3674 13.7319 1.00705e-06 0.0672972 0.0672976
17.4074 13.2817 1.00705e-06 0.0691035 0.0691035
17.4474 13.2817 1.00705e-06 0.0709901 0.0709901
17.4875 12.8314 1.00705e-06 0.072959 0.0729593
17.5275 12.3812 1.00705e-06 0.0750152 0.0750154
17.5676 11.931 1.00705e-06 0.0771595 0.0771602
17.6076 11.4808 1.00705e-06 0.0793956 0.0793959
17.6476 11.4808 1.00705e-06 0.0817238 0.0817238
17.6877 11.0305 1.00705e-06 0.0841441 0.0841443
17.7277 10.5803 1.00705e-06 0.0866574 0.0866574
17.7678 10.5803 1.00705e-06 0.0892613 0.0892613
17.8078 10.1301 1.00705e-06 0.091953 0.0919537
17.8478 9.67986 1.00705e-06 0.0947265 0.0947265
17.8879 9.67986 1.00705e-06 0.0975728 0.0975728
17.9279 9.22963 1.00705e-06 0.10048 0.100481
17.968 8.77941 1.00705e-06 0.103433 0.103433
18.008 8.77941 1.00705e-06 0.106411 0.106412
18.048 8.32918 1.00705e-06 0.109391 0.109391
18.0881 8.32918 1.00705e-06 0.112338 0.112338
18.1281 7.87896 1.00705e-06 0.11522 0.11522
18.1682 7.87896 1.00705e-06 0.117993 0.117993
18.2082 7.42873 1.00705e-06 0.120609 0.120609
18.2482 7.42873 1.00705e-06 0.123018 0.123018
18.2883 7.42873 1.00705e-06 0.125165 0.125165
18.3283 7.42873 1.00705e-06 0.126999 0.126999
18.3684 6.9785 1.00705e-06 0.128471 0.128471
18.4084 6.9785 1.00705e-06 0.12954 0.12954
18.4484 6.9785 1.00705e-06 0.130176 0.130176
18.4885 6.9785 1.00705e-06 0.130358 0.130358
18.5285 6.9785 1.00705e-06 0.130083 0.130083
18.5686 6.9785 1.00705e-06 0.129359 0.129359
18.6086 6.9785 1.00705e-06 0.128208 0.128208
18.6486 7.42873 1.00705e-06 0.126662 0.126662
18.6887 7.42873 1.00705e-06 0.124765 0.124765
18.7287 7.42873 1.00705e-06 0.122564 0.122564
18.7688 7.42873 1.00705e-06 0.120112 0.120112
18.8088 7.87896 1.00705e-06 0.11746 0.11746
18.8488 7.87896 1.00705e-06 0.114661 0.114661
18.8889 8.32918 1.00705e-06 0.11176 0.11176
18.9289 8.32918 1.00705e-06 0.1088 0.1088
18.969 8.77941 1.00705e-06 0.105818 0.105818
19.009 8.77941 1.00705e-06 0.102843 0.102843
19.049 9.22963 1.00705e-06 0.0998979 0.0998981
19.0891 9.67986 1.00705e-06 0.0970044 0.0970049
19.1291 9.67986 1.00705e-06 0.0941735 0.0941739
19.1692 10.1301 1.00705e-06 0.0914179 0.0914184
19.2092 10.5803 1.00705e-06 0.0887441 0.0887441
19.2492 10.5803 1.00705e-06 0.0861577 0.0861578
19.2893 11.0305 1.00705e-06 0.083661 0.083661
19.3293 11.4808 1.00705e-06 0.0812567 0.0812567
19.3694 11.931 1.00705e-06 0.0789455 0.0789455
19.4094 11.931 1.00705e-06 0.0767269 0.0767273
19.4494 12.3812 1.00705e-06 0.0746005 0.0746005
19.4895 12.8314 1.00705e-06 0.0725617 0.0725617
19.5295 13.2817 1.00705e-06 0.0706092 0.0706093
19.5696 13.7319 1.00705e-06 0.0687387 0.0687387
19.6096 13.7319 1.00705e-06 0.0669489 0.0669489
19.6496 14.1821 1.00705e-06 0.0652324 0.0652325
19.6897 14.6323 1.00705e-06 0.063589 0.0635894
19.7297 15.0826 1.00705e-06 0.0620128 0.0620128
19.7698 15.5328 1.00705e-06 0.0605024 0.0605026
19.8098 15.983 1.00705e-06 0.0590529 0.0590533
19.8498 15.983 1.00705e-06 0.0576636 0.0576636
19.8899 16.4332 1.00705e-06 0.056329 0.0563297
19.9299 16.8835 1.00705e-06 0.0550493 0.0550494
19.97 17.3337 1.00705e-06 0.0538213 0.0538213
20.01 17.7839 1.00705e-06 0.0526408 0.0526408
20.0501 18.2342 1.00705e-06 0.0515061 0.0515061
20.0901 18.6844 1.00705e-06 0.0504167 0.0504174
20.1301 19.1346 1.00705e-06 0.0493685 0.0493689
20.1702 19.1346 1.00705e-06 0.0483602 0.0483602
20.2102 19.5848 1.00705e-06 0.0473889 0.0473893
20.2503 20.0351 1.00705e-06 0.0464527 0.0464527
20.2903 20.4853 1.00705e-06 0.0455501 0.0455501
20.3303 20.9355 1.00705e-06 0.0446791 0.0446791
20.3704 21.3857 1.00705e-06 0.0438386 0.0438392
20.4104 21.836 1.00705e-06 0.0430273 0.0430273
20.4505 22.2862 1.00705e-06 0.0422426 0.0422426
20.4905 22.7364 1.00705e-06 0.0414846 0.0414846
20.5305 23.1866 1.00705e-06 0.0407513 0.0407522
20.5706 23.1866 1.00705e-06 0.0400431 0.0400438
20.6106 23.6369 1.00705e-06 0.0393578 0.0393585
20.6507 24.0871 1.00705e-06 0.0386958 0.0386958
20.6907 24.5373 1.00705e-06 0.0380543 0.0380543
20.7307 24.9875 1.00705e-06 0.0374332 0.0374333
20.7708 25.4378 1.00705e-06 0.0368308 0.0368314
20.8108 25.888 1.00705e-06 0.0362476 0.0362476
20.8509 26.3382 1.00705e-06 0.0356801 0.0356804
20.8909 26.7884 1.00705e-06 0.0351313 0.0351313
20.9309 27.2387 1.00705e-06 0.0345968 0.0345968
20.971 27.6889 1.00705e-06 0.0340772 0.0340775
21.011 28.1391 1.00705e-06 0.0335731 0.0335731
21.0511 28.5894 1.00705e-06 0.0330831 0.0330831
21.0911 28.5894 1.00705e-06 0.0326062 0.0326062
21.1311 29.0396 1.00705e-06 0.0321426 0.0321426
21.1712 29.4898 1.00705e-06 0.0316917 0.0316917
21.2112 29.94 1.00705e-06 0.0312528 0.0312528
21.2513 30.3903 1.00705e-06 0.0308262 0.0308262
21.2913 30.8405 1.00705e-06 0.0304108 0.0304108
21.3313 31.2907 1.00705e-06 0.0300061 0.0300063
21.3714 31.7409 1.00705e-06 0.0296114 0.0296118
21.4114 32.1912 1.00705e-06 0.0292277 0.0292279
21.4515 32.6414 1.00705e-06 0.028854 0.028854
21.4915 33.0916 1.00705e-06 0.0284883 0.0284885
21.5315 33.5418 1.00705e-06 0.0281315 0.0281315
21.5716 33.9921 1.00705e-06 0.0277834 0.0277834
21.6116 34.4423 1.00705e-06 0.0274435 0.0274435
21.6517 34.8925 1.00705e-06 0.0271106 0.0271109
21.6917 34.8925 1.00705e-06 0.0267865 0.0267865
21.7317 35.3427 1.00705e-06 0.0264697 0.0264697
21.7718 35.793 1.00705e-06 0.02616 0.02616
21.8118 36.2432 1.00705e-06 0.0258573 0.0258573
21.8519 36.6934 1.00705e-06 0.0255613 0.0255613
21.8919 37.1436 1.00705e-06 0.0252728 0.0252728
21.9319 37.5939 1.00705e-06 0.0249896 0.0249896
21.972 38.0441 1.00705e-06 0.0247141 0.0247141
22.012 38.4943 1.00705e-06 0.0244433 0.0244434
22.0521 38.9445 1.00705e-06 0.0241791 0.0241791
22.0921 39.3948 1.00705e-06 0.0239199 0.02392
22.1321 39.845 1.00705e-06 0.0236665 0.0236665
22.1722 40.2952 1.00705e-06 0.0234181 0.0234181
22.2122 40.7455 1.00705e-06 0.0231744 0.0231749
22.2523 41.1957 1.00705e-06 0.0229362 0.0229362
22.2923 41.6459 1.00705e-06 0.0227019 0.0227019
22.3323 42.0961 1.00705e-06 0.0224722 0.0224725
22.3724 42.0961 1.00705e-06 0.0222476 0.0222476
22.4124 42.5464 1.00705e-06 0.0220268 0.0220273
22.4525 42.9966 1.00705e-06 0.0218106 0.0218106
22.4925 43.4468 1.00705e-06 0.0215986 0.0215987
22.5325 43.897 1.00705e-06 0.0213901 0.0213901
22.5726 44.3473 1.00705e-06 0.0211864 0.0211864
22.6126 44.7975 1.00705e-06 0.0209866 0.0209866
22.6527 45.2477 1.00705e-06 0.0207897 0.0207904
22.6927 45.6979 1.00705e-06 0.0205977 0.0205977
22.7327 46.1482 1.00705e-06 0.020408 0.020408
22.7728 46.5984 1.00705e-06 0.0202219 0.0202223
22.8128 47.0486 1.00705e-06 0.0200399 0.0200401
22.8529 47.4988 1.00705e-06 0.0198613 0.0198613
22.8929 47.9491 1.00705e-06 0.0196847 0.0196851
22.9329 48.3993 1.00705e-06 0.0195117 0.0195119
22.973 48.8495 1.00705e-06 0.0193413 0.0193414
23.013 49.2997 1.00705e-06 0.019174 0.0191743
23.0531 49.75 1.00705e-06 0.0190094 0.0190094
23.0931 49.75 1.00705e-06 0.0188473 0.0188474
23.1331 50.2002 1.00705e-06 0.0186881 0.0186881
23.1732 50.6504 1.00705e-06 0.0185317 0.0185317
23.2132 51.1007 1.00705e-06 0.0183775 0.0183784
23.2533 51.5509 1.00705e-06 0.018226 0.0182261
23.2933 52.0011 1.00705e-06 0.0180773 0.0180775
23.3333 52.4513 1.00705e-06 0.0179302 0.017931
23.3734 52.9016 1.00705e-06 0.0177867 0.0177867
23.4134 53.3518 1.00705e-06 0.0176451 0.0176451
23.4535 53.802 1.00705e-06 0.0175055 0.0175058
23.4935 54.2522 1.00705e-06 0.0173686 0.0173686
23.5335 54.7025 1.00705e-06 0.0172332 0.0172332
23.5736 55.1527 1.00705e-06 0.0170996 0.0171002
23.6136 55.6029 1.00705e-06 0.0169691 0.0169692
23.6537 56.0531 1.00705e-06 0.0168397 0.0168403
23.6937 56.5034 1.00705e-06 0.0167129 0.016713
23.7337 56.9536 1.00705e-06 0.0165873 0.0165873
23.7738 57.4038 1.00705e-06 0.0164639 0.0164643
23.8138 57.854 1.00705e-06 0.0163417 0.016342
23.8539 58.3043 1.00705e-06 0.0162216 0.0162218
23.8939 58.3043 1.00705e-06 0.0161033 0.0161034
23.9339 58.7545 1.00705e-06 0.0159867 0.0159869
23.974 59.2047 1.00705e-06 0.0158713 0.0158713
24.014 59.6549 1.00705e-06 0.0157581 0.0157585
24.0541 60.1052 1.00705e-06 0.0156465 0.0156467
24.0941 60.5554 1.00705e-06 0.0155361 0.0155362
24.1341 61.0056 1.00705e-06 0.0154275 0.0154278
24.1742 61.4558 1.00705e-06 0.0153208 0.0153208
24.2142 61.9061 1.00705e-06 0.0152148 0.0152149
24.2543 62.3563 1.00705e-06 0.0151111 0.0151113
24.2943 62.8065 1.00705e-06 0.0150086 0.0150087
24.3343 63.2568 1.00705e-06 0.0149076 0.0149076
24.3744 63.707 1.00705e-06 0.0148072 0.0148075
24.4144 64.1572 1.00705e-06 0.0147093 0.0147095
24.4545 64.6074 1.00705e-06 0.0146115 0.014612
24.4945 65.0577 1.00705e-06 0.0145158 0.014516
24.5345 65.5079 1.00705e-06 0.0144203 0.014421
24.5746 65.9581 1.00705e-06 0.0143268 0.0143272
24.6146 66.4083 1.00705e-06 0.0142343 0.0142348
24.6547 66.8586 1.00705e-06 0.0141435 0.0141435
24.6947 67.3088 1.00705e-06 0.0140528 0.0140528
24.7347 67.3088 1.00705e-06 0.0139638 0.0139638
24.7748 67.759 1.00705e-06 0.0138753 0.0138758
24.8148 68.2092 1.00705e-06 0.0137889 0.0137891
24.8549 68.6595 1.00705e-06 0.0137035 0.0137035
24.8949 69.1097 1.00705e-06 0.0136179 0.0136181
24.9349 69.5599 1.00705e-06 0.013534 0.0135344
24.975 70.0101 1.00705e-06 0.0134514 0.0134518
25.015 70.4604 1.00705e-06 0.0133701 0.0133704
25.0551 70.9106 1.00705e-06 0.0132894 0.0132899
25.0951 71.3608 1.00705e-06 0.0132104 0.0132104
25.1351 71.811 1.00705e-06 0.0131318 0.0131322
25.1752 72.2613 1.00705e-06 0.0130536 0.013054
25.2152 72.7115 1.00705e-06 0.012977 0.0129773
25.2553 73.1617 1.00705e-06 0.0129007 0.0129011
25.2953 73.612 1.00705e-06 0.0128264 0.0128264
25.3353 74.0622 1.00705e-06 0.0127522 0.0127525
25.3754 74.5124 1.00705e-06 0.0126789 0.0126789
25.4154 74.9626 1.00705e-06 0.0126063 0.0126063
25.4555 75.4129 1.00705e-06 0.0125344 0.0125345
25.4955 75.8631 1.00705e-06 0.0124632 0.0124635
25.5355 76.3133 1.00705e-06 0.0123939 0.0123939
25.5756 76.7635 1.00705e-06 0.012324 0.0123241
25.6156 76.7635 1.00705e-06 0.0122555 0.0122555
25.6557 77.2138 1.00705e-06 0.0121872 0.0121873
25.6957 77.664 1.00705e-06 0.0121202 0.0121204
25.7357 78.1142 1.00705e-06 0.0120536 0.0120536
25.7758 78.5644 1.00705e-06 0.0119879 0.011988
25.8158 79.0147 1.00705e-06 0.0119228 0.0119229
25.8559 79.4649 1.00705e-06 0.0118587 0.0118588
25.8959 79.9151 1.00705e-06 0.0117951 0.0117951
25.9359 80.3653 1.00705e-06 0.0117324 0.0117327
25.976 80.8156 1.00705e-06 0.01167 0.0116701
26.016 81.2658 1.00705e-06 0.0116085 0.0116087
26.0561 81.716 1.00705e-06 0.0115479 0.0115479
26.0961 82.1662 1.00705e-06 0.0114878 0.0114879
26.1361 82.6165 1.00705e-06 0.0114279 0.0114281
26.1762 83.0667 1.00705e-06 0.0113693 0.0113693
26.2162 83.5169 1.00705e-06 0.0113109 0.0113109
26.2563 83.9671 1.00705e-06 0.011253 0.011253
26.2963 84.4174 1.00705e-06 0.0111962 0.0111962
26.3363 84.8676 1.00705e-06 0.0111395 0.0111396
26.3764 85.3178 1.00705e-06 0.0110833 0.0110833
26.4164 85.7681 1.00705e-06 0.0110276 0.0110276
26.4565 86.2183 1.00705e-06 0.0109727 0.0109727
26.4965 86.2183 1.00705e-06 0.0109179 0.0109179
26.5365 86.6685 1.00705e-06 0.0108639 0.010864
26.5766 87.1187 1.00705e-06 0.0108107 0.0108107
26.6166 87.569 1.00705e-06 0.0107576 0.0107576
26.6567 88.0192 1.00705e-06 0.0107051 0.0107052
26.6967 88.4694 1.00705e-06 0.0106531 0.0106534
26.7367 88.9196 1.00705e-06 0.010602 0.010602
26.7768 89.3699 1.00705e-06 0.0105508 0.0105508
26.8168 89.8201 1.00705e-06 0.0105003 0.0105004
26.8569 90.2703 1.00705e-06 0.0104506 0.0104506
26.8969 90.7205 1.00705e-06 0.0104012 0.0104012
26.9369 91.1708 1.00705e-06 0.0103521 0.0103521
26.977 91.621 1.00705e-06 0.0103034 0.0103036
27.017 92.0712 1.00705e-06 0.0102556 0.0102557
27.0571 92.5214 1.00705e-06 0.0102082 0.0102082
27.0971 92.9717 1.00705e-06 0.0101609 0.0101612
27.1371 93.4219 1.00705e-06 0.0101148 0.0101148
27.1772 93.8721 1.00705e-06 0.0100681 0.0100681
27.2172 94.3223 1.00705e-06 0.0100224 0.0100224
27.2573 94.7726 1.00705e-06 0.00997701 0.00997701
27.2973 95.2228 1.00705e-06 0.00993175 0.00993175
27.3373 95.673 1.00705e-06 0.00988768 0.00988771
27.3774 95.673 1.00705e-06 0.00984329 0.00984344
27.4174 96.1233 1.00705e-06 0.00979913 0.0097994
27.4575 96.5735 1.00705e-06 0.00975593 0.00975593
27.4975 97.0237 1.00705e-06 0.00971263 0.00971274
27.5375 97.4739 1.00705e-06 0.00966974 0.00966974
27.5776 97.9242 1.00705e-06 0.00962751 0.00962757
27.6176 98.3744 1.00705e-06 0.00958532 0.00958539
27.6577 98.8246 1.00705e-06 0.0095436 0.00954387
27.6977 99.2748 1.00705e-06 0.00950228 0.00950228
27.7377 99.7251 1.00705e-06 0.00946169 0.00946169
27.7778 100.175 1.00705e-06 0.00942055 0.00942055
27.8178 100.626 1.00705e-06 0.00938074 0.00938074
27.8579 101.076 1.00705e-06 0.00934053 0.00934053
27.8979 101.526 1.00705e-06 0.00930099 0.00930099
27.9379 101.976 1.00705e-06 0.00926184 0.00926184
27.978 102.426 1.00705e-06 0.00922295 0.00922295
28.018 102.877 1.00705e-06 0.00918468 0.00918468
28.0581 103.327 1.00705e-06 0.00914623 0.00914633
28.0981 103.777 1.00705e-06 0.00910831 0.00910836
28.1381 104.227 1.00705e-06 0.00907079 0.009071
28.1782 104.678 1.00705e-06 0.0090337 0.0090337
28.2182 105.128 1.00705e-06 0.00899703 0.00899703
28.2583 105.578 1.00705e-06 0.00896011 0.00896016
28.2983 105.578 1.00705e-06 0.00892422 0.00892422
28.3383 106.028 1.00705e-06 0.00888804 0.00888815
28.3784 106.478 1.00705e-06 0.00885188 0.00885212
28.4184 106.929 1.00705e-06 0.00881649 0.00881682
28.4585 107.379 1.00705e-06 0.00878134 0.00878142
28.4985 107.829 1.00705e-06 0.00874686 0.00874686
28.5385 108.279 1.00704e-06 0.00871183 0.00871183
28.5786 108.73 1.00704e-06 0.00867746 0.00867754
28.6186 109.18 1.00704e-06 0.00864324 0.00864328
28.6587 109.63 1.00704e-06 0.00860942 0.00860942
28.6987 110.08 1.00704e-06 0.00857583 0.00857583
28.7387 110.53 1.00704e-06 0.0085424 0.0085425
28.7788 110.981 1.00704e-06 0.00850908 0.00850908
28.8188 111.431 1.00704e-06 0.00847637 0.00847641
28.8589 111.881 1.00704e-06 0.00844357 0.00844363
28.8989 112.331 1.00704e-06 0.00841176 0.00841176
28.9389 112.782 1.00704e-06 0.00837891 0.00837915
28.979 113.232 1.00704e-06 0.00834742 0.00834744
29.019 113.682 1.00704e-06 0.00831529 0.00831548
29.0591 114.132 1.00704e-06 0.00828431 0.00828431
29.0991 114.583 1.00704e-06 0.00825315 0.00825346
29.1391 115.033 1.00704e-06 0.00822223 0.00822237
29.1792 115.483 1.00704e-06 0.00819147 0.00819155
29.2192 115.483 1.00704e-06 0.00816123 0.00816128
29.2593 115.933 1.00704e-06 0.00813113 0.00813113
29.2993 116.383 1.00704e-06 0.00810114 0.00810129
29.3393 116.834 1.00704e-06 0.00807131 0.00807163
29.3794 117.284 1.00704e-06 0.0080417 0.00804196
29.4194 117.734 1.00704e-06 0.00801267 0.00801267
29.4595 118.184 1.00704e-06 0.00798345 0.00798351
29.4995 118.635 1.00704e-06 0.00795472 0.00795472
29.5395 119.085 1.00704e-06 0.00792607 0.0079261
29.5796 119.535 1.00704e-06 0.00789752 0.00789776
29.6196 119.985 1.00704e-06 0.00786948 0.00786965
29.6597 120.435 1.00703e-06 0.00784105 0.00784114
29.6997 120.886 1.00703e-06 0.00781346 0.0078136
29.7397 121.336 1.00703e-06 0.0077857 0.0077857
29.7798 121.786 1.00703e-06 0.00775803 0.00775803
29.8198 122.236 1.00703e-06 0.00773098 0.00773098
29.8599 122.687 1.00703e-06 0.00770366 0.00770379
29.8999 123.137 1.00703e-06 0.00767664 0.0076769
29.9399 123.587 1.00703e-06 0.00764995 0.00764995
29.98 124.037 1.00703e-06 0.00762322 0.00762338
30.02 124.487 1.00703e-06 0.00759661 0.00759669
30.0601 124.938 1.00702e-06 0.00757099 0.00757099
30.1001 125.388 1.00702e-06 0.0075445 0.00754459
30.1401 125.388 1.00702e-06 0.00751867 0.00751868
30.1802 125.838 1.00702e-06 0.00749269 0.00749319
30.2202 126.288 1.00702e-06 0.00746758 0.00746759
30.2603 126.739 1.00702e-06 0.00744216 0.0074422
30.3003 127.189 1.00701e-06 0.00741729 0.00741729
30.3403 127.639 1.00701e-06 0.00739171 0.00739196
30.3804 128.089 1.00701e-06 0.00736715 0.00736723
30.4204 128.54 1.00701e-06 0.00734281 0.00734281
30.4605 128.99 1.007e-06 0.00731828 0.00731828
30.5005 129.44 1.007e-06 0.00729406 0.00729406
30.5405 129.89 1.007e-06 0.00726981 0.00727
30.5806 130.34 1.007e-06 0.00724569 0.0072457
30.6206 130.791 1.00699e-06 0.00722176 0.00722202
30.6607 131.241 1.00699e-06 0.00719838 0.00719838
30.7007 131.691 1.00699e-06 0.00717512 0.00717512
30.7407 132.141 1.00698e-06 0.00715158 0.00715192
30.7808 132.592 1.00698e-06 0.00712838 0.00712847
30.8208 133.042 1.00698e-06 0.00710561 0.00710561
30.8609 133.492 1.00697e-06 0.00708245 0.00708266
30.9009 133.942 1.00697e-06 0.00705993 0.00705993
30.9409 134.392 1.00696e-06 0.00703737 0.00703737
30.981 134.843 1.00696e-06 0.00701478 0.0070148
31.021 135.068 1.00696e-06 0.00699262 0.00699262
31.0611 135.293 1.00695e-06 0.00697028 0.00697028
31.1011 135.743 1.00695e-06 0.00694786 0.00694823
31.1411 136.193 1.00694e-06 0.00692593 0.00692643
31.1812 136.644 1.00694e-06 0.00690461 0.00690461
31.2212 137.094 1.00693e-06 0.00688301 0.00688301
31.2613 137.544 1.00692e-06 0.00686104 0.00686116
31.3013 137.994 1.00692e-06 0.00683936 0.00683992
31.3413 138.444 1.00691e-06 0.00681808 0.00681847
31.3814 138.895 1.00691e-06 0.00679728 0.00679736
31.4214 139.345 1.0069e-06 0.00677638 0.00677644
31.4615 139.795 1.00689e-06 0.00675535 0.00675546
31.5015 140.245 1.00688e-06 0.00673475 0.00673483
31.5415 140.696 1.00688e-06 0.00671403 0.00671435
31.5816 141.146 1.00687e-06 0.00669346 0.00669362
31.6216 141.596 1.00686e-06 0.00667299 0.00667312
31.6617 142.046 1.00685e-06 0.00665281 0.00665295
31.7017 142.497 1.00684e-06 0.00663219 0.00663271
31.7417 142.947 1.00683e-06 0.00661263 0.00661278
31.7818 143.397 1.00682e-06 0.00659338 0.00659338
31.8218 143.847 1.00681e-06 0.00657314 0.00657361
31.8619 144.297 1.0068e-06 0.00655377 0.00655379
31.9019 144.748 1.00679e-06 0.00653444 0.00653451
31.9419 145.198 1.00678e-06 0.00651516 0.00651516
31.982 145.648 1.00677e-06 0.00649528 0.00649542
32.022 145.648 1.00676e-06 0.00647592 0.00647628
32.0621 146.098 1.00675e-06 0.00645694 0.0064575
32.1021 146.549 1.00673e-06 0.00643851 0.00643867
32.1421 146.999 1.00672e-06 0.00641935 0.00641989
32.1822 147.449 1.00671e-06 0.00640109 0.00640137
32.2222 147.899 1.00669e-06 0.0063825 0.00638268
32.2623 148.349 1.00668e-06 0.00636376 0.00636421
32.3023 148.8 1.00667e-06 0.00634565 0.0063457
32.3423 149.25 1.00665e-06 0.00632691 0.0063277
32.3824 149.7 1.00664e-06 0.00630912 0.0063093
32.4224 150.15 1.00662e-06 0.00629091 0.00629117
32.4625 150.601 1.0066e-06 0.00627302 0.00627335
32.5025 151.051 1.00659e-06 0.00625477 0.00625533
32.5425 151.501 1.00657e-06 0.00623655 0.00623727
32.5826 151.951 1.00655e-06 0.00621928 0.00621967
32.6226 152.402 1.00653e-06 0.00620184 0.00620237
32.6627 152.852 1.00651e-06 0.00618416 0.00618499
32.7027 153.302 1.00649e-06 0.00616751 0.00616751
32.7427 153.752 1.00647e-06 0.00614962 0.00614988
32.7828 154.202 1.00645e-06 0.00613238 0.00613279
32.8228 154.653 1.00643e-06 0.00611524 0.00611541
32.8629 155.103 1.00641e-06 0.00609833 0.00609847
32.9029 155.103 1.00639e-06 0.00608139 0.00608168
32.9429 155.553 1.00636e-06 0.00606447 0.0060649
32.983 156.003 1.00634e-06 0.00604752 0.00604826
33.023 156.454 1.00631e-06 0.00603142 0.00603142
33.0631 156.904 1.00629e-06 0.00601454 0.00601508
33.1031 157.354 1.00626e-06 0.00599766 0.00599825
33.1431 157.804 1.00624e-06 0.00598163 0.00598217
33.1832 158.254 1.00621e-06 0.00596586 0.00596586
33.2232 158.705 1.00618e-06 0.00594978 0.00595011
33.2633 159.155 1.00615e-06 0.00593309 0.00593364
33.3033 159.605 1.00613e-06 0.00591719 0.00591757
33.3433 160.055 1.0061e-06 0.00590146 0.00590158
33.3834 160.506 1.00607e-06 0.00588539 0.00588591
33.4234 160.956 1.00603e-06 0.00586979 0.00586996
33.4635 161.406 1.006e-06 0.00585391 0.00585453
33.5035 161.856 1.00597e-06 0.00583811 0.00583899
33.5435 162.306 1.00594e-06 0.00582332 0.0058239
33.5836 162.757 1.0059e-06 0.00580801 0.00580804
33.6236 163.207 1.00587e-06 0.00579279 0.00579327
33.6637 163.657 1.00583e-06 0.00577741 0.00577772
33.7037 164.107 1.00579e-06 0.00576239 0.00576272
33.7437 164.558 1.00576e-06 0.00574688 0.00574743
33.7838 165.008 1.00572e-06 0.00573239 0.00573242
33.8238 165.008 1.00568e-06 0.00571747 0.00571779
33.8639 165.458 1.00564e-06 0.00570205 0.00570276
33.9039 165.908 1.0056e-06 0.00568728 0.00568803
33.9439 166.359 1.00556e-06 0.00567282 0.00567312
33.984 166.809 1.00551e-06 0.00565807 0.00565853
34.024 167.259 1.00547e-06 0.00564361 0.00564402
34.0641 167.709 1.00542e-06 0.00562927 0.00562941
34.1041 168.159 1.00538e-06 0.00561467 0.00561511
34.1441 168.61 1.00533e-06 0.00560074 0.00560092
34.1842 169.06 1.00529e-06 0.00558623 0.00558661
34.2242 169.51 1.00524e-06 0.00557163 0.00557227
34.2643 169.96 1.00519e-06 0.00555791 0.00555844
34.3043 170.411 1.00514e-06 0.00554375 0.00554422
34.3443 170.861 1.00509e-06 0.00552952 0.00553034
34.3844 171.311 1.00504e-06 0.0055157 0.00551615
34.4244 171.761 1.00498e-06 0.00550137 0.00550219
34.4645 172.211 1.00493e-06 0.00548797 0.00548867
34.5045 172.662 1.00487e-06 0.00547424 0.00547515
34.5445 173.112 1.00482e-06 0.00546136 0.00546137
34.5846 173.562 1.00476e-06 0.00544657 0.00544746
34.6246 174.012 1.0047e-06 0.00543365 0.00543452
34.6647 174.463 1.00464e-06 0.0054205 0.00542104
34.7047 174.913 1.00458e-06 0.00540678 0.00540724
34.7447 175.363 1.00452e-06 0.0053932 0.00539368
34.7848 175.813 1.00446e-06 0.00538031 0.00538072
34.8248 176.038 1.00439e-06 0.00536748 0.00536757
34.8649 176.263 1.00433e-06 0.00535407 0.00535456
34.9049 176.714 1.00426e-06 0.00534133 0.00534157
34.9449 177.164 1.0042e-06 0.00532791 0.00532866
34.985 177.614 1.00413e-06 0.00531523 0.00531577
35.025 178.064 1.00406e-06 0.00530279 0.00530327
35.0651 178.515 1.00399e-06 0.00528957 0.00528994
35.1051 178.965 1.00392e-06 0.00527676 0.00527713
35.1451 179.415 1.00384e-06 0.00526436 0.00526463
35.1852 179.865 1.00377e-06 0.00525183 0.00525196
35.2252 180.316 1.00369e-06 0.00523922 0.00523942
35.2653 180.766 1.00362e-06 0.00522682 0.00522718
35.3053 181.216 1.00354e-06 0.00521411 0.00521469
35.3453 181.666 1.00346e-06 0.00520173 0.00520224
35.3854 182.116 1.00338e-06 0.00518971 0.00519062
35.4254 182.567 1.0033e-06 0.00517759 0.00517803
35.4655 183.017 1.00322e-06 0.00516519 0.00516556
35.5055 183.467 1.00313e-06 0.0051534 0.00515378
35.5455 183.917 1.00305e-06 0.00514127 0.00514192
35.5856 184.368 1.00296e-06 0.00512916 0.00512957
35.6256 184.818 1.00288e-06 0.00511707 0.00511748
35.6657 185.268 1.00279e-06 0.00510536 0.00510551
35.7057 185.718 1.0027e-06 0.00509362 0.00509387
35.7457 185.943 1.00261e-06 0.00508206 0.00508224
35.7858 186.168 1.00251e-06 0.00507007 0.00507022
35.8258 186.619 1.00242e-06 0.00505772 0.00505862
35.8659 187.069 1.00232e-06 0.00504673 0.00504704
35.9059 187.519 1.00223e-06 0.00503546 0.00503547
35.9459 187.969 1.00213e-06 0.00502346 0.00502389
35.986 188.42 1.00203e-06 0.00501177 0.00501219
36.026 188.87 1.00193e-06 0.00500026 0.00500086
36.0661 189.32 1.00183e-06 0.00498941 0.00498959
36.1061 189.77 1.00173e-06 0.00497769 0.00497807
36.1461 190.22 1.00162e-06 0.00496661 0.00496682
36.1862 190.671 1.00151e-06 0.00495508 0.00495573
36.2262 191.121 1.00141e-06 0.00494393 0.00494461
36.2663 191.571 1.0013e-06 0.00493259 0.00493314
36.3063 192.021 1.00119e-06 0.00492222 0.00492222
36.3463 192.472 1.00108e-06 0.00491144 0.00491144
36.3864 192.922 1.00096e-06 0.00490022 0.00490036
36.4264 193.372 1.00085e-06 0.00488871 0.0048892
36.4665 193.822 1.00073e-06 0.00487818 0.00487846
36.5065 194.273 1.00062e-06 0.00486694 0.00486737
36.5465 194.723 1.0005e-06 0.0048562 0.00485683
36.5866 195.173 1.00038e-06 0.00484602 0.00484616
36.6266 195.623 1.00026e-06 0.00483478 0.00483525
36.6667 196.073 1.00013e-06 0.00482412 0.00482478
36.7067 196.524 1.00001e-06 0.00481374 0.00481421
36.7467 196.524 9.99882e-07 0.00480311 0.00480375
36.7868 196.974 9.99755e-07 0.00479286 0.0047931
36.8268 197.424 9.99626e-07 0.00478263 0.00478271
36.8669 197.874 9.99496e-07 0.00477185 0.00477243
36.9069 198.325 9.99364e-07 0.00476148 0.00476189
36.9469 198.775 9.99231e-07 0.00475143 0.0047516
36.987 199.225 9.99097e-07 0.00474113 0.0047414
37.027 199.675 9.98961e-07 0.004731 0.00473154
37.0671 200.125 9.98823e-07 0.00472064 0.00472098
37.1071 200.576 9.98684e-07 0.00471042 0.0047107
37.1471 201.026 9.98544e-07 0.00470054 0.00470086
37.1872 201.476 9.98402e-07 0.00469126 0.00469126
37.2272 201.926 9.98258e-07 0.00468028 0.00468069
37.2673 202.377 9.98113e-07 0.00467067 0.00467105
37.3073 202.827 9.97966e-07 0.00466082 0.00466106
37.3473 203.277 9.97818e-07 0.00465104 0.00465104
37.3874 203.727 9.97669e-07 0.00464067 0.00464122
37.4274 204.177 9.97518e-07 0.00463106 0.00463136
37.4675 204.628 9.97365e-07 0.00462132 0.00462182
37.5075 205.078 9.97211e-07 0.00461202 0.00461227
37.5475 205.528 9.97055e-07 0.0046021 0.00460228
37.5876 205.978 9.96898e-07 0.00459254 0.00459269
37.6276 205.978 9.96739e-07 0.00458296 0.00458322
37.6677 206.429 9.96579e-07 0.00457305 0.00457376
37.7077 206.879 9.96417e-07 0.00456403 0.00456415
37.7477 207.329 9.96254e-07 0.0045542 0.00455467
37.7878 207.779 9.96089e-07 0.00454504 0.00454525
37.8278 208.23 9.95923e-07 0.00453552 0.00453567
37.8679 208.68 9.95755e-07 0.00452601 0.00452611
37.9079 209.13 9.95585e-07 0.0045165 0.00451698
37.9479 209.58 9.95414e-07 0.00450781 0.00450793
37.988 210.03 9.95242e-07 0.00449813 0.00449834
38.028 210.481 9.95068e-07 0.0044888 0.00448925
38.0681 210.931 9.94892e-07 0.00447986 0.0044802
38.1081 211.381 9.94715e-07 0.00447025 0.00447133
38.1481 211.831 9.94536e-07 0.00446163 0.00446163
38.1882 212.282 9.94355e-07 0.00445237 0.00445255
38.2282 212.732 9.94174e-07 0.00444351 0.00444384
38.2683 213.182 9.9399e-07 0.00443483 0.00443483
38.3083 213.632 9.93805e-07 0.00442502 0.00442557
38.3483 214.082 9.93619e-07 0.00441656 0.00441692
38.3884 214.533 9.93431e-07 0.00440793 0.00440793
38.4284 214.983 9.93241e-07 0.00439858 0.00439921
38.4685 215.433 9.9305e-07 0.00439057 0.00439057
38.5085 215.883 9.92857e-07 0.00438112 0.00438166
38.5485 216.334 9.92663e-07 0.00437237 0.0043728
38.5886 216.334 9.92467e-07 0.00436382 0.00436414
38.6286 216.784 9.92269e-07 0.00435534 0.00435553
38.6687 217.234 9.9207e-07 0.00434629 0.00434665
38.7087 217.684 9.9187e-07 0.00433789 0.00433813
38.7487 218.134 9.91668e-07 0.00432954 0.00432958
38.7888 218.585 9.91464e-07 0.00432102 0.00432102
38.8288 219.035 9.91259e-07 0.00431293 0.00431293
38.8689 219.485 9.91052e-07 0.00430389 0.00430404
38.9089 219.935 9.90844e-07 0.00429554 0.00429575
38.9489 220.386 9.90634e-07 0.00428726 0.0042874
38.989 220.836 9.90423e-07 0.0042785 0.00427897
39.029 221.286 9.9021e-07 0.00427065 0.00427089
39.0691 221.736 9.89995e-07 0.00426249 0.00426249
39.1091 222.187 9.89779e-07 0.00425379 0.00425425
39.1491 222.637 9.89561e-07 0.00424567 0.00424589
39.1892 223.087 9.89342e-07 0.00423739 0.00423766
39.2292 223.537 9.89122e-07 0.00422957 0.00422972
39.2693 223.987 9.88899e-07 0.00422122 0.00422138
39.3093 224.438 9.88675e-07 0.00421304 0.00421339
39.3493 224.888 9.8845e-07 0.00420517 0.00420551
39.3894 225.338 9.88223e-07 0.00419723 0.00419749
39.4294 225.788 9.87994e-07 0.00418908 0.00418915
39.4695 226.239 9.87765e-07 0.00418118 0.00418118
39.5095 226.689 9.87533e-07 0.00417314 0.00417351
39.5495 226.689 9.873e-07 0.00416505 0.00416566
39.5896 227.139 9.87065e-07 0.0041572 0.00415736
39.6296 227.589 9.86829e-07 0.00414946 0.00414977
39.6697 228.039 9.86592e-07 0.00414156 0.00414212
39.7097 228.49 9.86352e-07 0.00413386 0.00413404
39.7497 228.94 9.86112e-07 0.00412593 0.00412638
39.7898 229.39 9.8587e-07 0.00411822 0.00411848
39.8298 229.84 9.85626e-07 0.00411061 0.00411075
39.8699 230.291 9.8538e-07 0.00410294 0.00410337
39.9099 230.741 9.85134e-07 0.00409561 0.00409561
39.9499 231.191 9.84886e-07 0.00408717 0.00408781
39.99 231.641 9.84636e-07 0.00407984 0.00408026
40.03 232.092 9.84385e-07 0.00407216 0.0040727
40.0701 232.542 9.84132e-07 0.00406472 0.00406503
40.1101 232.992 9.83878e-07 0.0040573 0.00405764
40.1502 233.442 9.83622e-07 0.00404946 0.00404988
40.1902 233.892 9.83365e-07 0.00404221 0.00404264
40.2302 234.343 9.83106e-07 0.00403481 0.00403531
40.2703 234.793 9.82846e-07 0.00402742 0.00402789
40.3103 235.243 9.82584e-07 0.00401988 0.00402015
40.3504 235.693 9.82321e-07 0.00401242 0.00401272
40.3904 236.144 9.82057e-07 0.0040055 0.00400552
40.4304 236.594 9.8179e-07 0.00399825 0.00399838
40.4705 236.594 9.81523e-07 0.0039906 0.00399102
40.5105 237.494 9.81254e-07 0.00398346 0.00398366
40.5506 237.494 9.80983e-07 0.00397658 0.00397658
40.5906 237.944 9.80711e-07 0.00396911 0.00396954
40.6306 238.395 9.80438e-07 0.00396178 0.00396214
40.6707 238.845 9.80163e-07 0.0039548 0.0039548
40.7107 239.295 9.79887e-07 0.00394763 0.00394811
40.7508 239.745 9.79609e-07 0.00394043 0.00394064
40.7908 240.196 9.79329e-07 0.00393323 0.00393354
40.8308 240.646 9.79049e-07 0.00392656 0.00392658
40.8709 241.096 9.78767e-07 0.00391893 0.00391953
40.9109 241.546 9.78484e-07 0.00391274 0.00391274
40.951 241.996 9.78198e-07 0.00390525 0.00390553
40.991 242.447 9.77912e-07 0.00389847 0.00389853
41.031 242.897 9.77625e-07 0.00389124 0.00389176
41.0711 243.347 9.77335e-07 0.00388439 0.00388487
41.1111 243.797 9.77045e-07 0.00387734 0.0038782
41.1512 244.248 9.76753e-07 0.00387118 0.00387118
41.1912 244.698 9.76459e-07 0.00386399 0.00386446
41.2312 245.148 9.76164e-07 0.0038574 0.00385754
41.2713 245.598 9.75868e-07 0.00385032 0.00385084
41.3113 246.049 9.75571e-07 0.00384374 0.00384424
41.3514 246.499 9.75271e-07 0.0038368 0.00383735
41.3914 246.949 9.74971e-07 0.00383048 0.00383054
41.4314 247.399 9.74669e-07 0.00382382 0.00382397
41.4715 247.849 9.74367e-07 0.00381698 0.00381714
41.5115 247.849 9.74063e-07 0.00381036 0.00381087
41.5516 248.3 9.73757e-07 0.0038038 0.00380398
41.5916 248.75 9.73449e-07 0.0037971 0.0037975
41.6316 249.2 9.73141e-07 0.00379077 0.00379119
41.6717 249.65 9.72831e-07 0.00378436 0.00378436
41.7117 250.101 9.7252e-07 0.00377774 0.00377809
41.7518 250.551 9.72208e-07 0.0037713 0.0037715
41.7918 251.001 9.71894e-07 0.00376506 0.00376506
41.8318 251.451 9.71579e-07 0.00375804 0.00375843
41.8719 251.901 9.71262e-07 0.00375171 0.0037522
41.9119 252.352 9.70945e-07 0.0037458 0.00374585
41.952 252.802 9.70625e-07 0.00373916 0.00373921
41.992 253.252 9.70305e-07 0.00373294 0.0037331
42.032 253.702 9.69984e-07 0.00372624 0.00372674
42.0721 254.153 9.69661e-07 0.00372022 0.00372063
42.1121 254.603 9.69337e-07 0.00371368 0.00371417
42.1522 255.053 9.69012e-07 0.00370747 0.00370772
42.1922 255.503 9.68684e-07 0.00370138 0.00370173
42.2322 255.953 9.68356e-07 0.00369508 0.00369528
42.2723 256.404 9.68027e-07 0.00368892 0.0036891
42.3123 256.629 9.67696e-07 0.00368287 0.00368293
42.3524 256.854 9.67365e-07 0.00367649 0.00367666
42.3924 257.304 9.67031e-07 0.00367049 0.00367052
42.4324 257.754 9.66697e-07 0.00366431 0.00366447
42.4725 258.205 9.66362e-07 0.0036578 0.00365853
42.5125 258.655 9.66025e-07 0.00365188 0.0036523
42.5526 259.105 9.65687e-07 0.00364586 0.00364606
42.5926 259.555 9.65347e-07 0.00364001 0.00364007
42.6326 260.006 9.65007e-07 0.00363369 0.00363392
42.6727 260.456 9.64665e-07 0.00362764 0.00362807
42.7127 260.906 9.64322e-07 0.00362157 0.003622
42.7528 261.356 9.63978e-07 0.00361562 0.00361577
42.7928 261.806 9.63633e-07 0.00360992 0.00360997
42.8328 262.257 9.63286e-07 0.00360389 0.00360399
42.8729 262.707 9.62938e-07 0.0035981 0.00359813
42.9129 263.157 9.6259e-07 0.00359213 0.00359225
42.953 263.607 9.6224e-07 0.00358637 0.00358644
42.993 264.058 9.61889e-07 0.00358035 0.00358036
43.033 264.508 9.61536e-07 0.00357438 0.0035746
43.0731 264.958 9.61182e-07 0.00356837 0.00356882
43.1131 265.408 9.60828e-07 0.00356258 0.00356299
43.1532 265.858 9.60472e-07 0.00355715 0.00355715
43.1932 266.309 9.60115e-07 0.00355128 0.00355139
43.2332 266.759 9.59757e-07 0.00354546 0.00354558
43.2733 267.209 9.59398e-07 0.00353977 0.00354001
43.3133 267.434 9.59037e-07 0.00353418 0.00353434
43.3534 268.11 9.58676e-07 0.00352834 0.00352844
43.3934 268.11 9.58313e-07 0.00352265 0.00352305
43.4334 268.56 9.5795e-07 0.00351728 0.0035176
43.4735 269.01 9.57585e-07 0.00351155 0.00351155
43.5135 269.46 9.57219e-07 0.00350583 0.00350607
43.5536 269.91 9.56852e-07 0.0035003 0.00350052
43.5936 270.361 9.56484e-07 0.00349434 0.00349477
43.6336 270.811 9.56115e-07 0.00348889 0.00348938
43.6737 271.261 9.55745e-07 0.00348333 0.00348383
43.7137 271.711 9.55374e-07 0.003478 0.00347822
43.7538 272.162 9.55001e-07 0.00347255 0.00347266
43.7938 272.612 9.54628e-07 0.00346705 0.0034672
43.8338 273.062 9.54254e-07 0.00346166 0.00346192
43.8739 273.512 9.53878e-07 0.003456 0.00345639
43.9139 273.963 9.53502e-07 0.0034507 0.00345085
43.954 274.413 9.53124e-07 0.00344543 0.00344564
43.994 274.863 9.52746e-07 0.00344014 0.00344018
44.034 275.313 9.52366e-07 0.00343439 0.00343477
44.0741 275.763 9.51985e-07 0.00342926 0.00342941
44.1141 276.214 9.51604e-07 0.00342408 0.0034241
44.1542 276.664 9.51221e-07 0.00341842 0.00341864
44.1942 277.114 9.50838e-07 0.00341317 0.00341331
44.2342 277.564 9.50453e-07 0.00340829 0.00340829
44.2743 277.789 9.50067e-07 0.00340288 0.00340288
44.3143 278.015 9.49681e-07 0.00339753 0.00339754
44.3544 278.465 9.49293e-07 0.00339217 0.00339232
44.3944 278.915 9.48905e-07 0.00338704 0.00338731
44.4344 279.365 9.48515e-07 0.00338169 0.00338196
44.4745 279.815 9.48125e-07 0.00337633 0.0033767
44.5145 280.266 9.47733e-07 0.00337149 0.00337149
44.5546 280.716 9.47341e-07 0.00336619 0.00336644
44.5946 281.166 9.46948e-07 0.00336093 0.00336111
44.6346 281.616 9.46554e-07 0.00335575 0.00335593
44.6747 282.067 9.46158e-07 0.00335075 0.00335077
44.7147 282.517 9.45762e-07 0.00334581 0.00334598
44.7548 282.967 9.45365e-07 0.00334044 0.00334081
44.7948 283.417 9.44967e-07 0.00333551 0.00333579
44.8348 283.867 9.44568e-07 0.00333031 0.00333052
44.8749 284.318 9.44169e-07 0.0033252 0.00332568
44.9149 284.768 9.43768e-07 0.00332029 0.00332045
44.955 285.218 9.43367e-07 0.00331506 0.00331548
44.995 285.668 9.42964e-07 0.00330982 0.00331046
45.035 286.119 9.42562e-07 0.00330508 0.00330523
45.0751 286.569 9.42157e-07 0.00330018 0.00330034
45.1151 287.019 9.41752e-07 0.0032952 0.00329561
45.1552 287.469 9.41346e-07 0.0032905 0.00329063
45.1952 287.92 9.40939e-07 0.00328576 0.00328576
45.2352 288.145 9.40532e-07 0.00328063 0.00328086
45.2753 288.37 9.40124e-07 0.00327578 0.00327586
45.3153 288.82 9.39715e-07 0.00327073 0.00327078
45.3554 289.27 9.39304e-07 0.00326575 0.00326603
45.3954 289.72 9.38894e-07 0.00326103 0.00326103
45.4354 290.171 9.38482e-07 0.00325594 0.00325631
45.4755 290.621 9.3807e-07 0.00325142 0.00325156
45.5155 291.071 9.37656e-07 0.00324639 0.00324664
45.5556 291.521 9.37242e-07 0.00324162 0.00324192
45.5956 291.972 9.36827e-07 0.00323679 0.00323709
45.6356 292.422 9.36412e-07 0.00323246 0.00323246
45.6757 292.872 9.35996e-07 0.00322729 0.00322758
45.7157 293.322 9.35578e-07 0.00322234 0.00322262
45.7558 293.772 9.3516e-07 0.00321797 0.00321797
45.7958 294.223 9.34742e-07 0.00321284 0.00321328
45.8358 294.673 9.34322e-07 0.00320803 0.0032086
45.8759 295.123 9.33902e-07 0.00320366 0.00320392
45.9159 295.573 9.33481e-07 0.0031989 0.00319921
45.956 296.024 9.33058e-07 0.00319448 0.00319448
45.996 296.474 9.32636e-07 0.00318963 0.00318987
46.036 296.924 9.32213e-07 0.00318529 0.00318531
46.0761 297.374 9.31789e-07 0.00318001 0.00318053
46.1161 297.824 9.31364e-07 0.0031754 0.00317596
46.1562 298.275 9.30939e-07 0.00317122 0.00317137
46.1962 298.725 9.30513e-07 0.00316658 0.00316668
46.2362 298.95 9.30086e-07 0.00316176 0.0031623
46.2763 299.625 9.29658e-07 0.00315725 0.00315762
46.3163 299.625 9.2923e-07 0.00315311 0.00315311
46.3564 300.076 9.28801e-07 0.00314853 0.00314859
46.3964 300.526 9.28371e-07 0.0031438 0.003144
46.4364 300.976 9.27941e-07 0.00313961 0.00313961
46.4765 301.426 9.2751e-07 0.00313506 0.00313506
46.5165 301.877 9.27078e-07 0.00313051 0.00313067
46.5566 302.327 9.26646e-07 0.00312622 0.00312628
46.5966 302.777 9.26213e-07 0.00312185 0.00312197
46.6366 303.227 9.25779e-07 0.00311706 0.0031173
46.6767 303.677 9.25345e-07 0.00311266 0.00311291
46.7167 304.128 9.2491e-07 0.00310829 0.00310864
46.7568 304.578 9.24474e-07 0.00310378 0.00310412
46.7968 305.028 9.24038e-07 0.00309964 0.00309964
46.8368 305.478 9.23601e-07 0.00309524 0.00309532
46.8769 305.929 9.23164e-07 0.00309081 0.00309106
46.9169 306.379 9.22726e-07 0.00308662 0.00308673
46.957 306.829 9.22287e-07 0.00308227 0.00308227
46.997 307.279 9.21848e-07 0.00307791 0.00307795
47.037 307.729 9.21407e-07 0.00307384 0.00307391
47.0771 308.18 9.20968e-07 0.00306938 0.00306957
47.1171 308.63 9.20526e-07 0.00306475 0.00306502
47.1572 309.08 9.20084e-07 0.00306067 0.00306078
47.1972 309.08 9.19643e-07 0.00305639 0.00305647
47.2372 309.53 9.192e-07 0.00305214 0.00305243
47.2773 309.981 9.18756e-07 0.00304801 0.0030481
47.3173 310.431 9.18312e-07 0.0030437 0.00304383
47.3574 310.881 9.17868e-07 0.0030399 0.0030399
47.3974 311.331 9.17423e-07 0.00303512 0.00303552
47.4374 311.782 9.16977e-07 0.00303098 0.00303129
47.4775 312.232 9.16531e-07 0.00302691 0.00302706
47.5175 312.682 9.16084e-07 0.00302309 0.00302321
47.5576 313.132 9.15637e-07 0.00301877 0.00301893
47.5976 313.582 9.15189e-07 0.00301452 0.00301474
47.6376 314.033 9.14741e-07 0.00301013 0.00301043
47.6777 314.483 9.14292e-07 0.0030061 0.00300653
47.7177 314.933 9.13843e-07 0.00300214 0.00300233
47.7578 315.383 9.13393e-07 0.00299828 0.00299829
47.7978 315.834 9.12943e-07 0.00299391 0.002994
47.8378 316.284 9.12491e-07 0.00298997 0.00299011
47.8779 316.734 9.1204e-07 0.00298556 0.0029859
47.9179 317.184 9.11589e-07 0.00298185 0.00298199
47.958 317.634 9.11136e-07 0.00297783 0.0029779
47.998 318.085 9.10684e-07 0.00297365 0.00297383
48.038 318.535 9.1023e-07 0.00296955 0.00296971
48.0781 318.985 9.09776e-07 0.00296524 0.00296593
48.1181 319.435 9.09322e-07 0.0029612 0.00296154
48.1582 319.435 9.08868e-07 0.00295734 0.00295775
48.1982 319.886 9.08413e-07 0.0029536 0.0029538
48.2382 320.336 9.07957e-07 0.00294987 0.00294987
48.2783 320.786 9.07501e-07 0.0029457 0.00294576
48.3183 321.236 9.07044e-07 0.0029418 0.00294205
48.3584 321.686 9.06587e-07 0.00293794 0.00293794
48.3984 322.137 9.0613e-07 0.00293397 0.002934
48.4384 322.587 9.05672e-07 0.0029298 0.00292995
48.4785 323.037 9.05214e-07 0.00292595 0.00292619
48.5185 323.487 9.04755e-07 0.00292203 0.0029222
48.5586 323.938 9.04296e-07 0.0029181 0.00291835
48.5986 324.388 9.03836e-07 0.00291386 0.00291436
48.6386 324.838 9.03377e-07 0.00291057 0.00291066
48.6787 325.288 9.02917e-07 0.00290676 0.00290691
48.7187 325.739 9.02456e-07 0.00290255 0.00290277
48.7588 326.189 9.01995e-07 0.00289883 0.00289892
48.7988 326.639 9.01533e-07 0.00289516 0.00289516
48.8388 327.089 9.01071e-07 0.00289119 0.00289137
48.8789 327.539 9.00609e-07 0.00288744 0.00288754
48.9189 327.99 9.00146e-07 0.00288349 0.0028837
48.959 328.44 8.99684e-07 0.0028797 0.00288009
48.999 328.89 8.9922e-07 0.00287604 0.00287628
49.039 329.34 8.98756e-07 0.00287206 0.00287247
49.0791 329.565 8.98292e-07 0.00286831 0.00286854
49.1191 330.241 8.97828e-07 0.00286431 0.00286483
49.1592 330.241 8.97363e-07 0.00286093 0.00286114
49.1992 330.691 8.96898e-07 0.00285706 0.00285745
49.2392 331.141 8.96433e-07 0.00285342 0.00285365
49.2793 331.591 8.95967e-07 0.00284971 0.00284994
49.3193 332.042 8.95501e-07 0.00284618 0.00284621
49.3594 332.492 8.95034e-07 0.00284204 0.00284264
49.3994 332.942 8.94567e-07 0.00283863 0.00283896
49.4394 333.392 8.941e-07 0.00283498 0.00283535
49.4795 333.843 8.93633e-07 0.00283111 0.00283133
49.5195 334.293 8.93165e-07 0.00282775 0.00282796
49.5596 334.743 8.92697e-07 0.00282377 0.00282445
49.5996 335.193 8.92229e-07 0.00282053 0.00282061
49.6396 335.643 8.9176e-07 0.00281663 0.00281694
49.6797 336.094 8.91291e-07 0.00281297 0.00281338
49.7197 336.544 8.90822e-07 0.0028094 0.00280989
49.7598 336.994 8.90352e-07 0.002806 0.00280617
49.7998 337.444 8.89883e-07 0.00280228 0.00280259
49.8398 337.895 8.89413e-07 0.00279881 0.00279907
49.8799 338.345 8.88942e-07 0.0027954 0.0027954
49.9199 338.795 8.88472e-07 0.00279178 0.00279198
49.96 339.245 8.88001e-07 0.00278809 0.00278837
50 339.47 8.8753e-07 0.0027846 0.00278489
