#S 1 spectral density
#N 2
#UFWHM 128.285
#L  abscissas [um]  spectral density
-1250  3.42301e+18
-1246.87  4.58204e+18
-1243.74  2.80913e+18
-1240.61  4.24246e+18
-1237.48  3.56636e+18
-1234.36  3.22906e+18
-1231.23  3.9811e+18
-1228.1  3.34518e+18
-1224.97  3.71417e+18
-1221.84  3.58335e+18
-1218.71  3.83721e+18
-1215.58  3.17284e+18
-1212.45  4.07175e+18
-1209.32  3.7172e+18
-1206.2  3.28473e+18
-1203.07  4.7708e+18
-1199.94  2.70776e+18
-1196.81  4.3564e+18
-1193.68  4.18639e+18
-1190.55  2.94605e+18
-1187.42  5.23517e+18
-1184.29  2.89534e+18
-1181.16  4.14551e+18
-1178.04  4.55462e+18
-1174.91  3.02392e+18
-1171.78  4.85519e+18
-1168.65  3.46977e+18
-1165.52  3.91568e+18
-1162.39  4.32887e+18
-1159.26  3.62254e+18
-1156.13  4.01724e+18
-1153  3.8584e+18
-1149.87  4.07572e+18
-1146.75  3.60039e+18
-1143.62  4.34287e+18
-1140.49  3.47883e+18
-1137.36  3.79235e+18
-1134.23  4.49713e+18
-1131.1  2.97668e+18
-1127.97  4.65818e+18
-1124.84  3.60312e+18
-1121.71  3.58939e+18
-1118.59  4.68767e+18
-1115.46  3.0294e+18
-1112.33  4.43123e+18
-1109.2  3.98479e+18
-1106.07  3.76107e+18
-1102.94  4.34816e+18
-1099.81  3.76533e+18
-1096.68  4.06075e+18
-1093.55  3.94658e+18
-1090.43  4.40637e+18
-1087.3  3.63606e+18
-1084.17  4.52925e+18
-1081.04  4.04169e+18
-1077.91  3.39695e+18
-1074.78  5.11302e+18
-1071.65  2.98829e+18
-1068.52  4.56971e+18
-1065.39  4.34439e+18
-1062.27  2.87311e+18
-1059.14  5.30452e+18
-1056.01  2.82179e+18
-1052.88  3.97617e+18
-1049.75  4.45136e+18
-1046.62  2.78104e+18
-1043.49  4.65485e+18
-1040.36  3.14499e+18
-1037.23  3.59364e+18
-1034.11  3.99922e+18
-1030.98  3.18994e+18
-1027.85  3.6634e+18
-1024.72  3.46449e+18
-1021.59  3.74812e+18
-1018.46  3.11514e+18
-1015.33  3.93533e+18
-1012.2  3.29569e+18
-1009.07  3.43609e+18
-1005.95  4.2151e+18
-1002.82  2.57787e+18
-999.687  4.42026e+18
-996.558  3.52425e+18
-993.429  3.25392e+18
-990.3  4.69371e+18
-987.172  3.06339e+18
-984.043  4.37822e+18
-980.914  3.96192e+18
-977.785  3.55138e+18
-974.656  4.44815e+18
-971.527  3.91317e+18
-968.398  4.15864e+18
-965.269  4.22161e+18
-962.14  4.51895e+18
-959.011  3.71537e+18
-955.882  4.66859e+18
-952.754  4.13793e+18
-949.625  3.5573e+18
-946.496  5.29008e+18
-943.367  3.11032e+18
-940.238  4.75057e+18
-937.109  4.44881e+18
-933.98  2.95684e+18
-930.851  5.4715e+18
-927.722  2.8113e+18
-924.593  4.05573e+18
-921.464  4.52928e+18
-918.336  2.69023e+18
-915.207  4.69032e+18
-912.078  3.22716e+18
-908.949  3.72168e+18
-905.82  3.93844e+18
-902.691  3.19367e+18
-899.562  3.91645e+18
-896.433  3.47738e+18
-893.304  3.75287e+18
-890.175  3.24086e+18
-887.046  4.20972e+18
-883.918  3.41123e+18
-880.789  3.45221e+18
-877.66  4.72208e+18
-874.531  2.95172e+18
-871.402  4.74355e+18
-868.273  4.05896e+18
-865.144  3.72428e+18
-862.015  5.24006e+18
-858.886  3.45999e+18
-855.757  4.93247e+18
-852.628  4.65913e+18
-849.5  4.11994e+18
-846.371  5.21944e+18
-843.242  4.68173e+18
-840.113  4.86244e+18
-836.984  5.03284e+18
-833.855  5.30792e+18
-830.726  4.44714e+18
-827.597  5.52566e+18
-824.468  4.88322e+18
-821.339  4.20233e+18
-818.21  6.07921e+18
-815.082  3.60045e+18
-811.953  5.32001e+18
-808.824  5.15382e+18
-805.695  3.47061e+18
-802.566  6.10441e+18
-799.437  3.39363e+18
-796.308  4.75845e+18
-793.179  4.95418e+18
-790.05  2.99487e+18
-786.921  5.38625e+18
-783.792  3.43133e+18
-780.663  3.93545e+18
-777.535  4.49848e+18
-774.406  3.54468e+18
-771.277  4.15189e+18
-768.148  3.90281e+18
-765.019  4.38222e+18
-761.89  3.48988e+18
-758.761  4.76132e+18
-755.632  4.1831e+18
-752.503  3.88995e+18
-749.374  5.55052e+18
-746.245  3.68652e+18
-743.117  5.51086e+18
-739.988  5.0168e+18
-736.859  4.53913e+18
-733.73  6.30963e+18
-730.601  4.49742e+18
-727.472  6.03919e+18
-724.343  5.82104e+18
-721.214  5.25451e+18
-718.085  6.47283e+18
-714.956  5.79138e+18
-711.827  6.08139e+18
-708.699  6.324e+18
-705.57  6.53589e+18
-702.441  5.82393e+18
-699.312  7.01135e+18
-696.183  6.25003e+18
-693.054  5.749e+18
-689.925  7.61437e+18
-686.796  4.74851e+18
-683.667  6.90017e+18
-680.538  6.27798e+18
-677.409  4.29659e+18
-674.281  7.55703e+18
-671.152  4.01133e+18
-668.023  5.5597e+18
-664.894  6.13338e+18
-661.765  3.48522e+18
-658.636  6.24727e+18
-655.507  4.34243e+18
-652.378  4.58583e+18
-649.249  5.25966e+18
-646.12  4.44884e+18
-642.991  4.874e+18
-639.863  4.71138e+18
-636.734  5.44868e+18
-633.605  4.1776e+18
-630.476  6.01171e+18
-627.347  5.23109e+18
-624.218  4.80539e+18
-621.089  7.31722e+18
-617.96  4.62069e+18
-614.831  7.07472e+18
-611.702  7.0457e+18
-608.573  5.71105e+18
-605.445  8.61818e+18
-602.316  6.67944e+18
-599.187  7.79273e+18
-596.058  8.64008e+18
-592.929  7.61903e+18
-589.8  8.68918e+18
-586.671  8.88782e+18
-583.542  8.38257e+18
-580.413  8.78533e+18
-577.284  9.63882e+18
-574.155  7.69722e+18
-571.027  9.79112e+18
-567.898  8.84256e+18
-564.769  7.34723e+18
-561.64  1.06532e+19
-558.511  6.43738e+18
-555.382  8.81596e+18
-552.253  8.97029e+18
-549.124  5.38156e+18
-545.995  9.94338e+18
-542.866  5.76065e+18
-539.737  6.7658e+18
-536.609  8.40964e+18
-533.48  4.42964e+18
-530.351  7.92181e+18
-527.222  5.94948e+18
-524.093  5.37421e+18
-520.964  7.26089e+18
-517.835  5.38676e+18
-514.706  6.08459e+18
-511.577  6.87558e+18
-508.448  5.98425e+18
-505.319  6.35176e+18
-502.191  8.07398e+18
-499.062  5.85307e+18
-495.933  8.40593e+18
-492.804  8.63278e+18
-489.675  6.54244e+18
-486.546  1.15755e+19
-483.417  7.47533e+18
-480.288  1.03268e+19
-477.159  1.21706e+19
-474.03  7.86602e+18
-470.901  1.47041e+19
-467.772  9.9416e+18
-464.644  1.20641e+19
-461.515  1.50114e+19
-458.386  9.43294e+18
-455.257  1.63714e+19
-452.128  1.17649e+19
-448.999  1.2801e+19
-445.87  1.59505e+19
-442.741  1.01237e+19
-439.612  1.59877e+19
-436.483  1.19548e+19
-433.354  1.20397e+19
-430.226  1.47509e+19
-427.097  9.45696e+18
-423.968  1.38454e+19
-420.839  1.06236e+19
-417.71  1.01452e+19
-414.581  1.23142e+19
-411.452  8.02333e+18
-408.323  1.11938e+19
-405.194  8.95891e+18
-402.065  8.38898e+18
-398.936  1.03208e+19
-395.808  7.22756e+18
-392.679  9.7834e+18
-389.55  8.59147e+18
-386.421  8.36328e+18
-383.292  1.04126e+19
-380.163  8.48462e+18
-377.034  1.09871e+19
-373.905  1.06661e+19
-370.776  1.10457e+19
-367.647  1.32776e+19
-364.518  1.23048e+19
-361.39  1.49407e+19
-358.261  1.50956e+19
-355.132  1.60438e+19
-352.003  1.81429e+19
-348.874  1.77795e+19
-345.745  2.02577e+19
-342.616  2.04258e+19
-339.487  2.15371e+19
-336.358  2.30463e+19
-333.229  2.28232e+19
-330.1  2.46399e+19
-326.972  2.44453e+19
-323.843  2.51406e+19
-320.714  2.58189e+19
-317.585  2.52121e+19
-314.456  2.61706e+19
-311.327  2.53289e+19
-308.198  2.53854e+19
-305.069  2.52784e+19
-301.94  2.40681e+19
-298.811  2.45266e+19
-295.682  2.29035e+19
-292.554  2.29184e+19
-289.425  2.2082e+19
-286.296  2.09589e+19
-283.167  2.13277e+19
-280.038  1.94662e+19
-276.909  2.03929e+19
-273.78  1.90066e+19
-270.651  1.94803e+19
-267.522  1.96267e+19
-264.393  1.92261e+19
-261.264  2.10421e+19
-258.136  2.03141e+19
-255.007  2.30314e+19
-251.878  2.3075e+19
-248.749  2.56812e+19
-245.62  2.73595e+19
-242.491  2.93163e+19
-239.362  3.27141e+19
-236.233  3.42216e+19
-233.104  3.86684e+19
-229.975  4.03853e+19
-226.846  4.49191e+19
-223.718  4.74285e+19
-220.589  5.1323e+19
-217.46  5.47318e+19
-214.331  5.77579e+19
-211.202  6.16475e+19
-208.073  6.39855e+19
-204.944  6.76697e+19
-201.815  6.96127e+19
-198.686  7.24958e+19
-195.557  7.41739e+19
-192.428  7.59963e+19
-189.3  7.72797e+19
-186.171  7.81537e+19
-183.042  7.87601e+19
-179.913  7.90337e+19
-176.784  7.87482e+19
-173.655  7.88115e+19
-170.526  7.76928e+19
-167.397  7.78417e+19
-164.268  7.632e+19
-161.139  7.67361e+19
-158.01  7.55768e+19
-154.882  7.64121e+19
-151.753  7.65825e+19
-148.624  7.80923e+19
-145.495  8.05949e+19
-142.366  8.32538e+19
-139.237  8.89876e+19
-136.108  9.3539e+19
-132.979  1.03222e+20
-129.85  1.10646e+20
-126.721  1.24805e+20
-123.592  1.36218e+20
-120.463  1.55215e+20
-117.335  1.71735e+20
-114.206  1.95818e+20
-111.077  2.1842e+20
-107.948  2.47759e+20
-104.819  2.77161e+20
-101.69  3.11858e+20
-98.5611  3.48438e+20
-95.4322  3.88507e+20
-92.3033  4.32268e+20
-89.1744  4.77598e+20
-86.0455  5.28159e+20
-82.9166  5.78466e+20
-79.7877  6.35089e+20
-76.6587  6.89869e+20
-73.5298  7.51499e+20
-70.4009  8.09995e+20
-67.272  8.75312e+20
-64.1431  9.36509e+20
-61.0142  1.00398e+21
-57.8853  1.06661e+21
-54.7564  1.13455e+21
-51.6275  1.19716e+21
-48.4986  1.26379e+21
-45.3697  1.32474e+21
-42.2407  1.38825e+21
-39.1118  1.44585e+21
-35.9829  1.50447e+21
-32.854  1.55701e+21
-29.7251  1.60906e+21
-26.5962  1.65491e+21
-23.4673  1.69886e+21
-20.3384  1.73657e+21
-17.2095  1.77111e+21
-14.0806  1.79944e+21
-10.9516  1.82353e+21
-7.82273  1.84155e+21
-4.69382  1.85444e+21
-1.56491  1.86155e+21
1.564  1.86285e+21
4.69291  1.85882e+21
7.82182  1.84848e+21
10.9507  1.83345e+21
14.0796  1.81178e+21
17.2085  1.78628e+21
20.3375  1.75393e+21
23.4664  1.71882e+21
26.5953  1.67676e+21
29.7242  1.63322e+21
32.8531  1.5827e+21
35.982  1.53212e+21
39.1109  1.47463e+21
42.2398  1.41861e+21
45.3687  1.35579e+21
48.4977  1.296e+21
51.6266  1.22963e+21
54.7555  1.16778e+21
57.8844  1.09968e+21
61.0133  1.03738e+21
64.1422  9.69357e+20
67.2711  9.08101e+20
70.4  8.41892e+20
73.5289  7.82968e+20
76.6578  7.20166e+20
79.7867  6.64629e+20
82.9157  6.06626e+20
86.0446  5.55279e+20
89.1735  5.03204e+20
92.3024  4.56608e+20
95.4313  4.1127e+20
98.5602  3.69772e+20
101.689  3.31616e+20
104.818  2.95394e+20
107.947  2.64475e+20
111.076  2.33581e+20
114.205  2.09563e+20
117.334  1.83963e+20
120.463  1.66159e+20
123.591  1.45744e+20
126.72  1.33196e+20
129.849  1.17769e+20
132.978  1.09368e+20
136.107  9.86035e+19
139.236  9.32359e+19
142.365  8.6627e+19
145.494  8.33123e+19
148.623  8.01423e+19
151.752  7.81344e+19
154.881  7.74905e+19
158.01  7.63087e+19
161.138  7.71634e+19
164.267  7.65409e+19
167.396  7.78975e+19
170.525  7.76635e+19
173.654  7.87279e+19
176.783  7.86731e+19
179.912  7.89911e+19
183.041  7.8786e+19
186.17  7.82787e+19
189.299  7.74992e+19
192.428  7.63619e+19
195.556  7.46325e+19
198.685  7.31249e+19
201.814  7.0318e+19
204.943  6.85417e+19
208.072  6.4915e+19
211.201  6.271e+19
214.33  5.88658e+19
217.459  5.59144e+19
220.588  5.25452e+19
223.717  4.86568e+19
226.846  4.61798e+19
229.974  4.1591e+19
233.103  3.98882e+19
236.232  3.53481e+19
239.361  3.38216e+19
242.49  3.03186e+19
245.619  2.83009e+19
248.748  2.6525e+19
251.877  2.38209e+19
255.006  2.36937e+19
258.135  2.08589e+19
261.264  2.15143e+19
264.392  1.95822e+19
267.521  1.99179e+19
270.65  1.96718e+19
273.779  1.91428e+19
276.908  2.04522e+19
280.037  1.94844e+19
283.166  2.12949e+19
286.295  2.08987e+19
289.424  2.20028e+19
292.553  2.28181e+19
295.682  2.28224e+19
298.81  2.44246e+19
301.939  2.4018e+19
305.068  2.52156e+19
308.197  2.53829e+19
311.326  2.53434e+19
314.455  2.62217e+19
317.584  2.5326e+19
320.713  2.59326e+19
323.842  2.53489e+19
326.971  2.46381e+19
330.1  2.49144e+19
333.228  2.31084e+19
336.357  2.33569e+19
339.486  2.19049e+19
342.615  2.076e+19
345.744  2.06694e+19
348.873  1.81412e+19
352.002  1.85489e+19
355.131  1.64324e+19
358.26  1.54627e+19
361.389  1.53343e+19
364.518  1.26269e+19
367.646  1.3639e+19
370.775  1.13314e+19
373.904  1.09633e+19
377.033  1.12427e+19
380.162  8.70362e+18
383.291  1.0638e+19
386.42  8.50789e+18
389.549  8.78042e+18
392.678  9.87685e+18
395.807  7.3626e+18
398.936  1.04065e+19
402.064  8.44839e+18
405.193  9.07448e+18
408.322  1.11903e+19
411.451  8.1535e+18
414.58  1.23245e+19
417.709  1.02237e+19
420.838  1.07364e+19
423.967  1.38447e+19
427.096  9.6649e+18
430.225  1.47633e+19
433.354  1.22226e+19
436.482  1.21183e+19
439.611  1.60618e+19
442.74  1.0442e+19
445.869  1.60092e+19
448.998  1.3107e+19
452.127  1.19824e+19
455.256  1.65332e+19
458.385  9.82405e+18
461.514  1.51144e+19
464.643  1.24427e+19
467.772  1.01697e+19
470.901  1.49219e+19
474.029  8.24443e+18
477.158  1.22924e+19
480.287  1.07e+19
483.416  7.65451e+18
486.545  1.18167e+19
489.674  6.8258e+18
492.803  8.75466e+18
495.932  8.72881e+18
499.061  5.94312e+18
502.19  8.33918e+18
505.319  6.51582e+18
508.447  6.10379e+18
511.576  7.17234e+18
514.705  6.09098e+18
517.834  5.69728e+18
520.963  7.37014e+18
524.092  5.49289e+18
527.221  6.2893e+18
530.35  7.91321e+18
533.479  4.77739e+18
536.608  8.59278e+18
539.737  6.89073e+18
542.865  6.17511e+18
545.994  1.0048e+19
549.123  5.70545e+18
552.252  9.32635e+18
555.381  8.99333e+18
558.51  6.85668e+18
561.639  1.09932e+19
564.768  7.5948e+18
567.897  9.33587e+18
571.026  1.01075e+19
574.155  8.00647e+18
577.283  1.02082e+19
580.412  8.99163e+18
583.541  8.85997e+18
586.67  9.36616e+18
589.799  8.86721e+18
592.928  8.24476e+18
596.057  8.87223e+18
599.186  8.15244e+18
602.315  7.18402e+18
605.444  8.75523e+18
608.573  6.21824e+18
611.701  7.26996e+18
614.83  7.37344e+18
617.959  4.98223e+18
621.088  7.48199e+18
624.217  5.20309e+18
627.346  5.36773e+18
630.475  6.37261e+18
633.604  4.40653e+18
636.733  5.66416e+18
639.862  5.15302e+18
642.991  4.9645e+18
646.119  4.96895e+18
649.248  5.53069e+18
652.377  4.89104e+18
655.506  4.98805e+18
658.635  6.42494e+18
661.764  4.17495e+18
664.893  6.64866e+18
668.022  5.95155e+18
671.151  4.8807e+18
674.28  7.98508e+18
677.409  4.99769e+18
680.537  7.10957e+18
683.666  7.41025e+18
686.795  5.60897e+18
689.924  8.39359e+18
693.053  6.34254e+18
696.182  7.16988e+18
699.311  7.71007e+18
702.44  6.44684e+18
705.569  7.46016e+18
708.698  6.8194e+18
711.827  6.78656e+18
714.955  6.51038e+18
718.084  6.80201e+18
721.213  5.99756e+18
724.342  6.14408e+18
727.471  6.40895e+18
730.6  5.00659e+18
733.729  6.39355e+18
736.858  4.95293e+18
739.987  5.15454e+18
743.116  5.6653e+18
746.245  3.90118e+18
749.373  5.59552e+18
752.502  4.1115e+18
755.631  4.19933e+18
758.76  5.03554e+18
761.889  3.585e+18
765.018  4.6218e+18
768.147  4.33624e+18
771.276  4.28946e+18
774.405  4.3138e+18
777.534  4.90907e+18
780.663  4.61741e+18
783.792  4.5477e+18
786.92  5.99022e+18
790.049  4.41817e+18
793.178  6.1718e+18
796.307  5.98681e+18
799.436  5.26715e+18
802.565  7.55816e+18
805.694  5.38846e+18
808.823  7.20712e+18
811.952  7.20718e+18
815.081  5.89871e+18
818.21  8.29383e+18
821.338  6.34584e+18
824.467  7.33553e+18
827.596  7.76402e+18
830.725  6.55332e+18
833.854  7.78759e+18
836.983  6.92381e+18
840.112  6.89206e+18
843.241  6.80731e+18
846.37  6.60551e+18
849.499  6.00683e+18
852.628  5.98561e+18
855.756  6.02048e+18
858.885  4.83155e+18
862.014  5.85532e+18
865.143  4.6181e+18
868.272  4.73333e+18
871.401  5.16509e+18
874.53  3.54225e+18
877.659  5.2175e+18
880.788  3.99725e+18
883.917  4.07711e+18
887.046  5.32883e+18
890.174  4.19629e+18
893.303  5.65414e+18
896.432  5.71516e+18
899.561  6.3477e+18
902.69  7.42921e+18
905.819  7.93669e+18
908.948  9.3738e+18
912.077  1.03251e+19
915.206  1.20445e+19
918.335  1.29114e+19
921.464  1.52975e+19
924.592  1.67753e+19
927.721  1.82186e+19
930.85  2.16372e+19
933.979  2.22216e+19
937.108  2.58811e+19
940.237  2.80207e+19
943.366  2.9473e+19
946.495  3.41042e+19
949.624  3.45296e+19
952.753  3.86033e+19
955.882  4.14463e+19
959.01  4.26018e+19
962.139  4.80317e+19
965.268  4.82879e+19
968.397  5.19931e+19
971.526  5.55351e+19
974.655  5.55303e+19
977.784  6.09541e+19
980.913  6.10676e+19
984.042  6.36453e+19
987.171  6.78341e+19
990.3  6.59525e+19
993.428  7.11517e+19
996.557  7.12914e+19
999.686  7.11041e+19
1002.82  7.60113e+19
1005.94  7.23146e+19
1009.07  7.63068e+19
1012.2  7.68357e+19
1015.33  7.32357e+19
1018.46  7.89483e+19
1021.59  7.39251e+19
1024.72  7.50742e+19
1027.85  7.67404e+19
1030.98  7.03029e+19
1034.1  7.54638e+19
1037.23  7.03491e+19
1040.36  6.82505e+19
1043.49  7.10628e+19
1046.62  6.32607e+19
1049.75  6.60547e+19
1052.88  6.23158e+19
1056.01  5.78601e+19
1059.14  6.02141e+19
1062.26  5.32785e+19
1065.39  5.31098e+19
1068.52  5.10348e+19
1071.65  4.61316e+19
1074.78  4.62036e+19
1077.91  4.18837e+19
1081.04  3.95152e+19
1084.17  3.78529e+19
1087.3  3.47204e+19
1090.42  3.2097e+19
1093.55  3.0493e+19
1096.68  2.76183e+19
1099.81  2.49723e+19
1102.94  2.46348e+19
1106.07  2.04265e+19
1109.2  2.02254e+19
1112.33  1.84927e+19
1115.46  1.48128e+19
1118.58  1.64436e+19
1121.71  1.23952e+19
1124.84  1.22595e+19
1127.97  1.20188e+19
1131.1  8.61124e+18
1134.23  1.04543e+19
1137.36  7.76613e+18
1140.49  7.51859e+18
1143.62  7.66571e+18
1146.75  5.95448e+18
1149.87  6.82779e+18
1153  5.40203e+18
1156.13  5.87099e+18
1159.26  5.07379e+18
1162.39  5.37182e+18
1165.52  5.3968e+18
1168.65  4.21516e+18
1171.78  6.01784e+18
1174.91  4.03249e+18
1178.03  5.35658e+18
1181.16  5.39177e+18
1184.29  3.72934e+18
1187.42  6.32911e+18
1190.55  4.13202e+18
1193.68  5.15425e+18
1196.81  5.62921e+18
1199.94  3.86886e+18
1203.07  5.87348e+18
1206.19  4.61448e+18
1209.32  4.83038e+18
1212.45  5.21341e+18
1215.58  4.42663e+18
1218.71  4.79724e+18
1221.84  4.70452e+18
1224.97  4.69759e+18
1228.1  4.12277e+18
1231.23  4.89206e+18
1234.35  3.8354e+18
1237.48  4.15392e+18
1240.61  4.73755e+18
1243.74  3.08169e+18
1246.87  4.81331e+18
1250  3.47966e+18
