#S 1 scored data
#N 5
#L  distance  fwhm  total_intensity  on_axis_intensity  peak_intensity
10 361.058 1.19363e+19 4.76058e+22 6.25173e+22
10.04 358.088 1.19443e+19 1.90087e+22 6.35303e+22
10.0801 346.834 1.19527e+19 2.33766e+22 6.30592e+22
10.1201 351.054 1.19577e+19 5.38858e+22 6.42513e+22
10.1602 348.71 1.19588e+19 3.63785e+22 6.52418e+22
10.2002 346.522 1.1959e+19 1.15898e+22 6.57491e+22
10.2402 344.021 1.19606e+19 4.28298e+22 6.57883e+22
10.2803 315.73 1.19661e+19 5.93138e+22 6.74704e+22
10.3203 294.004 1.19708e+19 2.04609e+22 6.86198e+22
10.3604 297.443 1.19746e+19 1.78485e+22 6.9086e+22
10.4004 282.75 1.19751e+19 6.36162e+22 7.06932e+22
10.4404 279.937 1.19753e+19 5.39086e+22 7.30959e+22
10.4805 277.436 1.1976e+19 8.62967e+21 7.2981e+22
10.5205 274.623 1.19794e+19 3.47646e+22 7.57978e+22
10.5606 248.676 1.19826e+19 7.95797e+22 7.99914e+22
10.6006 281.5 1.19848e+19 4.19759e+22 7.72648e+22
10.6406 232.734 1.19853e+19 5.02306e+21 8.53773e+22
10.6807 276.498 1.19852e+19 5.67991e+22 7.66171e+22
10.7207 216.791 1.19857e+19 8.75853e+22 8.90952e+22
10.7608 271.34 1.19875e+19 2.83907e+22 7.4718e+22
10.8008 194.909 1.199e+19 9.53636e+21 9.10142e+22
10.8408 265.557 1.19912e+19 7.77266e+22 7.81757e+22
10.8809 228.045 1.19918e+19 8.70766e+22 9.10021e+22
10.9209 225.544 1.19915e+19 1.66812e+22 8.63051e+22
10.961 211.789 1.1992e+19 1.94977e+22 8.89962e+22
11.001 170.213 1.19929e+19 9.19228e+22 9.24804e+22
11.041 229.92 1.19946e+19 7.90843e+22 8.61621e+22
11.0811 215.853 1.19957e+19 8.84847e+21 9.55927e+22
11.1211 247.426 1.19958e+19 3.07886e+22 8.61652e+22
11.1612 160.522 1.19957e+19 9.5819e+22 9.63816e+22
11.2012 230.858 1.19957e+19 6.49471e+22 8.93509e+22
11.2412 206.788 1.19968e+19 5.51891e+21 9.45502e+22
11.2813 203.974 1.19975e+19 4.14874e+22 9.30788e+22
11.3213 200.535 1.19983e+19 9.03896e+22 9.12733e+22
11.3614 221.167 1.19985e+19 4.73989e+22 9.40861e+22
11.4014 218.666 1.19983e+19 6.99412e+21 9.27395e+22
11.4414 215.228 1.19985e+19 5.30993e+22 9.45997e+22
11.4815 190.532 1.19988e+19 8.21014e+22 9.39896e+22
11.5215 211.946 1.19997e+19 3.14169e+22 9.39175e+22
11.5616 208.976 1.20002e+19 1.29603e+22 9.32628e+22
11.6016 205.85 1.20001e+19 6.78079e+22 9.36091e+22
11.6416 227.107 1.20001e+19 7.72095e+22 9.14502e+22
11.6817 223.824 1.19999e+19 2.04972e+22 9.41818e+22
11.7217 220.23 1.20004e+19 2.08534e+22 9.33296e+22
11.7618 206.162 1.20009e+19 8.13451e+22 9.33466e+22
11.8018 217.572 1.2001e+19 7.51986e+22 9.04975e+22
11.8418 214.29 1.20012e+19 1.49276e+22 9.23665e+22
11.8819 235.703 1.2001e+19 2.73134e+22 9.22034e+22
11.9219 232.421 1.2001e+19 8.67963e+22 9.26496e+22
11.962 228.357 1.20013e+19 6.96736e+22 9.15003e+22
12.002 229.295 1.20014e+19 1.26557e+22 8.85474e+22
12.042 226.013 1.20017e+19 3.35963e+22 9.14987e+22
12.0821 222.574 1.20018e+19 8.53551e+22 9.0761e+22
12.1221 233.046 1.20015e+19 5.91741e+22 8.76591e+22
12.1622 229.92 1.20016e+19 1.19569e+22 8.87302e+22
12.2022 226.325 1.20016e+19 4.35358e+22 9.05101e+22
12.2422 237.423 1.20017e+19 8.6627e+22 8.86857e+22
12.2823 248.676 1.2002e+19 5.04616e+22 8.92809e+22
12.3223 245.238 1.20018e+19 1.17466e+22 8.87801e+22
12.3624 241.487 1.20016e+19 5.2973e+22 8.91456e+22
12.4024 241.955 1.20017e+19 8.97782e+22 9.01952e+22
12.4424 238.829 1.20016e+19 4.64747e+22 8.96839e+22
12.4825 235.235 1.20017e+19 1.24148e+22 8.97667e+22
12.5225 233.671 1.20018e+19 5.63943e+22 8.76724e+22
12.5626 232.108 1.20016e+19 8.75176e+22 8.94579e+22
12.6026 228.67 1.20014e+19 4.32117e+22 8.63402e+22
12.6426 224.919 1.20014e+19 1.57354e+22 8.9504e+22
12.6827 265.557 1.20013e+19 6.03837e+22 8.69374e+22
12.7227 261.806 1.20013e+19 8.431e+22 8.87739e+22
12.7628 258.055 1.20014e+19 3.91454e+22 8.89914e+22
12.8028 258.992 1.20011e+19 1.87076e+22 8.75936e+22
12.8428 255.554 1.20009e+19 6.57352e+22 8.72497e+22
12.8829 255.866 1.20009e+19 8.52721e+22 8.68327e+22
12.9229 252.428 1.20007e+19 3.84685e+22 8.84996e+22
12.963 262.744 1.20005e+19 1.99279e+22 8.67803e+22
13.003 259.305 1.20006e+19 6.61766e+22 8.80921e+22
13.043 255.71 1.20003e+19 8.37637e+22 8.7714e+22
13.0831 256.179 1.2e+19 3.87604e+22 8.7228e+22
13.1231 252.74 1.19999e+19 2.29826e+22 8.8596e+22
13.1632 248.989 1.19998e+19 6.82369e+22 8.79872e+22
13.2032 249.614 1.19994e+19 8.31088e+22 8.79235e+22
13.2432 246.176 1.19994e+19 3.84556e+22 8.69889e+22
13.2833 246.801 1.19992e+19 2.44272e+22 8.78448e+22
13.3233 252.428 1.19987e+19 7.01182e+22 8.60016e+22
13.3634 248.676 1.19985e+19 8.56829e+22 8.80349e+22
13.4034 249.458 1.19984e+19 4.15368e+22 8.65776e+22
13.4434 245.863 1.1998e+19 2.58177e+22 8.86175e+22
13.4835 242.112 1.19976e+19 6.8569e+22 8.85352e+22
13.5235 242.581 1.19975e+19 8.38368e+22 8.91403e+22
13.5636 238.986 1.19971e+19 4.23274e+22 8.928e+22
13.6036 235.078 1.19966e+19 2.80352e+22 8.94345e+22
13.6436 235.547 1.19963e+19 7.10027e+22 8.78056e+22
13.6837 231.796 1.19961e+19 8.77509e+22 8.83436e+22
13.7237 228.045 1.19955e+19 4.62964e+22 8.64434e+22
13.7638 224.293 1.19949e+19 2.82266e+22 8.88847e+22
13.8038 224.762 1.19946e+19 6.82627e+22 8.72661e+22
13.8438 220.855 1.19941e+19 8.77704e+22 9.06332e+22
13.8839 217.26 1.19934e+19 5.05778e+22 9.0028e+22
13.9239 213.509 1.19929e+19 3.15617e+22 9.16524e+22
13.964 213.977 1.19925e+19 6.8474e+22 9.07138e+22
14.004 210.539 1.19918e+19 8.86979e+22 9.07687e+22
14.044 210.851 1.19909e+19 5.27899e+22 8.96881e+22
14.0841 207.256 1.19902e+19 3.12543e+22 9.21702e+22
14.1241 208.038 1.19896e+19 6.68187e+22 8.88329e+22
14.1642 203.974 1.19886e+19 9.262e+22 9.29046e+22
14.2042 205.068 1.19876e+19 6.20156e+22 8.94496e+22
14.2442 200.848 1.19869e+19 3.60612e+22 9.31867e+22
14.2843 201.786 1.19859e+19 6.37853e+22 9.09322e+22
14.3243 198.035 1.19845e+19 8.91799e+22 9.29349e+22
14.3644 194.283 1.19833e+19 6.29967e+22 9.20563e+22
14.4044 194.909 1.19823e+19 3.70532e+22 9.35416e+22
14.4444 191.157 1.1981e+19 6.38195e+22 9.33744e+22
14.4845 187.406 1.19792e+19 9.50968e+22 9.53457e+22
14.5245 188.031 1.19776e+19 7.46403e+22 9.3563e+22
14.5646 184.28 1.19762e+19 4.30513e+22 9.18677e+22
14.6046 184.905 1.19744e+19 5.85611e+22 9.07342e+22
14.6446 180.998 1.1972e+19 8.87209e+22 9.29164e+22
14.6847 177.246 1.19699e+19 7.58692e+22 9.06477e+22
14.7247 177.715 1.1968e+19 4.72686e+22 9.17936e+22
14.7648 173.964 1.19654e+19 6.07736e+22 9.46848e+22
14.8048 170.213 1.19623e+19 9.42563e+22 9.44464e+22
14.8448 170.525 1.19594e+19 8.79782e+22 9.6102e+22
14.8849 166.774 1.19566e+19 5.50631e+22 9.37691e+22
14.9249 167.087 1.19532e+19 5.54936e+22 9.5267e+22
14.965 163.336 1.19489e+19 8.49146e+22 9.91578e+22
15.005 159.584 1.19448e+19 8.80725e+22 9.87225e+22
15.045 160.053 1.19408e+19 6.27295e+22 9.87228e+22
15.0851 156.458 1.19361e+19 6.13517e+22 9.78868e+22
15.1251 157.084 1.19303e+19 9.08546e+22 9.71507e+22
15.1652 153.176 1.19244e+19 9.95867e+22 9.97627e+22
15.2052 153.957 1.19188e+19 7.25453e+22 9.90579e+22
15.2452 149.894 1.19123e+19 5.80823e+22 1.00653e+23
15.2853 150.675 1.19045e+19 7.93065e+22 9.75093e+22
15.3253 146.768 1.18963e+19 9.58884e+22 1.04278e+23
15.3654 147.393 1.18883e+19 8.10705e+22 9.92329e+22
15.4054 143.642 1.18797e+19 6.85117e+22 1.03323e+23
15.4454 139.89 1.18694e+19 8.73365e+22 1.03896e+23
15.4855 139.89 1.18583e+19 1.07586e+23 1.07741e+23
15.5255 136.452 1.18475e+19 9.43719e+22 1.06416e+23
15.5656 132.7 1.18363e+19 7.06868e+22 1.04432e+23
15.6056 133.169 1.18235e+19 7.55617e+22 1.0443e+23
15.6456 129.262 1.18095e+19 9.6865e+22 1.06412e+23
15.6857 129.262 1.17958e+19 9.79549e+22 1.11133e+23
15.7257 125.823 1.17821e+19 8.34391e+22 1.0889e+23
15.7658 122.072 1.17673e+19 8.8027e+22 1.12253e+23
15.8058 122.384 1.1751e+19 1.10965e+23 1.12278e+23
15.8458 118.633 1.1735e+19 1.16001e+23 1.1646e+23
15.8859 118.79 1.17196e+19 9.52985e+22 1.14786e+23
15.9259 115.195 1.17038e+19 8.25894e+22 1.15926e+23
15.966 111.443 1.16868e+19 9.50246e+22 1.18156e+23
16.006 111.443 1.16698e+19 1.08094e+23 1.21509e+23
16.046 108.161 1.16541e+19 1.01958e+23 1.19625e+23
16.0861 108.63 1.16388e+19 9.6392e+22 1.18126e+23
16.1261 104.566 1.16229e+19 1.12247e+23 1.25685e+23
16.1662 100.815 1.16069e+19 1.31654e+23 1.31768e+23
16.2062 100.971 1.15924e+19 1.27636e+23 1.32459e+23
16.2462 97.6888 1.15792e+19 1.08438e+23 1.27298e+23
16.2863 98.0014 1.1566e+19 1.03473e+23 1.27647e+23
16.3263 94.2501 1.15527e+19 1.14423e+23 1.37255e+23
16.3664 94.4064 1.15406e+19 1.18632e+23 1.388e+23
16.4064 90.8115 1.153e+19 1.11985e+23 1.37665e+23
16.4464 90.8115 1.152e+19 1.15596e+23 1.38364e+23
16.4865 87.3728 1.15097e+19 1.37423e+23 1.46398e+23
16.5265 83.6216 1.14999e+19 1.54809e+23 1.54915e+23
16.5666 83.9342 1.14914e+19 1.49971e+23 1.50015e+23
16.6066 80.1829 1.14833e+19 1.36314e+23 1.56147e+23
16.6466 80.1829 1.14747e+19 1.34486e+23 1.54546e+23
16.6867 77.0569 1.14658e+19 1.3983e+23 1.56262e+23
16.7267 74.2435 1.14575e+19 1.36279e+23 1.65149e+23
16.7668 73.3056 1.14495e+19 1.29082e+23 1.67881e+23
16.8068 72.3678 1.14406e+19 1.37303e+23 1.73969e+23
16.8468 69.5544 1.14309e+19 1.62495e+23 1.7156e+23
16.8869 66.741 1.14213e+19 1.83089e+23 1.83177e+23
16.9269 65.8031 1.14121e+19 1.86294e+23 1.86322e+23
16.967 62.5208 1.14023e+19 1.82958e+23 1.98486e+23
17.007 62.0519 1.13916e+19 1.85301e+23 2.00545e+23
17.047 59.2385 1.13809e+19 1.86084e+23 1.92153e+23
17.0871 57.988 1.1371e+19 1.75391e+23 2.0954e+23
17.1271 55.9561 1.13616e+19 1.61799e+23 2.15845e+23
17.1672 52.9864 1.13517e+19 1.6511e+23 2.26826e+23
17.2072 51.736 1.13418e+19 1.8842e+23 2.29094e+23
17.2472 51.1108 1.1333e+19 2.14915e+23 2.36556e+23
17.2873 48.6099 1.13253e+19 2.33915e+23 2.3931e+23
17.3273 46.4217 1.13175e+19 2.50304e+23 2.50304e+23
17.3674 44.8587 1.13097e+19 2.69575e+23 2.70182e+23
17.4074 42.3578 1.13025e+19 2.79936e+23 2.80046e+23
17.4474 40.7948 1.12962e+19 2.69464e+23 2.78659e+23
17.4875 40.1696 1.12899e+19 2.46383e+23 2.78099e+23
17.5275 37.9814 1.1283e+19 2.32869e+23 3.08007e+23
17.5676 34.5427 1.1276e+19 2.39213e+23 3.38646e+23
17.6076 33.6049 1.12696e+19 2.5933e+23 3.58201e+23
17.6476 32.6671 1.12633e+19 2.89054e+23 3.57502e+23
17.6877 29.5411 1.12562e+19 3.3469e+23 3.75376e+23
17.7277 27.9781 1.12486e+19 3.96377e+23 4.05669e+23
17.7678 26.415 1.12416e+19 4.56419e+23 4.56612e+23
17.8078 22.9764 1.12352e+19 4.91228e+23 4.91447e+23
17.8478 22.3512 1.12285e+19 4.94358e+23 4.97029e+23
17.8879 21.1008 1.12214e+19 4.77933e+23 5.50657e+23
17.9279 19.2251 1.12148e+19 4.56818e+23 5.74601e+23
17.968 16.7243 1.12092e+19 4.38659e+23 6.03275e+23
18.008 15.4739 1.12039e+19 4.3816e+23 7.21018e+23
18.048 13.9109 1.11982e+19 4.87583e+23 8.24498e+23
18.0881 11.0974 1.11926e+19 6.20853e+23 8.9299e+23
18.1281 10.1596 1.11876e+19 8.48263e+23 9.13155e+23
18.1682 8.90921 1.1183e+19 1.15562e+24 1.15605e+24
18.2082 6.09578 1.11778e+19 1.52458e+24 1.52541e+24
18.2482 3.90755 1.11722e+19 1.93817e+24 1.93948e+24
18.2883 3.28234 1.11669e+19 2.36858e+24 2.37046e+24
18.3283 2.96974 1.11621e+19 2.76642e+24 2.76892e+24
18.3684 2.96974 1.1157e+19 3.07436e+24 3.0773e+24
18.4084 2.96974 1.11514e+19 3.25221e+24 3.25532e+24
18.4484 2.96974 1.11459e+19 3.29463e+24 3.29773e+24
18.4885 2.96974 1.11412e+19 3.21012e+24 3.21313e+24
18.5285 2.96974 1.11368e+19 3.00355e+24 3.00634e+24
18.5686 3.12604 1.11322e+19 2.68774e+24 2.69018e+24
18.6086 3.28234 1.11274e+19 2.29373e+24 2.29565e+24
18.6486 3.90755 1.11232e+19 1.86968e+24 1.87098e+24
18.6887 6.72099 1.11194e+19 1.46699e+24 1.46778e+24
18.7287 9.22182 1.11155e+19 1.11598e+24 1.11641e+24
18.7688 10.4722 1.1111e+19 8.29018e+23 8.92524e+23
18.8088 11.0974 1.11067e+19 6.14659e+23 8.76857e+23
18.8488 13.9109 1.11029e+19 4.78056e+23 8.18794e+23
18.8889 15.7865 1.10992e+19 4.13974e+23 7.29116e+23
18.9289 17.0369 1.10949e+19 4.02948e+23 6.2263e+23
18.969 18.7562 1.10907e+19 4.19925e+23 5.49223e+23
19.009 21.4134 1.1087e+19 4.44122e+23 5.43695e+23
19.049 22.8201 1.10838e+19 4.64431e+23 5.13617e+23
19.0891 23.9142 1.10805e+19 4.73952e+23 4.74111e+23
19.1291 24.5394 1.10769e+19 4.64333e+23 4.64511e+23
19.1692 28.2907 1.10735e+19 4.32826e+23 4.32991e+23
19.2092 30.1663 1.10707e+19 3.85686e+23 3.86973e+23
19.2492 31.1041 1.10679e+19 3.33661e+23 3.63503e+23
19.2893 33.6049 1.10647e+19 2.86602e+23 3.32767e+23
19.3293 35.7932 1.10614e+19 2.48939e+23 3.36549e+23
19.3694 37.0436 1.10584e+19 2.21696e+23 3.31987e+23
19.4094 37.9814 1.10559e+19 2.07078e+23 3.15316e+23
19.4494 40.1696 1.10533e+19 2.06787e+23 2.89615e+23
19.4895 43.9209 1.10504e+19 2.17287e+23 2.59436e+23
19.5295 44.8587 1.10478e+19 2.31446e+23 2.57575e+23
19.5696 45.4839 1.10457e+19 2.43106e+23 2.62232e+23
19.6096 46.7343 1.10438e+19 2.48739e+23 2.58649e+23
19.6496 50.4855 1.10415e+19 2.48295e+23 2.48351e+23
19.6897 51.5797 1.10391e+19 2.41831e+23 2.41888e+23
19.7297 52.8301 1.1037e+19 2.27488e+23 2.27547e+23
19.7698 55.4872 1.10352e+19 2.06881e+23 2.15579e+23
19.8098 57.988 1.10333e+19 1.84477e+23 2.15596e+23
19.8498 59.2385 1.10311e+19 1.64399e+23 2.0842e+23
19.8899 60.1763 1.10291e+19 1.50065e+23 2.02691e+23
19.9299 61.2704 1.10276e+19 1.41469e+23 2.01066e+23
19.97 65.4905 1.10262e+19 1.37362e+23 1.93052e+23
20.01 66.741 1.10247e+19 1.38765e+23 1.82376e+23
20.0501 67.6788 1.10231e+19 1.45238e+23 1.79513e+23
20.0901 69.5544 1.10218e+19 1.53858e+23 1.73067e+23
20.1301 73.3056 1.10207e+19 1.61731e+23 1.69163e+23
20.1702 74.2435 1.10194e+19 1.65998e+23 1.69992e+23
20.2102 75.1813 1.10178e+19 1.65698e+23 1.66228e+23
20.2503 76.4317 1.10164e+19 1.62295e+23 1.6233e+23
20.2903 80.8081 1.10153e+19 1.55747e+23 1.55786e+23
20.3303 82.3712 1.10143e+19 1.45716e+23 1.46228e+23
20.3704 83.309 1.10133e+19 1.3354e+23 1.46365e+23
20.4104 84.2468 1.10122e+19 1.21167e+23 1.47629e+23
20.4505 88.3106 1.10114e+19 1.1127e+23 1.44817e+23
20.4905 89.561 1.10108e+19 1.05237e+23 1.42488e+23
20.5305 90.4989 1.10101e+19 1.02202e+23 1.40545e+23
20.5706 92.0619 1.10092e+19 1.01859e+23 1.3479e+23
20.6106 96.7509 1.10082e+19 1.04306e+23 1.28471e+23
20.6507 97.6888 1.10074e+19 1.08936e+23 1.2911e+23
20.6907 98.6266 1.10068e+19 1.14802e+23 1.27406e+23
20.7307 99.877 1.1006e+19 1.19833e+23 1.23832e+23
20.7708 101.753 1.10052e+19 1.22426e+23 1.24223e+23
20.8108 105.191 1.10046e+19 1.22389e+23 1.22576e+23
20.8509 106.442 1.10043e+19 1.19902e+23 1.19925e+23
20.8909 107.536 1.1004e+19 1.15791e+23 1.15802e+23
20.9309 108.942 1.10035e+19 1.09874e+23 1.14638e+23
20.971 113.319 1.1003e+19 1.02132e+23 1.11636e+23
21.011 114.569 1.10026e+19 9.42298e+22 1.10471e+23
21.0511 115.195 1.10022e+19 8.74063e+22 1.10539e+23
21.0911 116.445 1.10017e+19 8.26676e+22 1.0828e+23
21.1311 120.196 1.10011e+19 8.03813e+22 1.07963e+23
21.1712 122.384 1.10006e+19 7.97423e+22 1.05391e+23
21.2112 123.635 1.10003e+19 8.06747e+22 1.00961e+23
21.2513 125.042 1.10002e+19 8.32856e+22 9.77201e+22
21.2913 127.542 1.1e+19 8.7137e+22 9.89191e+22
21.3313 130.512 1.09997e+19 9.138e+22 9.87037e+22
21.3714 131.606 1.09995e+19 9.43734e+22 9.7084e+22
21.4114 132.544 1.09993e+19 9.56527e+22 9.67355e+22
21.4515 133.795 1.09991e+19 9.55126e+22 9.55297e+22
21.4915 138.327 1.09987e+19 9.38127e+22 9.38285e+22
21.5315 139.89 1.09983e+19 9.09679e+22 9.09838e+22
21.5716 140.984 1.0998e+19 8.67179e+22 9.0364e+22
21.6116 141.922 1.09978e+19 8.1349e+22 8.9945e+22
21.6517 145.83 1.09978e+19 7.58609e+22 8.77186e+22
21.6917 148.018 1.09977e+19 7.10065e+22 8.75547e+22
21.7317 149.112 1.09976e+19 6.76908e+22 8.69017e+22
21.7718 149.894 1.09975e+19 6.56654e+22 8.63913e+22
21.8118 151.144 1.09975e+19 6.46468e+22 8.51349e+22
21.8519 156.302 1.09972e+19 6.50046e+22 8.24737e+22
21.8919 157.709 1.09969e+19 6.66173e+22 8.15096e+22
21.9319 158.647 1.09966e+19 6.94065e+22 7.96947e+22
21.972 159.584 1.09965e+19 7.24707e+22 7.93168e+22
22.012 160.522 1.09964e+19 7.495e+22 7.97386e+22
22.0521 165.524 1.09964e+19 7.67591e+22 7.8821e+22
22.0921 166.774 1.09964e+19 7.75043e+22 7.81873e+22
22.1321 167.712 1.09963e+19 7.74775e+22 7.7489e+22
22.1722 168.806 1.09963e+19 7.64128e+22 7.64293e+22
22.2122 170.525 1.09963e+19 7.40916e+22 7.4103e+22
22.2523 175.527 1.09961e+19 7.0793e+22 7.30572e+22
22.2923 176.465 1.09959e+19 6.66947e+22 7.35091e+22
22.3323 177.403 1.09957e+19 6.28486e+22 7.26039e+22
22.3724 178.653 1.09957e+19 5.9555e+22 7.1479e+22
22.4124 179.904 1.09956e+19 5.69139e+22 7.16162e+22
22.4525 184.905 1.09956e+19 5.50156e+22 7.10536e+22
22.4925 186.156 1.09956e+19 5.37635e+22 7.04329e+22
22.5325 187.25 1.09956e+19 5.3786e+22 6.87967e+22
22.5726 188.5 1.09956e+19 5.49271e+22 6.74333e+22
22.6126 192.877 1.09956e+19 5.68618e+22 6.75089e+22
22.6527 194.909 1.09954e+19 5.90613e+22 6.67454e+22
22.6927 196.003 1.09952e+19 6.09272e+22 6.60072e+22
22.7327 196.784 1.09951e+19 6.26822e+22 6.61865e+22
22.7728 198.035 1.09951e+19 6.40082e+22 6.53551e+22
22.8128 199.285 1.09951e+19 6.48839e+22 6.51491e+22
22.8529 204.287 1.0995e+19 6.48433e+22 6.48551e+22
22.8929 205.537 1.09951e+19 6.36699e+22 6.36784e+22
22.9329 206.788 1.09951e+19 6.17108e+22 6.23662e+22
22.973 208.038 1.09951e+19 5.91152e+22 6.10012e+22
23.013 213.04 1.0995e+19 5.65106e+22 6.08301e+22
23.0531 214.446 1.09948e+19 5.37771e+22 6.09996e+22
23.0931 215.54 1.09946e+19 5.11705e+22 6.05928e+22
23.1331 216.478 1.09945e+19 4.87782e+22 6.01721e+22
23.1732 217.416 1.09945e+19 4.68737e+22 5.99668e+22
23.2132 218.666 1.09945e+19 4.59169e+22 5.93956e+22
23.2533 223.981 1.09945e+19 4.57116e+22 5.8866e+22
23.2933 225.544 1.09945e+19 4.63533e+22 5.75987e+22
23.3333 226.794 1.09945e+19 4.73362e+22 5.68223e+22
23.3734 227.419 1.09944e+19 4.86615e+22 5.70301e+22
23.4134 228.67 1.09943e+19 5.02344e+22 5.65591e+22
23.4535 234.297 1.09941e+19 5.18727e+22 5.55704e+22
23.4935 235.547 1.09939e+19 5.35228e+22 5.57943e+22
23.5335 236.485 1.09938e+19 5.45856e+22 5.54915e+22
23.5736 237.423 1.09938e+19 5.51045e+22 5.52383e+22
23.6136 238.673 1.09938e+19 5.47953e+22 5.48029e+22
23.6537 243.987 1.09938e+19 5.40409e+22 5.40443e+22
23.6937 245.863 1.09938e+19 5.28169e+22 5.29823e+22
23.7337 246.801 1.09937e+19 5.12117e+22 5.2955e+22
23.7738 248.051 1.09936e+19 4.92584e+22 5.23674e+22
23.8138 248.989 1.09935e+19 4.69229e+22 5.19744e+22
23.8539 250.24 1.09933e+19 4.47128e+22 5.21178e+22
23.8939 255.866 1.09931e+19 4.26704e+22 5.16416e+22
23.9339 257.117 1.0993e+19 4.12553e+22 5.13718e+22
23.974 258.055 1.09929e+19 4.02231e+22 5.11684e+22
24.014 258.992 1.09928e+19 3.96682e+22 5.09917e+22
24.0541 260.243 1.09928e+19 3.95023e+22 5.02053e+22
24.0941 266.339 1.09928e+19 3.98122e+22 4.91146e+22
24.1341 267.745 1.09927e+19 4.07187e+22 4.8382e+22
24.1742 268.683 1.09926e+19 4.19488e+22 4.85266e+22
24.2142 269.621 1.09924e+19 4.34283e+22 4.8638e+22
24.2543 270.559 1.09921e+19 4.46474e+22 4.83179e+22
24.2943 271.809 1.09919e+19 4.57415e+22 4.7852e+22
24.3343 277.436 1.09917e+19 4.64714e+22 4.78518e+22
24.3744 278.843 1.09916e+19 4.70798e+22 4.74048e+22
24.4144 279.937 1.09915e+19 4.73152e+22 4.73799e+22
24.4545 280.875 1.09914e+19 4.71071e+22 4.71157e+22
24.4945 282.125 1.09913e+19 4.63328e+22 4.63345e+22
24.5345 285.407 1.09911e+19 4.50066e+22 4.56955e+22
24.5746 289.315 1.0991e+19 4.34676e+22 4.56441e+22
24.6146 290.565 1.09908e+19 4.17825e+22 4.52312e+22
24.6547 291.816 1.09905e+19 4.02526e+22 4.46964e+22
24.6947 292.597 1.09903e+19 3.8646e+22 4.49024e+22
24.7347 293.691 1.099e+19 3.72215e+22 4.4681e+22
24.7748 295.098 1.09898e+19 3.58386e+22 4.4281e+22
24.8148 300.881 1.09896e+19 3.49127e+22 4.41901e+22
24.8549 302.132 1.09893e+19 3.439e+22 4.39572e+22
24.8949 303.226 1.09891e+19 3.44041e+22 4.36515e+22
24.9349 304.32 1.09888e+19 3.47384e+22 4.3057e+22
24.975 305.57 1.09885e+19 3.53047e+22 4.27601e+22
25.015 311.822 1.09883e+19 3.60664e+22 4.20514e+22
25.0551 313.073 1.0988e+19 3.69799e+22 4.21617e+22
25.0951 314.167 1.09877e+19 3.81232e+22 4.21811e+22
25.1351 315.261 1.09874e+19 3.92098e+22 4.18812e+22
25.1752 316.199 1.09871e+19 4.02329e+22 4.1699e+22
25.2152 317.137 1.09866e+19 4.07965e+22 4.1548e+22
25.2553 323.233 1.09862e+19 4.11153e+22 4.12228e+22
25.2953 324.952 1.09857e+19 4.10086e+22 4.10716e+22
25.3353 326.046 1.09852e+19 4.07924e+22 4.07997e+22
25.3754 327.14 1.09847e+19 4.02322e+22 4.02375e+22
25.4154 328.391 1.09843e+19 3.94904e+22 3.9497e+22
25.4555 329.328 1.09839e+19 3.8316e+22 3.96983e+22
25.4955 335.268 1.09835e+19 3.69867e+22 3.9642e+22
25.5355 336.987 1.09831e+19 3.55035e+22 3.93776e+22
25.5756 338.081 1.09825e+19 3.41709e+22 3.9069e+22
25.6156 339.019 1.09819e+19 3.29723e+22 3.91983e+22
25.6557 340.113 1.09812e+19 3.19822e+22 3.89824e+22
25.6957 341.051 1.09804e+19 3.11203e+22 3.88545e+22
25.7357 342.145 1.09795e+19 3.04561e+22 3.86294e+22
25.7758 348.71 1.09787e+19 3.00882e+22 3.84052e+22
25.8158 350.273 1.09778e+19 3.00705e+22 3.79665e+22
25.8559 351.367 1.0977e+19 3.04601e+22 3.75002e+22
25.8959 352.305 1.09762e+19 3.10552e+22 3.74373e+22
25.9359 353.399 1.09754e+19 3.18327e+22 3.71014e+22
25.976 354.806 1.09745e+19 3.25673e+22 3.66494e+22
26.016 360.901 1.09735e+19 3.34006e+22 3.68075e+22
26.0561 362.308 1.09724e+19 3.41777e+22 3.68277e+22
26.0961 363.558 1.09712e+19 3.50417e+22 3.65262e+22
26.1361 364.653 1.09698e+19 3.56801e+22 3.65388e+22
26.1762 365.59 1.09684e+19 3.61671e+22 3.64369e+22
26.2162 366.528 1.09669e+19 3.62213e+22 3.63145e+22
26.2563 367.779 1.09652e+19 3.60726e+22 3.60787e+22
26.2963 374.656 1.09635e+19 3.55974e+22 3.5603e+22
26.3363 376.063 1.09617e+19 3.50877e+22 3.52507e+22
26.3764 377.313 1.09597e+19 3.43232e+22 3.4777e+22
26.4164 378.251 1.09577e+19 3.34966e+22 3.47591e+22
26.4565 379.345 1.09556e+19 3.238e+22 3.47789e+22
26.4965 380.283 1.09535e+19 3.12528e+22 3.46796e+22
26.5365 387.16 1.09512e+19 3.00462e+22 3.43718e+22
26.5766 388.41 1.09489e+19 2.90861e+22 3.44098e+22
26.6166 389.661 1.09463e+19 2.82178e+22 3.44012e+22
26.6567 390.599 1.09434e+19 2.76351e+22 3.41947e+22
26.6967 391.537 1.09402e+19 2.70991e+22 3.41669e+22
26.7367 392.474 1.09366e+19 2.68016e+22 3.39815e+22
26.7768 393.725 1.09327e+19 2.66085e+22 3.36323e+22
26.8168 401.227 1.09286e+19 2.67694e+22 3.31515e+22
26.8569 402.321 1.09242e+19 2.70991e+22 3.30395e+22
26.8969 403.415 1.09197e+19 2.77246e+22 3.30389e+22
26.9369 404.353 1.09149e+19 2.83377e+22 3.28144e+22
26.977 405.604 1.091e+19 2.90421e+22 3.24609e+22
27.017 406.542 1.09049e+19 2.9622e+22 3.24384e+22
27.0571 407.479 1.08993e+19 3.02909e+22 3.25037e+22
27.0971 414.513 1.08934e+19 3.085e+22 3.24164e+22
27.1371 415.92 1.08871e+19 3.14589e+22 3.22812e+22
27.1772 416.857 1.08802e+19 3.18154e+22 3.22678e+22
27.2172 418.108 1.08728e+19 3.20391e+22 3.2078e+22
27.2573 419.046 1.08649e+19 3.19035e+22 3.19355e+22
27.2973 420.296 1.08564e+19 3.16637e+22 3.1667e+22
27.3373 421.546 1.08472e+19 3.11858e+22 3.1377e+22
27.3774 428.58 1.08374e+19 3.07174e+22 3.12046e+22
27.4174 429.987 1.08269e+19 3.00517e+22 3.08627e+22
27.4575 431.237 1.08158e+19 2.93464e+22 3.0685e+22
27.4975 432.175 1.0804e+19 2.84304e+22 3.07534e+22
27.5375 433.269 1.07917e+19 2.75201e+22 3.07016e+22
27.5776 434.363 1.07789e+19 2.65627e+22 3.05482e+22
27.6176 435.457 1.07656e+19 2.57833e+22 3.04713e+22
27.6577 442.491 1.07517e+19 2.50976e+22 3.04833e+22
27.6977 443.898 1.07371e+19 2.45959e+22 3.03774e+22
27.7377 444.992 1.07217e+19 2.41549e+22 3.0314e+22
27.7778 446.242 1.07053e+19 2.38527e+22 3.01645e+22
27.8178 447.493 1.06879e+19 2.36535e+22 2.995e+22
27.8579 448.587 1.06695e+19 2.36722e+22 2.96152e+22
27.8979 449.837 1.065e+19 2.38864e+22 2.91884e+22
27.9379 457.183 1.06296e+19 2.428e+22 2.91715e+22
27.978 458.434 1.06082e+19 2.4781e+22 2.9253e+22
28.018 459.684 1.05858e+19 2.52894e+22 2.91255e+22
28.0581 460.622 1.05624e+19 2.58235e+22 2.89638e+22
28.0981 461.872 1.05381e+19 2.63222e+22 2.87691e+22
28.1381 462.81 1.05129e+19 2.68861e+22 2.88374e+22
28.1782 463.748 1.04868e+19 2.73937e+22 2.88161e+22
28.2182 464.842 1.04601e+19 2.79157e+22 2.86485e+22
28.2583 465.78 1.04328e+19 2.82262e+22 2.86739e+22
28.2983 467.187 1.04049e+19 2.84355e+22 2.85076e+22
28.3383 468.75 1.03765e+19 2.83703e+22 2.84242e+22
28.3784 468.75 1.03473e+19 2.82529e+22 2.82567e+22
28.4184 468.75 1.03176e+19 2.79479e+22 2.79486e+22
28.4585 468.75 1.0287e+19 2.76504e+22 2.78291e+22
28.4985 468.75 1.02556e+19 2.71823e+22 2.77564e+22
28.5385 468.75 1.02235e+19 2.66485e+22 2.76126e+22
28.5786 468.75 1.01908e+19 2.59364e+22 2.73e+22
28.6186 468.75 1.01576e+19 2.51795e+22 2.73604e+22
28.6587 468.75 1.0124e+19 2.43971e+22 2.73592e+22
28.6987 468.75 1.009e+19 2.36782e+22 2.73072e+22
28.7387 468.75 1.00557e+19 2.3065e+22 2.70662e+22
28.7788 468.75 1.00212e+19 2.25031e+22 2.713e+22
28.8188 468.75 9.98662e+18 2.2049e+22 2.70361e+22
28.8589 468.75 9.95209e+18 2.15987e+22 2.69531e+22
28.8989 468.75 9.91787e+18 2.1305e+22 2.6848e+22
28.9389 468.75 9.88413e+18 2.10787e+22 2.67273e+22
28.979 468.75 9.85094e+18 2.11048e+22 2.65807e+22
29.019 468.75 9.81846e+18 2.1216e+22 2.63228e+22
29.0591 468.75 9.78654e+18 2.1518e+22 2.61724e+22
29.0991 468.75 9.75528e+18 2.18173e+22 2.59036e+22
29.1391 468.75 9.72461e+18 2.22048e+22 2.60323e+22
29.1792 468.75 9.69463e+18 2.25719e+22 2.60145e+22
29.2192 468.75 9.66531e+18 2.30183e+22 2.59128e+22
29.2593 468.75 9.63682e+18 2.35092e+22 2.5666e+22
29.2993 468.75 9.60908e+18 2.40014e+22 2.57349e+22
29.3393 468.75 9.58215e+18 2.44954e+22 2.57147e+22
29.3794 468.75 9.55596e+18 2.48434e+22 2.56053e+22
29.4194 468.75 9.53041e+18 2.51299e+22 2.55009e+22
29.4595 468.75 9.50552e+18 2.52155e+22 2.54766e+22
29.4995 468.75 9.48126e+18 2.52969e+22 2.53657e+22
29.5395 468.75 9.4577e+18 2.5239e+22 2.5289e+22
29.5796 468.75 9.43484e+18 2.51862e+22 2.51886e+22
29.6196 468.75 9.41276e+18 2.4986e+22 2.49906e+22
29.6597 468.75 9.39131e+18 2.46938e+22 2.47498e+22
29.6997 468.75 9.3705e+18 2.42628e+22 2.47847e+22
29.7397 468.75 9.35013e+18 2.371e+22 2.47178e+22
29.7798 468.75 9.33019e+18 2.31557e+22 2.44977e+22
29.8198 468.75 9.31055e+18 2.25441e+22 2.43183e+22
29.8599 461.872 9.29123e+18 2.20318e+22 2.43917e+22
29.8999 462.498 9.27216e+18 2.14593e+22 2.43968e+22
29.9399 463.123 9.25328e+18 2.09648e+22 2.43294e+22
29.98 464.061 9.23449e+18 2.04094e+22 2.42214e+22
30.02 464.998 9.21563e+18 1.99263e+22 2.42093e+22
30.0601 465.936 9.1966e+18 1.94941e+22 2.41699e+22
30.1001 466.874 9.17724e+18 1.91804e+22 2.40533e+22
30.1401 468.593 9.15755e+18 1.90231e+22 2.40065e+22
30.1802 468.75 9.13746e+18 1.8938e+22 2.39534e+22
30.2202 468.75 9.11699e+18 1.89943e+22 2.38657e+22
30.2603 468.75 9.09603e+18 1.90383e+22 2.36302e+22
30.3003 468.75 9.07458e+18 1.9198e+22 2.34844e+22
30.3403 468.75 9.05248e+18 1.93622e+22 2.33298e+22
30.3804 468.75 9.02972e+18 1.96643e+22 2.30787e+22
30.4204 468.75 9.00627e+18 2.00209e+22 2.31593e+22
30.4605 468.75 8.98213e+18 2.04333e+22 2.32199e+22
30.5005 468.75 8.95741e+18 2.08779e+22 2.31971e+22
30.5405 468.75 8.93215e+18 2.12378e+22 2.3105e+22
30.5806 468.75 8.90647e+18 2.16121e+22 2.30206e+22
30.6206 468.75 8.88036e+18 2.18641e+22 2.30631e+22
30.6607 468.75 8.85392e+18 2.21656e+22 2.29437e+22
30.7007 468.75 8.8271e+18 2.23917e+22 2.2832e+22
30.7407 468.75 8.8001e+18 2.26159e+22 2.2802e+22
30.7808 468.75 8.77301e+18 2.27655e+22 2.27713e+22
30.8208 468.75 8.74598e+18 2.27766e+22 2.27771e+22
30.8609 468.75 8.71921e+18 2.27102e+22 2.27118e+22
30.9009 468.75 8.69275e+18 2.24631e+22 2.24642e+22
30.9409 468.75 8.66674e+18 2.22144e+22 2.22169e+22
30.981 468.75 8.64116e+18 2.18579e+22 2.20536e+22
31.021 468.75 8.61612e+18 2.15265e+22 2.21288e+22
31.0611 468.75 8.59155e+18 2.11522e+22 2.21452e+22
31.1011 468.75 8.56766e+18 2.07192e+22 2.20863e+22
31.1411 468.75 8.54443e+18 2.02736e+22 2.19319e+22
31.1812 468.75 8.52198e+18 1.9728e+22 2.19399e+22
31.2212 468.75 8.50029e+18 1.92382e+22 2.19459e+22
31.2613 468.75 8.47929e+18 1.87173e+22 2.18695e+22
31.3013 468.75 8.45897e+18 1.83034e+22 2.16668e+22
31.3413 468.75 8.43919e+18 1.79356e+22 2.16789e+22
31.3814 468.75 8.41997e+18 1.76202e+22 2.16307e+22
31.4214 468.75 8.40121e+18 1.73944e+22 2.15836e+22
31.4615 468.75 8.38293e+18 1.71513e+22 2.15725e+22
31.5015 468.75 8.36505e+18 1.70256e+22 2.15427e+22
31.5415 468.75 8.34751e+18 1.69163e+22 2.1415e+22
31.5816 468.75 8.33019e+18 1.69428e+22 2.12837e+22
31.6216 468.75 8.31295e+18 1.70511e+22 2.10995e+22
31.6617 468.75 8.29568e+18 1.72097e+22 2.10946e+22
31.7017 468.75 8.27829e+18 1.74644e+22 2.10509e+22
31.7417 468.75 8.26077e+18 1.76767e+22 2.09092e+22
31.7818 468.75 8.24298e+18 1.79656e+22 2.07854e+22
31.8218 468.75 8.22501e+18 1.82217e+22 2.08646e+22
31.8619 468.75 8.20669e+18 1.8542e+22 2.08266e+22
31.9019 468.75 8.188e+18 1.88866e+22 2.07796e+22
31.9419 468.75 8.16883e+18 1.92094e+22 2.06106e+22
31.982 468.75 8.14914e+18 1.95693e+22 2.05793e+22
32.022 468.75 8.12898e+18 1.98101e+22 2.06081e+22
32.0621 468.75 8.10833e+18 2.00405e+22 2.05682e+22
32.1021 468.75 8.08733e+18 2.0177e+22 2.05207e+22
32.1421 468.75 8.06593e+18 2.02663e+22 2.05361e+22
32.1822 468.75 8.04428e+18 2.03493e+22 2.04709e+22
32.2222 468.75 8.02232e+18 2.03376e+22 2.03667e+22
32.2623 468.75 8.00011e+18 2.0345e+22 2.03465e+22
32.3023 468.75 7.97772e+18 2.02344e+22 2.02344e+22
32.3423 468.75 7.95517e+18 2.00689e+22 2.00697e+22
32.3824 468.75 7.9327e+18 1.9844e+22 1.99058e+22
32.4224 468.75 7.91033e+18 1.95146e+22 1.97617e+22
32.4625 468.75 7.88823e+18 1.9214e+22 1.98869e+22
32.5025 468.75 7.86639e+18 1.8827e+22 1.99098e+22
32.5425 468.75 7.84493e+18 1.84816e+22 1.98563e+22
32.5826 468.75 7.82384e+18 1.8114e+22 1.97413e+22
32.6226 468.75 7.80311e+18 1.77303e+22 1.95815e+22
32.6627 468.75 7.78289e+18 1.73765e+22 1.96392e+22
32.7027 468.75 7.76317e+18 1.69647e+22 1.96548e+22
32.7427 468.75 7.74404e+18 1.66049e+22 1.96057e+22
32.7828 468.75 7.7255e+18 1.62423e+22 1.95243e+22
32.8228 468.75 7.70753e+18 1.59235e+22 1.95294e+22
32.8629 468.75 7.69005e+18 1.57052e+22 1.94568e+22
32.9029 468.75 7.67304e+18 1.54995e+22 1.93936e+22
32.9429 468.75 7.65643e+18 1.54092e+22 1.93959e+22
32.983 468.75 7.64014e+18 1.53161e+22 1.93783e+22
33.023 468.75 7.62425e+18 1.5262e+22 1.93019e+22
33.0631 468.75 7.60863e+18 1.52607e+22 1.91772e+22
33.1031 468.75 7.59324e+18 1.52596e+22 1.89466e+22
33.1431 468.75 7.57803e+18 1.53856e+22 1.89598e+22
33.1832 468.75 7.56284e+18 1.55429e+22 1.89485e+22
33.2232 468.75 7.54764e+18 1.57862e+22 1.8877e+22
33.2633 468.75 7.53228e+18 1.60651e+22 1.87563e+22
33.3033 468.75 7.51681e+18 1.62907e+22 1.86424e+22
33.3433 468.75 7.5011e+18 1.65519e+22 1.8702e+22
33.3834 468.75 7.48522e+18 1.67642e+22 1.87149e+22
33.4234 468.75 7.46906e+18 1.70127e+22 1.87045e+22
33.4635 468.75 7.45258e+18 1.72975e+22 1.86069e+22
33.5035 468.75 7.43577e+18 1.75464e+22 1.85399e+22
33.5435 468.75 7.41853e+18 1.7838e+22 1.85625e+22
33.5836 468.75 7.40092e+18 1.80257e+22 1.85037e+22
33.6236 468.75 7.38294e+18 1.81797e+22 1.84641e+22
33.6637 468.75 7.36468e+18 1.82985e+22 1.84474e+22
33.7037 468.75 7.34619e+18 1.83187e+22 1.84137e+22
33.7437 468.75 7.32749e+18 1.83536e+22 1.83828e+22
33.7838 468.75 7.30869e+18 1.83079e+22 1.83155e+22
33.8238 468.75 7.28971e+18 1.82387e+22 1.82401e+22
33.8639 468.75 7.27066e+18 1.8163e+22 1.81672e+22
33.9039 468.75 7.25161e+18 1.80171e+22 1.80816e+22
33.9439 468.75 7.23262e+18 1.78709e+22 1.79732e+22
33.984 468.75 7.21379e+18 1.762e+22 1.78785e+22
34.024 468.75 7.19521e+18 1.7301e+22 1.77998e+22
34.0641 468.75 7.17697e+18 1.69978e+22 1.78589e+22
34.1041 468.75 7.15901e+18 1.66495e+22 1.79108e+22
34.1441 468.75 7.14142e+18 1.63746e+22 1.78747e+22
34.1842 468.75 7.12422e+18 1.60825e+22 1.77718e+22
34.2242 468.75 7.10733e+18 1.57636e+22 1.76691e+22
34.2643 468.75 7.09092e+18 1.54735e+22 1.76678e+22
34.3043 468.75 7.07493e+18 1.514e+22 1.76388e+22
34.3443 468.75 7.05939e+18 1.48577e+22 1.76153e+22
34.3844 468.75 7.04431e+18 1.45874e+22 1.75475e+22
34.4244 468.75 7.02961e+18 1.43069e+22 1.75522e+22
34.4645 468.75 7.01526e+18 1.41258e+22 1.75435e+22
34.5045 468.75 7.00114e+18 1.39629e+22 1.74727e+22
34.5445 468.75 6.98724e+18 1.38739e+22 1.74553e+22
34.5846 468.75 6.97352e+18 1.38344e+22 1.74656e+22
34.6246 468.75 6.95992e+18 1.37589e+22 1.74e+22
34.6647 468.75 6.94647e+18 1.37442e+22 1.73218e+22
34.7047 468.75 6.93301e+18 1.37322e+22 1.71736e+22
34.7447 468.75 6.91957e+18 1.37738e+22 1.70039e+22
34.7848 468.75 6.90603e+18 1.39074e+22 1.70054e+22
34.8248 468.75 6.89231e+18 1.40285e+22 1.70402e+22
34.8649 468.75 6.87841e+18 1.42134e+22 1.70388e+22
34.9049 468.75 6.86431e+18 1.44166e+22 1.69978e+22
34.9449 468.75 6.85002e+18 1.46083e+22 1.6911e+22
34.985 468.75 6.83551e+18 1.48522e+22 1.68011e+22
35.025 468.75 6.82084e+18 1.50183e+22 1.67974e+22
35.0651 468.75 6.80595e+18 1.52013e+22 1.68216e+22
35.1051 468.75 6.7908e+18 1.54221e+22 1.6834e+22
35.1451 468.75 6.77544e+18 1.56258e+22 1.67998e+22
35.1852 468.75 6.75985e+18 1.58747e+22 1.6705e+22
35.2252 468.75 6.7441e+18 1.6079e+22 1.67255e+22
35.2653 468.75 6.72824e+18 1.62127e+22 1.67101e+22
35.3053 468.75 6.71237e+18 1.63696e+22 1.66643e+22
35.3453 468.75 6.69651e+18 1.64526e+22 1.66076e+22
35.3854 468.75 6.68066e+18 1.64971e+22 1.66195e+22
35.4254 468.75 6.6649e+18 1.65165e+22 1.65803e+22
35.4655 468.75 6.64923e+18 1.6473e+22 1.65081e+22
35.5055 468.75 6.63366e+18 1.64876e+22 1.64897e+22
35.5455 468.75 6.61832e+18 1.64635e+22 1.64639e+22
35.5856 468.75 6.60319e+18 1.6351e+22 1.6351e+22
35.6256 468.75 6.58835e+18 1.62346e+22 1.63203e+22
35.6657 468.75 6.57382e+18 1.605e+22 1.62339e+22
35.7057 468.75 6.55964e+18 1.58486e+22 1.61625e+22
35.7457 468.75 6.54576e+18 1.56242e+22 1.60638e+22
35.7858 468.75 6.53213e+18 1.53286e+22 1.60006e+22
35.8258 468.75 6.51882e+18 1.50883e+22 1.60401e+22
35.8659 468.75 6.50573e+18 1.48692e+22 1.60837e+22
35.9059 468.75 6.4929e+18 1.46096e+22 1.60386e+22
35.9459 468.75 6.48036e+18 1.43683e+22 1.59932e+22
35.986 468.75 6.46805e+18 1.40863e+22 1.59246e+22
36.026 468.75 6.45594e+18 1.38149e+22 1.58827e+22
36.0661 468.75 6.44397e+18 1.35756e+22 1.58778e+22
36.1061 468.75 6.43205e+18 1.32896e+22 1.58784e+22
36.1461 468.75 6.42017e+18 1.30611e+22 1.58193e+22
36.1862 468.75 6.40825e+18 1.28928e+22 1.58034e+22
36.2262 468.75 6.39631e+18 1.27338e+22 1.58119e+22
36.2663 468.75 6.38429e+18 1.26356e+22 1.5771e+22
36.3063 468.75 6.37217e+18 1.25256e+22 1.57074e+22
36.3463 468.75 6.35995e+18 1.24272e+22 1.57035e+22
36.3864 468.75 6.34755e+18 1.23975e+22 1.57199e+22
36.4264 468.75 6.33494e+18 1.23405e+22 1.56523e+22
36.4665 468.75 6.32211e+18 1.23093e+22 1.55463e+22
36.5065 468.75 6.309e+18 1.23517e+22 1.54581e+22
36.5465 468.75 6.29573e+18 1.24182e+22 1.53501e+22
36.5866 468.75 6.28224e+18 1.25392e+22 1.5245e+22
36.6266 468.75 6.26864e+18 1.26696e+22 1.53389e+22
36.6667 468.75 6.25491e+18 1.27791e+22 1.53752e+22
36.7067 468.75 6.24104e+18 1.29529e+22 1.53593e+22
36.7467 468.75 6.22709e+18 1.31034e+22 1.53172e+22
36.7868 468.75 6.21307e+18 1.32193e+22 1.52466e+22
36.8268 468.75 6.19899e+18 1.33885e+22 1.5144e+22
36.8669 468.75 6.18493e+18 1.35677e+22 1.51754e+22
36.9069 468.75 6.17092e+18 1.37568e+22 1.51831e+22
36.9469 468.75 6.15704e+18 1.3962e+22 1.51891e+22
36.987 468.75 6.14333e+18 1.41239e+22 1.51393e+22
37.027 468.75 6.12983e+18 1.43151e+22 1.5047e+22
37.0671 468.75 6.11654e+18 1.44836e+22 1.50538e+22
37.1071 468.75 6.10343e+18 1.45524e+22 1.50467e+22
37.1471 468.75 6.09058e+18 1.46518e+22 1.49672e+22
37.1872 468.75 6.078e+18 1.47534e+22 1.4991e+22
37.2272 468.75 6.06567e+18 1.47932e+22 1.50094e+22
37.2673 468.75 6.05365e+18 1.48484e+22 1.49468e+22
37.3073 468.75 6.04195e+18 1.4896e+22 1.4919e+22
37.3473 468.75 6.03052e+18 1.49171e+22 1.49171e+22
37.3874 468.75 6.01939e+18 1.49167e+22 1.4918e+22
37.4274 468.75 6.00844e+18 1.48344e+22 1.48349e+22
37.4675 468.75 5.99771e+18 1.47386e+22 1.47386e+22
37.5075 468.75 5.98708e+18 1.46545e+22 1.46561e+22
37.5475 468.75 5.9766e+18 1.44778e+22 1.46873e+22
37.5876 468.75 5.96627e+18 1.43037e+22 1.4668e+22
37.6276 468.75 5.95598e+18 1.41852e+22 1.45962e+22
37.6677 468.75 5.94577e+18 1.40143e+22 1.45379e+22
37.7077 468.75 5.93559e+18 1.38188e+22 1.44337e+22
37.7477 468.75 5.92536e+18 1.36466e+22 1.44592e+22
37.7878 468.75 5.91504e+18 1.34304e+22 1.45044e+22
37.8278 468.75 5.90463e+18 1.32033e+22 1.45125e+22
37.8679 468.75 5.89408e+18 1.29542e+22 1.44586e+22
37.9079 468.75 5.88343e+18 1.27014e+22 1.43989e+22
37.9479 468.75 5.87261e+18 1.25021e+22 1.43127e+22
37.988 468.75 5.86169e+18 1.22859e+22 1.43477e+22
38.028 468.75 5.85063e+18 1.20687e+22 1.43453e+22
38.0681 468.75 5.8394e+18 1.19418e+22 1.43231e+22
38.1081 468.75 5.82805e+18 1.17898e+22 1.42901e+22
38.1481 468.75 5.81651e+18 1.16007e+22 1.42847e+22
38.1882 468.75 5.80481e+18 1.14852e+22 1.42451e+22
38.2282 468.75 5.79303e+18 1.13647e+22 1.42304e+22
38.2683 468.75 5.78119e+18 1.12204e+22 1.42114e+22
38.3083 468.75 5.76931e+18 1.11491e+22 1.4192e+22
38.3483 468.75 5.75744e+18 1.1104e+22 1.41805e+22
38.3884 468.75 5.74558e+18 1.10792e+22 1.41254e+22
38.4284 468.75 5.7338e+18 1.10973e+22 1.40868e+22
38.4685 468.75 5.72207e+18 1.11285e+22 1.40234e+22
38.5085 468.75 5.71038e+18 1.11789e+22 1.39526e+22
38.5485 468.75 5.69884e+18 1.12386e+22 1.39197e+22
38.5886 468.75 5.68742e+18 1.1278e+22 1.38312e+22
38.6286 468.75 5.67619e+18 1.13627e+22 1.37666e+22
38.6687 468.75 5.66516e+18 1.14713e+22 1.37946e+22
38.7087 468.75 5.65434e+18 1.15496e+22 1.38096e+22
38.7487 468.75 5.64375e+18 1.16949e+22 1.38195e+22
38.7888 468.75 5.63336e+18 1.18769e+22 1.37917e+22
38.8288 468.75 5.62313e+18 1.20025e+22 1.37269e+22
38.8689 468.75 5.61312e+18 1.21603e+22 1.3671e+22
38.9089 468.75 5.60327e+18 1.23462e+22 1.36836e+22
38.9489 468.75 5.59361e+18 1.24551e+22 1.3698e+22
38.989 468.75 5.58415e+18 1.25686e+22 1.37304e+22
39.029 468.75 5.57482e+18 1.27191e+22 1.36925e+22
39.0691 468.75 5.56566e+18 1.28199e+22 1.3612e+22
39.1091 468.75 5.55662e+18 1.29277e+22 1.35539e+22
39.1491 468.75 5.54761e+18 1.30751e+22 1.35881e+22
39.1892 468.75 5.53863e+18 1.3179e+22 1.35752e+22
39.2292 468.75 5.52965e+18 1.32724e+22 1.35554e+22
39.2693 468.75 5.52065e+18 1.33664e+22 1.35223e+22
39.3093 468.75 5.51162e+18 1.34075e+22 1.35055e+22
39.3493 468.75 5.50253e+18 1.34217e+22 1.34738e+22
39.3894 468.75 5.49339e+18 1.34281e+22 1.34622e+22
39.4294 468.75 5.48419e+18 1.34064e+22 1.34664e+22
39.4695 468.75 5.47483e+18 1.33742e+22 1.34294e+22
39.5095 468.75 5.46534e+18 1.33481e+22 1.33626e+22
39.5495 468.75 5.45573e+18 1.32959e+22 1.32959e+22
39.5896 468.75 5.44594e+18 1.32426e+22 1.32426e+22
39.6296 468.75 5.436e+18 1.31725e+22 1.3174e+22
39.6697 468.75 5.42597e+18 1.30628e+22 1.31651e+22
39.7097 468.75 5.41584e+18 1.29439e+22 1.31659e+22
39.7497 468.75 5.4056e+18 1.28007e+22 1.31804e+22
39.7898 468.75 5.39526e+18 1.26175e+22 1.31422e+22
39.8298 468.75 5.38486e+18 1.24526e+22 1.30914e+22
39.8699 468.75 5.37438e+18 1.22898e+22 1.30469e+22
39.9099 468.75 5.36383e+18 1.21056e+22 1.30476e+22
39.9499 468.75 5.35324e+18 1.19462e+22 1.30412e+22
39.99 468.75 5.34269e+18 1.18006e+22 1.30604e+22
40.03 468.75 5.33216e+18 1.16156e+22 1.30359e+22
40.0701 468.75 5.32171e+18 1.14433e+22 1.29789e+22
40.1101 468.75 5.31137e+18 1.12778e+22 1.29429e+22
40.1502 468.75 5.30117e+18 1.10761e+22 1.29214e+22
40.1902 468.75 5.29107e+18 1.08941e+22 1.29424e+22
40.2302 468.75 5.2811e+18 1.07447e+22 1.29347e+22
40.2703 468.75 5.27127e+18 1.05839e+22 1.28801e+22
40.3103 468.75 5.26163e+18 1.04533e+22 1.28419e+22
40.3504 468.75 5.25214e+18 1.03698e+22 1.2873e+22
40.3904 468.75 5.24282e+18 1.02705e+22 1.28796e+22
40.4304 468.75 5.23375e+18 1.01842e+22 1.28547e+22
40.4705 468.75 5.22484e+18 1.01345e+22 1.2806e+22
40.5105 468.75 5.2161e+18 1.00605e+22 1.27733e+22
40.5506 468.75 5.20753e+18 9.99684e+21 1.27686e+22
40.5906 468.75 5.19911e+18 9.97631e+21 1.27484e+22
40.6306 468.75 5.19076e+18 9.95007e+21 1.27045e+22
40.6707 468.75 5.18255e+18 9.942e+21 1.26506e+22
40.7107 468.75 5.17441e+18 9.99237e+21 1.26011e+22
40.7508 468.75 5.16638e+18 1.00439e+22 1.26073e+22
40.7908 468.75 5.15841e+18 1.00967e+22 1.26002e+22
40.8308 468.75 5.15047e+18 1.01881e+22 1.25395e+22
40.8709 468.75 5.14259e+18 1.02692e+22 1.24734e+22
40.9109 468.75 5.13467e+18 1.03356e+22 1.24353e+22
40.951 468.75 5.12666e+18 1.04231e+22 1.24287e+22
40.991 468.75 5.11863e+18 1.05206e+22 1.24314e+22
41.031 468.75 5.11053e+18 1.06043e+22 1.2446e+22
41.0711 468.75 5.10228e+18 1.07201e+22 1.24395e+22
41.1111 468.75 5.09399e+18 1.08548e+22 1.24075e+22
41.1512 468.75 5.08561e+18 1.09757e+22 1.23599e+22
41.1912 468.75 5.07712e+18 1.11098e+22 1.22939e+22
41.2312 468.75 5.06855e+18 1.12533e+22 1.23087e+22
41.2713 468.75 5.05985e+18 1.13658e+22 1.23316e+22
41.3113 468.75 5.05104e+18 1.14639e+22 1.23149e+22
41.3514 468.75 5.04214e+18 1.15698e+22 1.22929e+22
41.3914 468.75 5.03312e+18 1.16547e+22 1.22714e+22
41.4314 468.75 5.02402e+18 1.17168e+22 1.22344e+22
41.4715 468.75 5.01492e+18 1.18049e+22 1.22449e+22
41.5115 468.75 5.00577e+18 1.18926e+22 1.22189e+22
41.5516 468.75 4.99663e+18 1.19511e+22 1.21907e+22
41.5916 468.75 4.9875e+18 1.20235e+22 1.21673e+22
41.6316 468.75 4.97838e+18 1.20927e+22 1.21757e+22
41.6717 468.75 4.96928e+18 1.21076e+22 1.21624e+22
41.7117 468.75 4.96023e+18 1.21202e+22 1.21336e+22
41.7518 468.75 4.95122e+18 1.21312e+22 1.21338e+22
41.7918 468.75 4.9423e+18 1.20869e+22 1.21017e+22
41.8318 468.75 4.9335e+18 1.20371e+22 1.20832e+22
41.8719 468.75 4.9248e+18 1.2016e+22 1.20189e+22
41.9119 468.75 4.91629e+18 1.19514e+22 1.19573e+22
41.952 468.75 4.90794e+18 1.18804e+22 1.18835e+22
41.992 468.75 4.89969e+18 1.18423e+22 1.18431e+22
42.032 468.75 4.89161e+18 1.17663e+22 1.18611e+22
42.0721 468.75 4.88368e+18 1.16615e+22 1.18913e+22
42.1121 468.75 4.87587e+18 1.15691e+22 1.1879e+22
42.1522 468.75 4.8682e+18 1.14497e+22 1.18602e+22
42.1922 468.75 4.86068e+18 1.12964e+22 1.18321e+22
42.2322 468.75 4.85329e+18 1.11547e+22 1.17749e+22
42.2723 468.75 4.84604e+18 1.1014e+22 1.17195e+22
42.3123 468.75 4.83892e+18 1.08568e+22 1.17442e+22
42.3524 468.75 4.83187e+18 1.07109e+22 1.17785e+22
42.3924 468.75 4.8249e+18 1.05907e+22 1.17791e+22
42.4324 468.75 4.818e+18 1.04553e+22 1.17586e+22
42.4725 468.75 4.81109e+18 1.03074e+22 1.17359e+22
42.5125 468.75 4.80422e+18 1.01839e+22 1.16893e+22
42.5526 468.75 4.79736e+18 1.00504e+22 1.16241e+22
42.5926 468.75 4.79051e+18 9.88746e+21 1.16471e+22
42.6326 468.75 4.78365e+18 9.75001e+21 1.16461e+22
42.6727 468.75 4.77678e+18 9.62892e+21 1.16506e+22
42.7127 468.75 4.76987e+18 9.48839e+21 1.16356e+22
42.7528 468.75 4.7629e+18 9.38346e+21 1.15803e+22
42.7928 468.75 4.75586e+18 9.31307e+21 1.15852e+22
42.8328 468.75 4.74872e+18 9.22808e+21 1.15738e+22
42.8729 468.75 4.7415e+18 9.15885e+21 1.15672e+22
42.9129 468.75 4.7342e+18 9.12459e+21 1.15616e+22
42.953 468.75 4.72679e+18 9.07303e+21 1.15138e+22
42.993 468.75 4.71931e+18 9.01407e+21 1.15114e+22
43.033 468.75 4.71179e+18 8.98536e+21 1.1495e+22
43.0731 468.75 4.70418e+18 8.96497e+21 1.14769e+22
43.1131 468.75 4.6965e+18 8.93632e+21 1.14471e+22
43.1532 468.75 4.68877e+18 8.93513e+21 1.14077e+22
43.1932 468.75 4.68098e+18 8.97113e+21 1.13564e+22
43.2332 468.75 4.67312e+18 8.9996e+21 1.13163e+22
43.2733 468.75 4.66524e+18 9.0387e+21 1.1307e+22
43.3133 468.75 4.65734e+18 9.11482e+21 1.13033e+22
43.3534 468.75 4.64947e+18 9.17943e+21 1.1268e+22
43.3934 468.75 4.64163e+18 9.22531e+21 1.12332e+22
43.4334 468.75 4.63382e+18 9.30133e+21 1.12063e+22
43.4735 468.75 4.62606e+18 9.37579e+21 1.11813e+22
43.5135 468.75 4.61839e+18 9.42949e+21 1.1184e+22
43.5536 468.75 4.61077e+18 9.50476e+21 1.11843e+22
43.5936 468.75 4.60319e+18 9.60674e+21 1.1178e+22
43.6336 468.75 4.59572e+18 9.69826e+21 1.11671e+22
43.6737 468.75 4.58834e+18 9.79099e+21 1.11487e+22
43.7137 468.75 4.58105e+18 9.91196e+21 1.11256e+22
43.7538 468.75 4.5739e+18 1.00281e+22 1.11035e+22
43.7938 468.75 4.56688e+18 1.01121e+22 1.10708e+22
43.8338 468.75 4.55999e+18 1.02105e+22 1.1076e+22
43.8739 468.75 4.55324e+18 1.03089e+22 1.10621e+22
43.9139 468.75 4.54659e+18 1.03711e+22 1.10448e+22
43.954 468.75 4.54003e+18 1.04342e+22 1.10405e+22
43.994 468.75 4.5336e+18 1.05202e+22 1.10228e+22
44.034 468.75 4.52726e+18 1.05864e+22 1.10256e+22
44.0741 468.75 4.52097e+18 1.06421e+22 1.10178e+22
44.1141 468.75 4.5148e+18 1.0718e+22 1.09821e+22
44.1542 468.75 4.50871e+18 1.07931e+22 1.09595e+22
44.1942 468.75 4.50266e+18 1.08352e+22 1.09599e+22
44.2342 468.75 4.49668e+18 1.08719e+22 1.09695e+22
44.2743 468.75 4.49073e+18 1.09167e+22 1.09755e+22
44.3143 468.75 4.48478e+18 1.0921e+22 1.09391e+22
44.3544 468.75 4.47884e+18 1.09016e+22 1.09213e+22
44.3944 468.75 4.47287e+18 1.08972e+22 1.09033e+22
44.4344 468.75 4.46684e+18 1.08787e+22 1.08819e+22
44.4745 468.75 4.4608e+18 1.08364e+22 1.08681e+22
44.5145 468.75 4.45474e+18 1.0806e+22 1.08211e+22
44.5546 468.75 4.44862e+18 1.07854e+22 1.07862e+22
44.5946 468.75 4.44244e+18 1.07424e+22 1.07438e+22
44.6346 468.75 4.43624e+18 1.06791e+22 1.06965e+22
44.6747 468.75 4.42997e+18 1.0632e+22 1.06752e+22
44.7147 468.75 4.42358e+18 1.05673e+22 1.06842e+22
44.7548 468.75 4.41714e+18 1.04594e+22 1.0656e+22
44.7948 468.75 4.41061e+18 1.03576e+22 1.06678e+22
44.8348 468.75 4.40399e+18 1.02654e+22 1.06714e+22
44.8749 468.75 4.39731e+18 1.01422e+22 1.06675e+22
44.9149 468.75 4.39057e+18 1.0016e+22 1.06591e+22
44.955 468.75 4.38378e+18 9.91397e+21 1.06246e+22
44.995 468.75 4.37696e+18 9.81612e+21 1.05834e+22
45.035 468.75 4.37011e+18 9.69333e+21 1.05406e+22
45.0751 468.75 4.36321e+18 9.58427e+21 1.05435e+22
45.1151 468.75 4.35628e+18 9.49464e+21 1.05612e+22
45.1552 468.75 4.34936e+18 9.37508e+21 1.05741e+22
45.1952 468.75 4.34242e+18 9.24193e+21 1.05574e+22
45.2352 468.75 4.33546e+18 9.12972e+21 1.05378e+22
45.2753 468.75 4.32856e+18 9.01724e+21 1.0519e+22
45.3153 468.75 4.3217e+18 8.88468e+21 1.04756e+22
45.3554 468.75 4.31489e+18 8.76687e+21 1.04656e+22
45.3954 468.75 4.30817e+18 8.68182e+21 1.04778e+22
45.4354 468.75 4.3015e+18 8.5915e+21 1.04697e+22
45.4755 468.75 4.29491e+18 8.49394e+21 1.04619e+22
45.5155 468.75 4.2884e+18 8.43477e+21 1.04535e+22
45.5556 468.75 4.28197e+18 8.38043e+21 1.04168e+22
45.5956 468.75 4.27559e+18 8.30858e+21 1.04036e+22
45.6356 468.75 4.26931e+18 8.24193e+21 1.03958e+22
45.6757 468.75 4.26314e+18 8.19726e+21 1.03806e+22
45.7157 468.75 4.25705e+18 8.14622e+21 1.03673e+22
45.7558 468.75 4.25106e+18 8.08528e+21 1.03585e+22
45.7958 468.75 4.2452e+18 8.05111e+21 1.03501e+22
45.8358 468.75 4.23943e+18 8.04028e+21 1.03385e+22
45.8759 468.75 4.23374e+18 8.01726e+21 1.03269e+22
45.9159 468.75 4.22814e+18 8.01248e+21 1.03027e+22
45.956 468.75 4.22259e+18 8.03621e+21 1.02665e+22
45.996 468.75 4.21711e+18 8.06494e+21 1.02275e+22
46.036 468.75 4.21167e+18 8.07776e+21 1.0181e+22
46.0761 468.75 4.2063e+18 8.10334e+21 1.01657e+22
46.1161 468.75 4.20095e+18 8.1477e+21 1.01787e+22
46.1562 468.75 4.19564e+18 8.1746e+21 1.0168e+22
46.1962 468.75 4.19038e+18 8.19663e+21 1.01581e+22
46.2362 468.75 4.18511e+18 8.24494e+21 1.0148e+22
46.2763 468.75 4.17984e+18 8.30032e+21 1.01244e+22
46.3163 468.75 4.17457e+18 8.34857e+21 1.00841e+22
46.3564 468.75 4.16927e+18 8.40904e+21 1.00443e+22
46.3964 468.75 4.16389e+18 8.497e+21 1.00392e+22
46.4364 468.75 4.15849e+18 8.58227e+21 1.00433e+22
46.4765 468.75 4.15305e+18 8.65142e+21 1.0054e+22
46.5165 468.75 4.14755e+18 8.73915e+21 1.00554e+22
46.5566 468.75 4.14201e+18 8.82865e+21 1.00364e+22
46.5966 468.75 4.13643e+18 8.89877e+21 1.00187e+22
46.6366 468.75 4.13079e+18 8.95674e+21 9.99886e+21
46.6767 468.75 4.1251e+18 9.03207e+21 9.96415e+21
46.7167 468.75 4.11935e+18 9.11042e+21 9.9561e+21
46.7568 468.75 4.11352e+18 9.16706e+21 9.97257e+21
46.7968 468.75 4.10762e+18 9.23447e+21 9.96942e+21
46.8368 468.75 4.10166e+18 9.3221e+21 9.9699e+21
46.8769 468.75 4.09566e+18 9.40396e+21 9.96127e+21
46.9169 468.75 4.08959e+18 9.46633e+21 9.94318e+21
46.957 468.75 4.08349e+18 9.5347e+21 9.90825e+21
46.997 468.75 4.0774e+18 9.61281e+21 9.87629e+21
47.037 468.75 4.07127e+18 9.65968e+21 9.87512e+21
47.0771 468.75 4.06514e+18 9.68714e+21 9.87281e+21
47.1171 468.75 4.059e+18 9.72377e+21 9.86484e+21
47.1572 468.75 4.05287e+18 9.75548e+21 9.8497e+21
47.1972 468.75 4.04673e+18 9.76507e+21 9.83758e+21
47.2372 468.75 4.04062e+18 9.76494e+21 9.83163e+21
47.2773 468.75 4.03454e+18 9.78917e+21 9.82242e+21
47.3173 468.75 4.02848e+18 9.8038e+21 9.81208e+21
47.3574 468.75 4.02249e+18 9.79592e+21 9.80239e+21
47.3974 468.75 4.01659e+18 9.79465e+21 9.79575e+21
47.4374 468.75 4.01075e+18 9.80084e+21 9.80084e+21
47.4775 468.75 4.00497e+18 9.78908e+21 9.78908e+21
47.5175 468.75 3.99929e+18 9.74422e+21 9.74433e+21
47.5576 468.75 3.99369e+18 9.70577e+21 9.70577e+21
47.5976 468.75 3.98814e+18 9.66524e+21 9.66658e+21
47.6376 468.75 3.98267e+18 9.60183e+21 9.65796e+21
47.6777 468.75 3.97728e+18 9.52417e+21 9.6286e+21
47.7177 468.75 3.97195e+18 9.45988e+21 9.57925e+21
47.7578 468.75 3.96672e+18 9.40563e+21 9.5774e+21
47.7978 468.75 3.96156e+18 9.3282e+21 9.58091e+21
47.8378 468.75 3.9565e+18 9.25057e+21 9.56419e+21
47.8779 468.75 3.9515e+18 9.19054e+21 9.57514e+21
47.9179 468.75 3.9466e+18 9.13005e+21 9.57557e+21
47.958 468.75 3.94175e+18 9.04238e+21 9.55554e+21
47.998 468.75 3.93694e+18 8.9477e+21 9.53648e+21
48.038 468.75 3.93217e+18 8.86915e+21 9.52925e+21
48.0781 468.75 3.92746e+18 8.77504e+21 9.51213e+21
48.1181 468.75 3.92276e+18 8.6641e+21 9.47464e+21
48.1582 468.75 3.91807e+18 8.55709e+21 9.48221e+21
48.1982 468.75 3.91341e+18 8.46907e+21 9.48161e+21
48.2382 468.75 3.90877e+18 8.37697e+21 9.47036e+21
48.2783 468.75 3.90413e+18 8.27394e+21 9.47034e+21
48.3183 468.75 3.89949e+18 8.19035e+21 9.46958e+21
48.3584 468.75 3.89485e+18 8.12324e+21 9.45017e+21
48.3984 468.75 3.89017e+18 8.04527e+21 9.42529e+21
48.4384 468.75 3.88546e+18 7.95588e+21 9.41281e+21
48.4785 468.75 3.88072e+18 7.88232e+21 9.39803e+21
48.5185 468.75 3.87593e+18 7.81763e+21 9.39547e+21
48.5586 468.75 3.87108e+18 7.73244e+21 9.38498e+21
48.5986 468.75 3.86619e+18 7.64158e+21 9.37239e+21
48.6386 468.75 3.86128e+18 7.57368e+21 9.35599e+21
48.6787 468.75 3.85632e+18 7.51322e+21 9.35622e+21
48.7187 468.75 3.85131e+18 7.44566e+21 9.36738e+21
48.7588 468.75 3.84627e+18 7.38046e+21 9.36484e+21
48.7988 468.75 3.84121e+18 7.34366e+21 9.34185e+21
48.8388 468.75 3.83607e+18 7.31731e+21 9.31957e+21
48.8789 468.75 3.83089e+18 7.28294e+21 9.30709e+21
48.9189 468.75 3.82566e+18 7.24818e+21 9.30695e+21
48.959 468.75 3.82039e+18 7.23613e+21 9.31455e+21
48.999 468.75 3.81508e+18 7.22333e+21 9.30681e+21
49.039 468.75 3.80975e+18 7.1976e+21 9.27147e+21
49.0791 468.75 3.8044e+18 7.17336e+21 9.26434e+21
49.1191 468.75 3.79903e+18 7.17108e+21 9.23984e+21
49.1592 468.75 3.79367e+18 7.17013e+21 9.2133e+21
49.1992 468.75 3.78833e+18 7.15935e+21 9.19216e+21
49.2392 468.75 3.78299e+18 7.16674e+21 9.16004e+21
49.2793 468.75 3.77764e+18 7.19667e+21 9.11177e+21
49.3193 468.75 3.77231e+18 7.22957e+21 9.11006e+21
49.3594 468.75 3.76703e+18 7.25385e+21 9.1361e+21
49.3994 468.75 3.76175e+18 7.29211e+21 9.1392e+21
49.4394 468.75 3.7565e+18 7.34677e+21 9.12573e+21
49.4795 468.75 3.75132e+18 7.39756e+21 9.11783e+21
49.5195 468.75 3.7462e+18 7.43107e+21 9.11336e+21
49.5596 468.75 3.74113e+18 7.47043e+21 9.08334e+21
49.5996 468.75 3.73613e+18 7.52785e+21 9.04222e+21
49.6396 468.75 3.73121e+18 7.57754e+21 9.01041e+21
49.6797 468.75 3.72635e+18 7.61674e+21 8.9946e+21
49.7197 468.75 3.72154e+18 7.66869e+21 9.00557e+21
49.7598 468.75 3.71682e+18 7.74104e+21 9.02801e+21
49.7998 468.75 3.71215e+18 7.80815e+21 9.04154e+21
49.8398 468.75 3.70752e+18 7.86832e+21 9.02733e+21
49.8799 468.75 3.70296e+18 7.93756e+21 9.00496e+21
49.9199 468.75 3.69849e+18 8.02221e+21 8.99229e+21
49.96 468.75 3.69408e+18 8.09581e+21 8.97632e+21
50 468.75 3.68972e+18 8.14909e+21 8.93867e+21
