#S 1 scored data
#N 5
#L  distance  fwhm  total_intensity  on_axis_intensity  peak_intensity
10 51.1108 1.38244e+18 2.61334e+22 2.61705e+22
10.04 51.4234 1.38243e+18 2.5292e+22 2.5313e+22
10.0801 52.5175 1.38223e+18 2.2022e+22 2.48871e+22
10.1201 48.2973 1.3821e+18 2.10187e+22 2.62773e+22
10.1602 51.1108 1.38214e+18 2.38004e+22 2.42473e+22
10.2002 50.9545 1.38209e+18 2.65221e+22 2.65828e+22
10.2402 49.5477 1.38203e+18 2.58903e+22 2.59587e+22
10.2803 49.2351 1.38197e+18 2.30307e+22 2.62105e+22
10.3203 48.7662 1.38189e+18 2.21897e+22 2.63095e+22
10.3604 51.1108 1.38174e+18 2.41378e+22 2.57707e+22
10.4004 50.1729 1.38169e+18 2.54058e+22 2.63103e+22
10.4404 50.1729 1.38166e+18 2.41023e+22 2.54218e+22
10.4805 48.4536 1.38178e+18 2.27049e+22 2.61426e+22
10.5205 48.6099 1.38176e+18 2.43244e+22 2.62621e+22
10.5606 47.6721 1.38188e+18 2.65298e+22 2.66147e+22
10.6006 49.8603 1.38191e+18 2.58213e+22 2.58513e+22
10.6406 49.704 1.38193e+18 2.36744e+22 2.52735e+22
10.6807 48.9225 1.38194e+18 2.32095e+22 2.55315e+22
10.7207 48.6099 1.38201e+18 2.41541e+22 2.53701e+22
10.7608 50.4855 1.38203e+18 2.48707e+22 2.52531e+22
10.8008 49.8603 1.38211e+18 2.47995e+22 2.49063e+22
10.8408 48.9225 1.38216e+18 2.43206e+22 2.53254e+22
10.8809 49.2351 1.38219e+18 2.43475e+22 2.50421e+22
10.9209 49.5477 1.38222e+18 2.49659e+22 2.54067e+22
10.961 47.3595 1.38217e+18 2.45679e+22 2.55354e+22
11.001 47.9847 1.38213e+18 2.36468e+22 2.6084e+22
11.041 48.9225 1.3821e+18 2.43891e+22 2.62882e+22
11.0811 48.9225 1.38197e+18 2.49367e+22 2.67379e+22
11.1211 47.0469 1.38195e+18 2.34041e+22 2.6935e+22
11.1612 48.6099 1.38186e+18 2.40887e+22 2.6492e+22
11.2012 48.9225 1.38191e+18 2.6475e+22 2.71576e+22
11.2412 50.7982 1.38198e+18 2.4817e+22 2.59877e+22
11.2813 45.1713 1.38185e+18 2.30504e+22 2.79663e+22
11.3213 48.9225 1.38191e+18 2.66867e+22 2.6701e+22
11.3614 45.1713 1.38185e+18 2.71636e+22 2.71954e+22
11.4014 45.7965 1.38203e+18 2.33339e+22 2.71513e+22
11.4414 46.8906 1.38219e+18 2.44975e+22 2.70785e+22
11.4815 44.2335 1.38228e+18 2.77549e+22 2.77839e+22
11.5215 44.8587 1.38236e+18 2.61628e+22 2.84092e+22
11.5616 47.0469 1.38244e+18 2.43363e+22 2.68138e+22
11.6016 46.4217 1.38239e+18 2.4919e+22 2.79503e+22
11.6416 48.2973 1.38262e+18 2.72335e+22 2.72443e+22
11.6817 44.2335 1.38265e+18 2.85669e+22 2.86108e+22
11.7217 46.578 1.38299e+18 2.55118e+22 2.81203e+22
11.7618 45.1713 1.38315e+18 2.45861e+22 2.81381e+22
11.8018 45.1713 1.38318e+18 2.80256e+22 2.80609e+22
11.8418 43.6083 1.38329e+18 2.8097e+22 2.81142e+22
11.8819 45.4839 1.38325e+18 2.5182e+22 2.73781e+22
11.9219 45.4839 1.38326e+18 2.4257e+22 2.77417e+22
11.962 43.9209 1.38337e+18 2.57906e+22 2.85972e+22
12.002 47.2032 1.38338e+18 2.64206e+22 2.79539e+22
12.042 43.1394 1.38367e+18 2.55045e+22 2.86752e+22
12.0821 44.8587 1.38374e+18 2.83658e+22 2.84009e+22
12.1221 44.0772 1.38405e+18 2.78064e+22 2.86301e+22
12.1622 46.4217 1.38417e+18 2.52831e+22 2.90967e+22
12.2022 45.7965 1.38418e+18 2.80849e+22 2.8344e+22
12.2422 45.7965 1.38422e+18 2.77744e+22 2.83393e+22
12.2823 44.7024 1.38424e+18 2.77976e+22 2.79082e+22
12.3223 43.2957 1.38427e+18 2.71795e+22 2.85588e+22
12.3624 41.42 1.38441e+18 2.46149e+22 2.95459e+22
12.4024 47.8284 1.3846e+18 2.78088e+22 2.89086e+22
12.4424 43.9209 1.3849e+18 2.78728e+22 2.88937e+22
12.4825 45.1713 1.38515e+18 2.85253e+22 2.86961e+22
12.5225 44.5461 1.38522e+18 2.79288e+22 2.87761e+22
12.5626 40.7948 1.38525e+18 2.5742e+22 3.06818e+22
12.6026 42.0452 1.38527e+18 2.88675e+22 2.89155e+22
12.6426 43.2957 1.3852e+18 2.728e+22 2.92836e+22
12.6827 43.9209 1.38518e+18 2.80018e+22 2.97507e+22
12.7227 44.8587 1.3851e+18 2.94294e+22 2.94382e+22
12.7628 42.9831 1.38521e+18 2.73624e+22 3.05377e+22
12.8028 41.5763 1.38538e+18 2.63255e+22 3.04925e+22
12.8428 41.7326 1.38549e+18 2.82466e+22 2.87625e+22
12.8829 41.7326 1.38557e+18 3.02014e+22 3.06894e+22
12.9229 43.6083 1.38562e+18 2.81119e+22 2.98509e+22
12.963 45.3276 1.38563e+18 2.84766e+22 2.92541e+22
13.003 41.1074 1.38554e+18 2.88975e+22 3.2609e+22
13.043 42.6704 1.38547e+18 2.64358e+22 3.00669e+22
13.0831 42.0452 1.38539e+18 2.7166e+22 3.04675e+22
13.1231 37.3562 1.38531e+18 3.32458e+22 3.32955e+22
13.1632 43.6083 1.38535e+18 2.93991e+22 3.02699e+22
13.2032 39.857 1.3853e+18 2.74587e+22 3.12071e+22
13.2432 41.5763 1.38534e+18 2.69005e+22 3.26824e+22
13.2833 42.9831 1.38529e+18 2.94202e+22 3.04144e+22
13.3233 40.9511 1.38529e+18 2.83238e+22 3.18045e+22
13.3634 37.6688 1.38524e+18 3.29616e+22 3.30004e+22
13.4034 41.8889 1.38525e+18 2.98055e+22 3.07066e+22
13.4434 39.857 1.38522e+18 2.70417e+22 3.12559e+22
13.4835 41.5763 1.3852e+18 2.85752e+22 3.23563e+22
13.5235 40.7948 1.38525e+18 2.96856e+22 3.07991e+22
13.5636 39.5444 1.38529e+18 2.94503e+22 3.0761e+22
13.6036 38.294 1.38534e+18 3.16382e+22 3.16487e+22
13.6436 39.5444 1.38533e+18 3.17443e+22 3.17763e+22
13.6837 40.4822 1.38539e+18 2.72959e+22 3.0639e+22
13.7237 41.7326 1.38547e+18 2.90728e+22 3.1211e+22
13.7638 40.9511 1.3856e+18 3.01074e+22 3.15984e+22
13.8038 39.3881 1.38568e+18 3.05936e+22 3.06575e+22
13.8438 38.6066 1.38579e+18 3.10156e+22 3.14689e+22
13.8839 40.1696 1.38593e+18 3.14445e+22 3.14639e+22
13.9239 41.1074 1.38606e+18 2.94546e+22 3.07462e+22
13.964 40.1696 1.38609e+18 2.97046e+22 3.11119e+22
14.004 41.1074 1.38611e+18 3.05004e+22 3.08468e+22
14.044 38.6066 1.38609e+18 3.10442e+22 3.10518e+22
14.0841 38.6066 1.38607e+18 3.08003e+22 3.11589e+22
14.1241 40.6385 1.38601e+18 3.09331e+22 3.11348e+22
14.1642 40.7948 1.38596e+18 3.12611e+22 3.13941e+22
14.2042 40.7948 1.38587e+18 3.10795e+22 3.1428e+22
14.2442 38.9192 1.38593e+18 3.08717e+22 3.17014e+22
14.2843 38.1377 1.38587e+18 3.25156e+22 3.25423e+22
14.3243 37.0436 1.38588e+18 2.90679e+22 3.23429e+22
14.3644 37.6688 1.38586e+18 3.17933e+22 3.27785e+22
14.4044 39.5444 1.38577e+18 3.14025e+22 3.31855e+22
14.4444 40.4822 1.38567e+18 3.2658e+22 3.31214e+22
14.4845 38.294 1.3856e+18 3.2495e+22 3.32267e+22
14.5245 38.294 1.38556e+18 3.33999e+22 3.34262e+22
14.5646 37.3562 1.38547e+18 2.88777e+22 3.31887e+22
14.6046 36.4184 1.38545e+18 3.14026e+22 3.46954e+22
14.6446 40.4822 1.38546e+18 3.21937e+22 3.28685e+22
14.6847 36.4184 1.38541e+18 3.14407e+22 3.45823e+22
14.7247 37.9814 1.38543e+18 3.73159e+22 3.73691e+22
14.7648 36.731 1.38549e+18 3.14883e+22 3.45262e+22
14.8048 37.6688 1.38556e+18 3.18304e+22 3.44218e+22
14.8448 34.5427 1.38551e+18 3.11171e+22 3.72085e+22
14.8849 36.1058 1.3856e+18 3.02893e+22 3.45571e+22
14.9249 38.294 1.38565e+18 3.41028e+22 3.41119e+22
14.965 36.731 1.38571e+18 3.60091e+22 3.60156e+22
15.005 37.8251 1.38571e+18 3.39118e+22 3.47292e+22
15.045 37.8251 1.38582e+18 3.34609e+22 3.50749e+22
15.0851 36.1058 1.38587e+18 3.12507e+22 3.50592e+22
15.1251 35.7932 1.38594e+18 3.00087e+22 3.47699e+22
15.1652 34.8553 1.38597e+18 3.50766e+22 3.50934e+22
15.2052 36.4184 1.38602e+18 3.48147e+22 3.51437e+22
15.2452 38.6066 1.38605e+18 3.62321e+22 3.62397e+22
15.2853 37.9814 1.38609e+18 3.50198e+22 3.50299e+22
15.3253 36.1058 1.3861e+18 3.07385e+22 3.56479e+22
15.3654 34.8553 1.38614e+18 3.23678e+22 3.72754e+22
15.4054 35.9495 1.38618e+18 3.28531e+22 3.50519e+22
15.4454 35.4806 1.38622e+18 3.61071e+22 3.61214e+22
15.4855 31.7293 1.38624e+18 3.76351e+22 3.76385e+22
15.5255 37.0436 1.38628e+18 3.53807e+22 3.53812e+22
15.5656 35.4806 1.38628e+18 3.40634e+22 3.55484e+22
15.6056 34.2301 1.3863e+18 3.08964e+22 3.88876e+22
15.6456 35.4806 1.38628e+18 3.32441e+22 3.71357e+22
15.6857 35.168 1.38625e+18 3.55758e+22 3.57781e+22
15.7257 32.0419 1.38624e+18 3.74004e+22 3.75919e+22
15.7658 31.8856 1.38623e+18 3.92768e+22 3.93134e+22
15.8058 33.6049 1.38625e+18 3.46098e+22 3.64836e+22
15.8458 34.5427 1.38624e+18 3.31958e+22 3.72658e+22
15.8859 35.4806 1.3863e+18 3.29372e+22 3.80832e+22
15.9259 34.5427 1.38632e+18 3.32752e+22 3.80888e+22
15.966 32.3545 1.38636e+18 3.85339e+22 3.85628e+22
16.006 32.3545 1.38642e+18 3.89338e+22 3.89431e+22
16.046 31.7293 1.38642e+18 3.76489e+22 3.82514e+22
16.0861 32.8234 1.38646e+18 3.58364e+22 3.76895e+22
16.1261 34.0738 1.38642e+18 3.35623e+22 3.92419e+22
16.1662 34.8553 1.38643e+18 3.34695e+22 3.94047e+22
16.2062 33.9175 1.38642e+18 3.63721e+22 3.76739e+22
16.2462 31.1041 1.38642e+18 3.96609e+22 3.96692e+22
16.2863 32.0419 1.38639e+18 3.81782e+22 3.8987e+22
16.3263 31.7293 1.38641e+18 3.90265e+22 3.90477e+22
16.3664 32.9797 1.38645e+18 3.54724e+22 3.84277e+22
16.4064 34.2301 1.38647e+18 3.34459e+22 3.87633e+22
16.4464 34.5427 1.38654e+18 3.70067e+22 3.99124e+22
16.4865 32.9797 1.3865e+18 3.6592e+22 3.87163e+22
16.5265 30.7915 1.38649e+18 4.12129e+22 4.12354e+22
16.5666 32.0419 1.38647e+18 3.93652e+22 3.95073e+22
16.6066 32.1982 1.38645e+18 3.76921e+22 3.82614e+22
16.6466 31.1041 1.3864e+18 3.77786e+22 4.01663e+22
16.6867 32.9797 1.38635e+18 3.34093e+22 3.96407e+22
16.7267 34.2301 1.38632e+18 3.85215e+22 4.06099e+22
16.7668 32.6671 1.38633e+18 3.90173e+22 3.93358e+22
16.8068 31.1041 1.38632e+18 4.02038e+22 4.05204e+22
16.8468 31.7293 1.38634e+18 4.06086e+22 4.06091e+22
16.8869 31.4167 1.38634e+18 3.86549e+22 4.06927e+22
16.9269 30.1663 1.38638e+18 3.86925e+22 4.19036e+22
16.967 32.1982 1.38644e+18 3.45806e+22 4.06345e+22
17.007 30.4789 1.38643e+18 4.05096e+22 4.05421e+22
17.047 30.4789 1.38649e+18 4.02028e+22 4.02149e+22
17.0871 31.1041 1.38649e+18 3.9378e+22 4.17674e+22
17.1271 31.1041 1.38651e+18 4.17795e+22 4.17958e+22
17.1672 30.6352 1.38654e+18 3.95917e+22 4.17913e+22
17.2072 30.1663 1.38656e+18 3.93359e+22 4.26222e+22
17.2472 31.7293 1.38661e+18 3.67528e+22 4.13165e+22
17.2873 30.1663 1.38667e+18 4.16476e+22 4.16794e+22
17.3273 30.1663 1.38669e+18 4.11097e+22 4.1119e+22
17.3674 29.8537 1.38681e+18 4.02247e+22 4.2225e+22
17.4074 30.1663 1.38683e+18 4.18636e+22 4.1872e+22
17.4474 30.4789 1.38692e+18 4.0803e+22 4.20984e+22
17.4875 30.1663 1.38698e+18 4.06849e+22 4.20822e+22
17.5275 28.9159 1.38698e+18 3.89329e+22 4.19084e+22
17.5676 29.8537 1.38706e+18 4.18893e+22 4.19046e+22
17.6076 29.8537 1.38705e+18 4.19019e+22 4.19121e+22
17.6476 29.8537 1.38705e+18 4.16114e+22 4.20678e+22
17.6877 29.8537 1.38705e+18 4.16719e+22 4.19562e+22
17.7277 29.2285 1.38705e+18 4.17963e+22 4.20105e+22
17.7678 29.2285 1.38702e+18 4.20517e+22 4.20537e+22
17.8078 28.9159 1.38706e+18 4.21548e+22 4.2196e+22
17.8478 29.5411 1.38702e+18 4.24818e+22 4.24842e+22
17.8879 29.6974 1.38707e+18 4.26494e+22 4.26664e+22
17.9279 29.2285 1.38708e+18 4.19871e+22 4.27845e+22
17.968 28.6033 1.38704e+18 4.29301e+22 4.30803e+22
18.008 27.9781 1.38705e+18 4.28329e+22 4.32915e+22
18.048 27.3529 1.38698e+18 4.25318e+22 4.37114e+22
18.0881 28.2907 1.387e+18 4.36096e+22 4.41552e+22
18.1281 28.7596 1.3869e+18 4.41861e+22 4.41963e+22
18.1682 27.6655 1.3869e+18 4.56573e+22 4.5688e+22
18.2082 28.6033 1.38685e+18 4.18328e+22 4.47602e+22
18.2482 26.7276 1.38681e+18 4.28751e+22 4.64597e+22
18.2883 28.2907 1.38676e+18 4.26402e+22 4.52228e+22
18.3283 27.0402 1.38677e+18 4.68706e+22 4.69106e+22
18.3684 27.9781 1.38675e+18 4.51182e+22 4.51385e+22
18.4084 26.415 1.38673e+18 4.50602e+22 4.6643e+22
18.4484 28.6033 1.38674e+18 4.46892e+22 4.58625e+22
18.4885 27.6655 1.38669e+18 4.50726e+22 4.62334e+22
18.5285 27.6655 1.38671e+18 4.5489e+22 4.66436e+22
18.5686 27.3529 1.38667e+18 4.22585e+22 4.63196e+22
18.6086 26.415 1.38666e+18 4.52803e+22 4.78171e+22
18.6486 25.7898 1.38665e+18 4.52494e+22 4.7466e+22
18.6887 24.5394 1.38662e+18 5.10204e+22 5.107e+22
18.7287 24.852 1.38661e+18 4.66631e+22 4.76192e+22
18.7688 26.415 1.38657e+18 4.73377e+22 4.77118e+22
18.8088 26.415 1.38658e+18 4.2508e+22 4.79807e+22
18.8488 26.7276 1.38656e+18 4.5873e+22 4.9111e+22
18.8889 25.7898 1.38655e+18 4.5542e+22 4.85321e+22
18.9289 26.1024 1.38655e+18 4.87666e+22 4.87811e+22
18.969 24.852 1.38651e+18 4.86669e+22 4.90136e+22
19.009 24.2268 1.38649e+18 4.92973e+22 4.9409e+22
19.049 24.5394 1.38648e+18 4.88114e+22 4.88198e+22
19.0891 25.4772 1.38644e+18 4.64096e+22 4.85085e+22
19.1291 26.1024 1.38643e+18 4.63275e+22 5.03284e+22
19.1692 26.415 1.3864e+18 4.48361e+22 4.92609e+22
19.2092 26.1024 1.38635e+18 4.92954e+22 4.93065e+22
19.2492 24.5394 1.3863e+18 4.94234e+22 4.99643e+22
19.2893 23.289 1.38625e+18 5.33115e+22 5.33324e+22
19.3293 23.9142 1.38623e+18 4.97301e+22 5.12197e+22
19.3694 23.6016 1.38618e+18 5.0497e+22 5.05023e+22
19.4094 24.852 1.38617e+18 4.64166e+22 5.08223e+22
19.4494 25.7898 1.38614e+18 4.84532e+22 5.20573e+22
19.4895 25.1646 1.3861e+18 4.71494e+22 5.13745e+22
19.5295 24.852 1.38606e+18 5.08308e+22 5.08321e+22
19.5696 23.9142 1.38601e+18 5.0967e+22 5.26481e+22
19.6096 23.289 1.38599e+18 5.38406e+22 5.38442e+22
19.6496 23.9142 1.38594e+18 5.24565e+22 5.24671e+22
19.6897 23.9142 1.38594e+18 5.19031e+22 5.19283e+22
19.7297 24.5394 1.3859e+18 4.87987e+22 5.27149e+22
19.7698 22.6638 1.38587e+18 4.8223e+22 5.3761e+22
19.8098 23.6016 1.38587e+18 4.89543e+22 5.27152e+22
19.8498 23.289 1.38581e+18 5.23328e+22 5.3095e+22
19.8899 22.9764 1.38583e+18 5.54546e+22 5.54704e+22
19.9299 22.6638 1.3858e+18 5.66942e+22 5.67244e+22
19.97 22.6638 1.38578e+18 5.51303e+22 5.51561e+22
20.01 23.6016 1.38577e+18 5.16963e+22 5.24856e+22
20.0501 21.4134 1.38574e+18 4.91937e+22 5.54428e+22
20.0901 20.4756 1.38574e+18 4.89068e+22 5.58009e+22
20.1301 22.3512 1.38572e+18 5.16711e+22 5.39263e+22
20.1702 22.6638 1.3857e+18 5.52768e+22 5.52931e+22
20.2102 22.0386 1.3857e+18 5.80237e+22 5.80577e+22
20.2503 22.3512 1.38569e+18 5.79048e+22 5.79285e+22
20.2903 22.6638 1.38566e+18 5.58104e+22 5.58158e+22
20.3303 22.9764 1.38565e+18 5.27009e+22 5.49168e+22
20.3704 20.7882 1.38564e+18 5.12597e+22 5.69768e+22
20.4104 20.4756 1.3856e+18 5.19445e+22 5.6504e+22
20.4505 21.4134 1.38561e+18 5.47541e+22 5.54027e+22
20.4905 21.726 1.38557e+18 5.78346e+22 5.78565e+22
20.5305 21.726 1.38553e+18 5.98131e+22 5.98411e+22
20.5706 22.0386 1.38551e+18 5.92052e+22 5.92179e+22
20.6106 22.0386 1.38549e+18 5.745e+22 5.74559e+22
20.6507 21.1008 1.38542e+18 5.44216e+22 5.68428e+22
20.6907 20.4756 1.38541e+18 5.35879e+22 5.86492e+22
20.7307 20.163 1.38539e+18 5.35643e+22 5.78408e+22
20.7708 21.1008 1.38532e+18 5.66027e+22 5.7216e+22
20.8108 21.1008 1.38533e+18 5.85366e+22 5.8551e+22
20.8509 21.4134 1.38527e+18 6.16222e+22 6.16507e+22
20.8909 21.1008 1.38525e+18 6.03952e+22 6.04045e+22
20.9309 21.4134 1.38523e+18 6.07005e+22 6.07111e+22
20.971 20.3193 1.3852e+18 5.67571e+22 5.94869e+22
21.011 19.8504 1.38518e+18 5.7536e+22 6.03296e+22
21.0511 19.8504 1.38515e+18 5.53724e+22 5.99186e+22
21.0911 20.163 1.38511e+18 5.9539e+22 5.98418e+22
21.1311 20.163 1.38508e+18 5.90735e+22 6.05957e+22
21.1712 18.9125 1.38505e+18 6.40086e+22 6.40394e+22
21.2112 20.163 1.38501e+18 6.12851e+22 6.13845e+22
21.2513 18.5999 1.38499e+18 6.39419e+22 6.39689e+22
21.2913 19.8504 1.38495e+18 5.87764e+22 6.18554e+22
21.3313 18.9125 1.38491e+18 6.08986e+22 6.19757e+22
21.3714 19.5378 1.38489e+18 5.69607e+22 6.22575e+22
21.4114 18.9125 1.38484e+18 6.12468e+22 6.25244e+22
21.4515 19.8504 1.38483e+18 5.95524e+22 6.28482e+22
21.4915 18.5999 1.38481e+18 6.45884e+22 6.46053e+22
21.5315 19.5378 1.38479e+18 6.26996e+22 6.34942e+22
21.5716 18.2873 1.38479e+18 6.56505e+22 6.56717e+22
21.6116 18.9125 1.38475e+18 6.27884e+22 6.34441e+22
21.6517 18.5999 1.38472e+18 6.39994e+22 6.40128e+22
21.6917 18.9125 1.38468e+18 6.2179e+22 6.35518e+22
21.7317 18.9125 1.38464e+18 6.34823e+22 6.34857e+22
21.7718 18.9125 1.38463e+18 6.36456e+22 6.39328e+22
21.8118 18.5999 1.38454e+18 6.46974e+22 6.47744e+22
21.8519 18.2873 1.38454e+18 6.54902e+22 6.55017e+22
21.8919 17.9747 1.38452e+18 6.50446e+22 6.54098e+22
21.9319 17.9747 1.38439e+18 6.56323e+22 6.56326e+22
21.972 17.9747 1.38442e+18 6.43281e+22 6.51376e+22
22.012 17.9747 1.38436e+18 6.5431e+22 6.54358e+22
22.0521 18.131 1.38431e+18 6.46698e+22 6.54374e+22
22.0921 17.9747 1.38429e+18 6.64256e+22 6.64355e+22
22.1321 17.9747 1.38425e+18 6.62e+22 6.62038e+22
22.1722 17.5058 1.38422e+18 6.75166e+22 6.75266e+22
22.2122 17.6621 1.38418e+18 6.72483e+22 6.7251e+22
22.2523 17.3495 1.38413e+18 6.77201e+22 6.77237e+22
22.2923 17.3495 1.38408e+18 6.77048e+22 6.77048e+22
22.3323 17.0369 1.38401e+18 6.8065e+22 6.80675e+22
22.3724 17.0369 1.38399e+18 6.85368e+22 6.85701e+22
22.4124 17.0369 1.38394e+18 6.90631e+22 6.90631e+22
22.4525 16.8806 1.38382e+18 6.91822e+22 6.92329e+22
22.4925 16.7243 1.38387e+18 6.96003e+22 6.96024e+22
22.5325 16.7243 1.38378e+18 6.87383e+22 6.91057e+22
22.5726 16.8806 1.38369e+18 6.95673e+22 6.95714e+22
22.6126 16.4117 1.3837e+18 6.83733e+22 6.94147e+22
22.6527 16.568 1.38364e+18 7.04047e+22 7.04125e+22
22.6927 16.0991 1.3836e+18 6.94416e+22 7.00414e+22
22.7327 15.7865 1.38358e+18 7.19049e+22 7.19165e+22
22.7728 15.7865 1.38354e+18 7.07751e+22 7.07765e+22
22.8128 15.4739 1.38352e+18 7.18799e+22 7.1889e+22
22.8529 15.7865 1.38348e+18 7.08683e+22 7.08727e+22
22.8929 16.0991 1.38344e+18 7.03098e+22 7.03643e+22
22.9329 16.0991 1.38343e+18 7.11592e+22 7.11652e+22
22.973 15.7865 1.38338e+18 7.00857e+22 7.18221e+22
23.013 15.4739 1.38338e+18 7.36693e+22 7.3681e+22
23.0531 15.1613 1.38336e+18 7.21272e+22 7.34717e+22
23.0931 14.5361 1.38329e+18 7.64627e+22 7.64797e+22
23.1331 15.005 1.38332e+18 7.35873e+22 7.43525e+22
23.1732 14.5361 1.38329e+18 7.58213e+22 7.5833e+22
23.2132 15.1613 1.38326e+18 7.27676e+22 7.33025e+22
23.2533 15.1613 1.38327e+18 7.25923e+22 7.25959e+22
23.2933 15.4739 1.38326e+18 7.24079e+22 7.24079e+22
23.3333 15.1613 1.38325e+18 7.13335e+22 7.34511e+22
23.3734 14.2235 1.38324e+18 7.51301e+22 7.51409e+22
23.4134 14.6924 1.38323e+18 7.31318e+22 7.49506e+22
23.4535 13.5983 1.38322e+18 7.8049e+22 7.80702e+22
23.4935 14.5361 1.38321e+18 7.43525e+22 7.5365e+22
23.5335 13.5983 1.38321e+18 7.6664e+22 7.66788e+22
23.5736 14.2235 1.3832e+18 7.31348e+22 7.37513e+22
23.6136 14.5361 1.38319e+18 7.26139e+22 7.27851e+22
23.6537 14.2235 1.38319e+18 7.28477e+22 7.28495e+22
23.6937 14.2235 1.38318e+18 7.16338e+22 7.44898e+22
23.7337 13.5983 1.38318e+18 7.64343e+22 7.6448e+22
23.7738 14.2235 1.38317e+18 7.48207e+22 7.62046e+22
23.8138 13.2857 1.38316e+18 8.02216e+22 8.02435e+22
23.8539 13.5983 1.38317e+18 7.74326e+22 7.74591e+22
23.8939 13.2857 1.38316e+18 7.87398e+22 7.87517e+22
23.9339 13.2857 1.38315e+18 7.63209e+22 7.63228e+22
23.974 13.5983 1.38315e+18 7.37275e+22 7.45139e+22
24.014 12.9731 1.38314e+18 7.45933e+22 7.45992e+22
24.0541 13.2857 1.38313e+18 7.18439e+22 7.50121e+22
24.0941 12.9731 1.38313e+18 7.61604e+22 7.6173e+22
24.1341 13.2857 1.38312e+18 7.49155e+22 7.53908e+22
24.1742 12.9731 1.38311e+18 7.84627e+22 7.84766e+22
24.2142 12.9731 1.38311e+18 7.76582e+22 7.76637e+22
24.2543 12.9731 1.38309e+18 7.64121e+22 7.64163e+22
24.2943 12.6605 1.3831e+18 7.55774e+22 7.55881e+22
24.3343 12.6605 1.38309e+18 7.1222e+22 7.27323e+22
24.3744 12.6605 1.38307e+18 7.16756e+22 7.16805e+22
24.4144 12.3479 1.38308e+18 6.92026e+22 7.19289e+22
24.4545 12.6605 1.38307e+18 7.15243e+22 7.15268e+22
24.4945 12.6605 1.38306e+18 7.26667e+22 7.26667e+22
24.5345 12.6605 1.38305e+18 7.43944e+22 7.43984e+22
24.5746 12.6605 1.38305e+18 7.62706e+22 7.62817e+22
24.6146 12.6605 1.38303e+18 7.48738e+22 7.4877e+22
24.6547 12.3479 1.38302e+18 7.44697e+22 7.4479e+22
24.6947 12.3479 1.38303e+18 7.13164e+22 7.13164e+22
24.7347 12.0353 1.38302e+18 6.95747e+22 6.95747e+22
24.7748 12.0353 1.383e+18 6.8095e+22 6.81589e+22
24.8148 12.3479 1.383e+18 6.78173e+22 6.78207e+22
24.8549 12.6605 1.38299e+18 6.88193e+22 6.88193e+22
24.8949 12.6605 1.38298e+18 6.9947e+22 6.99488e+22
24.9349 12.6605 1.38297e+18 7.06702e+22 7.06765e+22
24.975 12.9731 1.38297e+18 7.03912e+22 7.03977e+22
25.015 12.9731 1.38297e+18 6.86814e+22 6.86881e+22
25.0551 13.2857 1.38297e+18 6.56203e+22 6.56203e+22
25.0951 13.5983 1.38296e+18 6.30224e+22 6.30236e+22
25.1351 17.0369 1.38295e+18 5.9432e+22 6.04759e+22
25.1752 19.8504 1.38296e+18 5.85464e+22 5.85464e+22
25.2152 24.2268 1.38293e+18 5.73609e+22 5.79659e+22
25.2553 25.4772 1.38294e+18 5.77779e+22 5.77779e+22
25.2953 25.1646 1.38293e+18 5.89529e+22 5.89597e+22
25.3353 25.7898 1.38291e+18 5.77722e+22 5.77722e+22
25.3754 25.1646 1.38291e+18 5.85707e+22 5.8583e+22
25.4154 26.1024 1.38293e+18 5.52305e+22 5.52305e+22
25.4555 25.7898 1.38291e+18 5.34104e+22 5.34114e+22
25.4955 26.415 1.3829e+18 5.09592e+22 5.09602e+22
25.5355 26.415 1.3829e+18 4.74789e+22 4.94689e+22
25.5756 26.1024 1.38288e+18 4.79985e+22 4.80022e+22
25.6156 26.7276 1.38288e+18 4.54474e+22 4.70906e+22
25.6557 26.1024 1.38288e+18 4.68719e+22 4.6875e+22
25.6957 26.415 1.38285e+18 4.6372e+22 4.63751e+22
25.7357 26.415 1.38285e+18 4.47213e+22 4.47213e+22
25.7758 26.415 1.38285e+18 4.50633e+22 4.50767e+22
25.8158 26.415 1.38283e+18 4.01828e+22 4.70118e+22
25.8559 25.4772 1.38281e+18 3.88943e+22 4.85718e+22
25.8959 25.4772 1.3828e+18 3.50002e+22 4.88789e+22
25.9359 25.1646 1.3828e+18 3.15578e+22 4.89123e+22
25.976 25.4772 1.38278e+18 3.1106e+22 4.87968e+22
26.016 26.1024 1.38277e+18 2.74852e+22 4.98267e+22
26.0561 25.7898 1.38276e+18 2.83618e+22 4.97129e+22
26.0961 27.0402 1.38273e+18 2.64278e+22 5.04787e+22
26.1361 26.415 1.38271e+18 2.50157e+22 5.10187e+22
26.1762 27.3529 1.3827e+18 2.48864e+22 5.15919e+22
26.2162 28.9159 1.38267e+18 2.11722e+22 5.07476e+22
26.2563 30.7915 1.38263e+18 2.12336e+22 4.98341e+22
26.2963 31.4167 1.38262e+18 1.88199e+22 4.86254e+22
26.3363 31.7293 1.38259e+18 1.81655e+22 4.71399e+22
26.3764 32.0419 1.38255e+18 1.92086e+22 4.66044e+22
26.4164 32.3545 1.38253e+18 1.83434e+22 4.65244e+22
26.4565 31.573 1.3825e+18 2.13599e+22 4.60269e+22
26.4965 32.9797 1.38245e+18 2.13844e+22 4.42655e+22
26.5365 32.3545 1.38244e+18 2.28507e+22 4.30264e+22
26.5766 32.9797 1.3824e+18 2.47217e+22 4.21391e+22
26.6166 33.6049 1.38235e+18 2.36895e+22 4.11455e+22
26.6567 32.6671 1.38234e+18 2.62513e+22 4.15077e+22
26.6967 33.6049 1.38232e+18 2.58866e+22 4.14859e+22
26.7367 33.9175 1.38227e+18 2.70387e+22 4.16346e+22
26.7768 34.2301 1.38225e+18 2.96242e+22 4.17196e+22
26.8168 34.2301 1.38223e+18 2.93591e+22 4.32499e+22
26.8569 35.4806 1.38216e+18 3.26157e+22 4.27471e+22
26.8969 35.168 1.38213e+18 3.30903e+22 4.2356e+22
26.9369 35.7932 1.38212e+18 3.33663e+22 4.23354e+22
26.977 36.1058 1.38204e+18 3.51228e+22 4.22342e+22
27.017 36.1058 1.38201e+18 3.3234e+22 4.04504e+22
27.0571 37.0436 1.38201e+18 3.38353e+22 4.00336e+22
27.0971 37.6688 1.38192e+18 3.32305e+22 3.87968e+22
27.1371 37.9814 1.38188e+18 3.17561e+22 3.81621e+22
27.1772 38.294 1.38189e+18 3.26695e+22 3.79551e+22
27.2172 38.9192 1.38182e+18 3.12339e+22 3.7702e+22
27.2573 39.2318 1.38176e+18 3.12389e+22 3.68191e+22
27.2973 39.857 1.38177e+18 3.12401e+22 3.65274e+22
27.3373 40.4822 1.38173e+18 2.97139e+22 3.71306e+22
27.3774 40.7948 1.38168e+18 2.98206e+22 3.70501e+22
27.4174 41.1074 1.38168e+18 2.85349e+22 3.64375e+22
27.4575 41.7326 1.38165e+18 2.75478e+22 3.67785e+22
27.4975 42.0452 1.38161e+18 2.73149e+22 3.64592e+22
27.5375 42.6704 1.3816e+18 2.62248e+22 3.55343e+22
27.5776 43.2957 1.38159e+18 2.61905e+22 3.51702e+22
27.6176 43.9209 1.38155e+18 2.59846e+22 3.52905e+22
27.6577 44.2335 1.38154e+18 2.57216e+22 3.46484e+22
27.6977 44.8587 1.38153e+18 2.58578e+22 3.39189e+22
27.7377 45.1713 1.38148e+18 2.57195e+22 3.32624e+22
27.7778 45.4839 1.38148e+18 2.5718e+22 3.29451e+22
27.8178 46.1091 1.38151e+18 2.56612e+22 3.24147e+22
27.8579 46.7343 1.38144e+18 2.59077e+22 3.22065e+22
27.8979 47.3595 1.38141e+18 2.59035e+22 3.18458e+22
27.9379 47.6721 1.38145e+18 2.6172e+22 3.21097e+22
27.978 48.6099 1.38144e+18 2.6673e+22 3.14071e+22
28.018 48.9225 1.3814e+18 2.63612e+22 3.07264e+22
28.0581 49.5477 1.38141e+18 2.68648e+22 3.0416e+22
28.0981 50.1729 1.38142e+18 2.66741e+22 2.92397e+22
28.1381 51.1108 1.38142e+18 2.60193e+22 2.91496e+22
28.1782 51.4234 1.38141e+18 2.65288e+22 2.89971e+22
28.2182 52.0486 1.38142e+18 2.56105e+22 2.90445e+22
28.2583 52.3612 1.38143e+18 2.55903e+22 2.80693e+22
28.2983 52.9864 1.38144e+18 2.61954e+22 2.80566e+22
28.3383 52.9864 1.38144e+18 2.52166e+22 2.74858e+22
28.3784 52.9864 1.38145e+18 2.61488e+22 2.75822e+22
28.4184 53.299 1.38147e+18 2.60606e+22 2.86662e+22
28.4585 53.299 1.38149e+18 2.49997e+22 2.90568e+22
28.4985 53.6116 1.38148e+18 2.59077e+22 2.833e+22
28.5385 53.6116 1.38149e+18 2.44647e+22 2.9583e+22
28.5786 53.9242 1.38153e+18 2.37755e+22 2.89097e+22
28.6186 54.2368 1.38155e+18 2.44462e+22 2.82961e+22
28.6587 54.2368 1.38153e+18 2.27663e+22 2.88056e+22
28.6987 54.2368 1.38154e+18 2.36533e+22 2.81621e+22
28.7387 54.2368 1.38158e+18 2.43401e+22 2.77106e+22
28.7788 53.9242 1.3816e+18 2.33695e+22 2.83768e+22
28.8188 53.9242 1.38159e+18 2.53623e+22 2.78593e+22
28.8589 53.9242 1.3816e+18 2.50251e+22 2.84589e+22
28.8989 53.6116 1.38163e+18 2.41939e+22 2.84772e+22
28.9389 52.9864 1.38165e+18 2.5628e+22 2.93597e+22
28.979 53.6116 1.38165e+18 2.37353e+22 2.88092e+22
29.019 52.9864 1.38166e+18 2.33043e+22 3.00883e+22
29.0591 52.3612 1.38169e+18 2.41625e+22 3.08907e+22
29.0991 52.9864 1.3817e+18 2.22279e+22 3.10845e+22
29.1391 52.3612 1.38171e+18 2.34031e+22 3.07673e+22
29.1792 52.3612 1.38171e+18 2.42072e+22 3.05769e+22
29.2192 52.0486 1.38175e+18 2.30299e+22 3.17595e+22
29.2593 51.736 1.38176e+18 2.50689e+22 3.13304e+22
29.2993 51.4234 1.38175e+18 2.46902e+22 3.12225e+22
29.3393 51.1108 1.38177e+18 2.32892e+22 3.12565e+22
29.3794 51.1108 1.38179e+18 2.44507e+22 3.11695e+22
29.4194 50.4855 1.38179e+18 2.23731e+22 3.11348e+22
29.4595 50.4855 1.3818e+18 2.10602e+22 3.05899e+22
29.4995 51.1108 1.3818e+18 2.17565e+22 3.01843e+22
29.5395 49.8603 1.3818e+18 1.97272e+22 3.12757e+22
29.5796 51.1108 1.38182e+18 2.01162e+22 3.02577e+22
29.6196 51.2671 1.38181e+18 2.13264e+22 3.13384e+22
29.6597 51.1108 1.38181e+18 2.01914e+22 3.09751e+22
29.6997 51.4234 1.38181e+18 2.17637e+22 3.25655e+22
29.7397 51.4234 1.38181e+18 2.23576e+22 3.22848e+22
29.7798 50.7982 1.3818e+18 2.09188e+22 3.1979e+22
29.8198 51.1108 1.38181e+18 2.19521e+22 3.1858e+22
29.8599 50.7982 1.3818e+18 2.11392e+22 3.09603e+22
29.8999 49.8603 1.38179e+18 1.96e+22 3.15729e+22
29.9399 50.4855 1.3818e+18 2.06406e+22 3.15802e+22
29.98 49.5477 1.38179e+18 1.99788e+22 3.14252e+22
30.02 50.4855 1.38178e+18 2.00552e+22 3.08285e+22
30.0601 52.0486 1.38179e+18 2.22487e+22 3.06265e+22
30.1001 52.3612 1.38178e+18 2.24551e+22 3.02767e+22
30.1401 52.3612 1.38177e+18 2.3701e+22 3.01309e+22
30.1802 52.6738 1.38177e+18 2.57582e+22 3.01073e+22
30.2202 52.6738 1.38176e+18 2.5307e+22 2.97028e+22
30.2603 52.3612 1.38175e+18 2.57903e+22 2.90927e+22
30.3003 52.2049 1.38174e+18 2.6329e+22 2.91473e+22
30.3403 51.1108 1.38173e+18 2.48934e+22 2.90785e+22
30.3804 50.7982 1.38172e+18 2.49138e+22 3.01142e+22
30.4204 50.1729 1.38171e+18 2.51305e+22 3.03834e+22
30.4605 50.4855 1.38169e+18 2.44377e+22 2.96136e+22
30.5005 51.4234 1.3817e+18 2.54708e+22 2.95722e+22
30.5405 52.6738 1.38169e+18 2.64362e+22 2.86207e+22
30.5806 52.3612 1.38166e+18 2.66306e+22 2.92512e+22
30.6206 52.3612 1.38166e+18 2.77692e+22 2.95237e+22
30.6607 52.6738 1.38168e+18 2.80719e+22 3.00016e+22
30.7007 52.0486 1.38165e+18 2.73521e+22 2.94069e+22
30.7407 52.2049 1.38163e+18 2.68965e+22 2.87823e+22
30.7808 52.0486 1.38163e+18 2.56678e+22 2.85377e+22
30.8208 50.7982 1.38163e+18 2.40063e+22 2.90509e+22
30.8609 50.1729 1.38162e+18 2.27705e+22 2.96644e+22
30.9009 49.8603 1.38161e+18 2.15633e+22 2.9544e+22
30.9409 50.4855 1.38161e+18 2.07002e+22 2.93948e+22
30.981 51.4234 1.3816e+18 2.02417e+22 2.87119e+22
31.021 53.299 1.38158e+18 2.00452e+22 2.77893e+22
31.0611 53.299 1.38159e+18 2.00585e+22 2.7063e+22
31.1011 53.6116 1.38158e+18 1.968e+22 2.72543e+22
31.1411 54.2368 1.38156e+18 1.92439e+22 2.69512e+22
31.1812 53.299 1.38156e+18 1.86497e+22 2.71358e+22
31.2212 52.6738 1.38156e+18 1.71717e+22 2.70869e+22
31.2613 50.6418 1.38155e+18 1.58923e+22 2.75179e+22
31.3013 50.4855 1.38153e+18 1.48199e+22 2.79138e+22
31.3413 50.1729 1.38155e+18 1.31655e+22 2.76499e+22
31.3814 49.5477 1.38156e+18 1.23944e+22 2.80198e+22
31.4214 51.1108 1.38154e+18 1.22124e+22 2.742e+22
31.4615 51.736 1.38152e+18 1.15393e+22 2.63544e+22
31.5015 53.9242 1.38153e+18 1.18939e+22 2.56195e+22
31.5415 53.6116 1.38154e+18 1.2491e+22 2.55913e+22
31.5816 54.2368 1.38153e+18 1.20277e+22 2.60286e+22
31.6216 54.2368 1.38152e+18 1.23271e+22 2.59347e+22
31.6617 53.6116 1.38151e+18 1.25004e+22 2.57837e+22
31.7017 52.3612 1.38151e+18 1.13136e+22 2.65662e+22
31.7417 52.2049 1.38151e+18 1.1071e+22 2.73539e+22
31.7818 51.1108 1.3815e+18 1.0977e+22 2.87542e+22
31.8218 50.7982 1.38149e+18 9.81987e+21 2.85131e+22
31.8619 50.7982 1.38148e+18 1.00678e+22 2.95235e+22
31.9019 51.4234 1.38147e+18 1.06993e+22 2.99522e+22
31.9419 51.736 1.38145e+18 1.02705e+22 2.93772e+22
31.982 52.9864 1.38145e+18 1.12846e+22 2.89374e+22
32.022 53.299 1.38145e+18 1.24168e+22 2.91729e+22
32.0621 52.6738 1.38144e+18 1.18989e+22 3.01542e+22
32.1021 53.6116 1.38143e+18 1.25488e+22 2.97239e+22
32.1421 53.299 1.38142e+18 1.32296e+22 3.0278e+22
32.1822 52.0486 1.38141e+18 1.19471e+22 3.01861e+22
32.2222 52.6738 1.38141e+18 1.18574e+22 2.9591e+22
32.2623 52.9864 1.38139e+18 1.22992e+22 2.97149e+22
32.3023 51.4234 1.38138e+18 1.10048e+22 3.00323e+22
32.3423 51.4234 1.38137e+18 1.10863e+22 2.99068e+22
32.3824 52.9864 1.38135e+18 1.21526e+22 2.9747e+22
32.4224 52.0486 1.38133e+18 1.14885e+22 2.95644e+22
32.4625 52.6738 1.38133e+18 1.19774e+22 2.95254e+22
32.5025 53.9242 1.38132e+18 1.35154e+22 3.0104e+22
32.5425 53.6116 1.38129e+18 1.29071e+22 2.93268e+22
32.5826 54.3931 1.38126e+18 1.28635e+22 2.92035e+22
32.6226 53.9242 1.38125e+18 1.40414e+22 3.02391e+22
32.6627 44.8587 1.38123e+18 1.30459e+22 2.86913e+22
32.7027 45.1713 1.38118e+18 1.22286e+22 2.84024e+22
32.7427 47.3595 1.38116e+18 1.31154e+22 2.80897e+22
32.7828 47.9847 1.38115e+18 1.23455e+22 2.71913e+22
32.8228 45.4839 1.38112e+18 1.15906e+22 2.81715e+22
32.8629 47.6721 1.38108e+18 1.29034e+22 2.74634e+22
32.9029 47.6721 1.38107e+18 1.29436e+22 2.69509e+22
32.9429 45.1713 1.38107e+18 1.2531e+22 2.75148e+22
32.983 46.7343 1.38103e+18 1.41392e+22 2.6605e+22
33.023 45.4839 1.38099e+18 1.46044e+22 2.71387e+22
33.0631 45.1713 1.38098e+18 1.38854e+22 2.72233e+22
33.1031 46.4217 1.38097e+18 1.49882e+22 2.65559e+22
33.1431 46.7343 1.38094e+18 1.53945e+22 2.69522e+22
33.1832 46.4217 1.3809e+18 1.41965e+22 2.68778e+22
33.2232 47.6721 1.38089e+18 1.46892e+22 2.62672e+22
33.2633 48.2973 1.38088e+18 1.53078e+22 2.64228e+22
33.3033 49.2351 1.38083e+18 1.43082e+22 2.60019e+22
33.3433 49.2351 1.38079e+18 1.47435e+22 2.58431e+22
33.3834 49.2351 1.38078e+18 1.59574e+22 2.60131e+22
33.4234 50.9545 1.38078e+18 1.55114e+22 2.46235e+22
33.4635 51.4234 1.38072e+18 1.58723e+22 2.47324e+22
33.5035 51.1108 1.38067e+18 1.73409e+22 2.43581e+22
33.5435 51.736 1.38067e+18 1.71236e+22 2.41136e+22
33.5836 52.0486 1.38064e+18 1.68837e+22 2.43029e+22
33.6236 52.2049 1.38059e+18 1.79697e+22 2.39709e+22
33.6637 51.5797 1.38056e+18 1.7792e+22 2.38847e+22
33.7037 52.0486 1.38056e+18 1.70059e+22 2.40197e+22
33.7437 52.6738 1.38054e+18 1.76552e+22 2.33892e+22
33.7838 52.3612 1.38049e+18 1.78031e+22 2.33071e+22
33.8238 52.6738 1.38048e+18 1.7063e+22 2.31533e+22
33.8639 53.6116 1.38048e+18 1.75579e+22 2.28829e+22
33.9039 54.2368 1.38046e+18 1.81823e+22 2.28952e+22
33.9439 54.2368 1.38042e+18 1.77562e+22 2.23954e+22
33.984 54.5494 1.38041e+18 1.80131e+22 2.21541e+22
34.024 55.4872 1.38041e+18 1.87442e+22 2.19425e+22
34.0641 56.1124 1.3804e+18 1.84839e+22 2.18567e+22
34.1041 55.9561 1.38037e+18 1.83157e+22 2.16996e+22
34.1441 56.7376 1.38036e+18 1.87683e+22 2.1363e+22
34.1842 57.6754 1.38036e+18 1.86193e+22 2.12928e+22
34.2242 58.3006 1.38034e+18 1.82645e+22 2.11338e+22
34.2643 58.1443 1.38032e+18 1.84915e+22 2.12882e+22
34.3043 58.3006 1.3803e+18 1.85648e+22 2.10958e+22
34.3443 58.6133 1.38031e+18 1.8389e+22 2.09547e+22
34.3844 58.9259 1.38029e+18 1.85531e+22 2.07552e+22
34.4244 58.3006 1.38025e+18 1.87529e+22 2.07065e+22
34.4645 58.3006 1.38025e+18 1.87876e+22 2.0999e+22
34.5045 59.0822 1.38026e+18 1.88913e+22 2.08336e+22
34.5445 59.2385 1.38025e+18 1.89525e+22 2.07422e+22
34.5846 59.2385 1.38024e+18 1.90255e+22 2.05857e+22
34.6246 61.1141 1.38023e+18 1.9165e+22 2.00909e+22
34.6647 61.1141 1.38024e+18 1.90942e+22 1.99527e+22
34.7047 61.4267 1.38025e+18 1.91407e+22 1.96421e+22
34.7447 61.8956 1.38025e+18 1.95258e+22 1.95258e+22
34.7848 61.7393 1.38025e+18 1.95839e+22 1.9584e+22
34.8248 61.4267 1.38025e+18 1.95452e+22 1.98997e+22
34.8649 61.7393 1.38026e+18 2.01013e+22 2.01014e+22
34.9049 61.4267 1.38028e+18 2.03914e+22 2.03929e+22
34.9449 61.1141 1.38029e+18 2.00883e+22 2.02961e+22
34.985 60.9578 1.38028e+18 2.03992e+22 2.03992e+22
35.025 61.7393 1.38029e+18 2.0855e+22 2.0858e+22
35.0651 61.7393 1.38031e+18 2.03457e+22 2.04482e+22
35.1051 61.8956 1.38033e+18 2.01665e+22 2.06748e+22
35.1451 62.6771 1.38033e+18 2.08209e+22 2.08231e+22
35.1852 62.3645 1.38032e+18 2.06134e+22 2.06134e+22
35.2252 61.7393 1.38033e+18 2.01273e+22 2.11525e+22
35.2653 62.6771 1.38036e+18 2.09436e+22 2.09436e+22
35.3053 62.0519 1.38037e+18 2.14663e+22 2.14684e+22
35.3453 61.4267 1.38038e+18 2.08923e+22 2.13965e+22
35.3854 61.583 1.38038e+18 2.13656e+22 2.14307e+22
35.4254 61.4267 1.38038e+18 2.23951e+22 2.23996e+22
35.4655 61.4267 1.38041e+18 2.18308e+22 2.18308e+22
35.5055 61.1141 1.38043e+18 2.13259e+22 2.18148e+22
35.5455 62.9897 1.38044e+18 2.21946e+22 2.2197e+22
35.5856 62.9897 1.38044e+18 2.196e+22 2.19628e+22
35.6256 62.8334 1.38045e+18 2.06617e+22 2.17789e+22
35.6657 64.8653 1.38047e+18 2.09833e+22 2.11994e+22
35.7057 64.2401 1.3805e+18 2.15643e+22 2.17331e+22
35.7457 63.9275 1.38051e+18 2.04842e+22 2.15394e+22
35.7858 64.2401 1.38051e+18 2.02908e+22 2.179e+22
35.8258 64.2401 1.38052e+18 2.16679e+22 2.167e+22
35.8659 63.9275 1.38054e+18 2.1581e+22 2.15819e+22
35.9059 62.6771 1.38057e+18 2.08193e+22 2.20191e+22
35.9459 64.2401 1.38058e+18 2.19973e+22 2.19987e+22
35.986 63.6149 1.38057e+18 2.28159e+22 2.28215e+22
36.026 67.2099 1.38057e+18 2.15698e+22 2.184e+22
36.0661 66.741 1.3806e+18 2.13599e+22 2.1822e+22
36.1061 65.4905 1.38063e+18 2.24068e+22 2.24123e+22
36.1461 67.3662 1.38063e+18 2.14942e+22 2.14957e+22
36.1862 67.3662 1.38063e+18 2.00257e+22 2.19734e+22
36.2262 66.4284 1.38063e+18 2.07439e+22 2.16918e+22
36.2663 65.4905 1.38064e+18 2.11309e+22 2.24988e+22
36.3063 67.0536 1.38066e+18 1.97656e+22 2.18415e+22
36.3463 66.5847 1.38066e+18 1.99426e+22 2.18123e+22
36.3864 65.4905 1.38065e+18 2.15959e+22 2.21643e+22
36.4264 67.3662 1.38064e+18 2.13818e+22 2.13824e+22
36.4665 67.6788 1.38065e+18 2.07483e+22 2.21614e+22
36.5065 65.1779 1.38066e+18 2.2254e+22 2.22565e+22
36.5465 64.2401 1.38066e+18 2.31454e+22 2.31509e+22
36.5866 68.6166 1.38066e+18 2.18511e+22 2.2107e+22
36.6266 68.6166 1.38065e+18 2.16683e+22 2.21077e+22
36.6667 65.8031 1.38066e+18 2.27774e+22 2.27827e+22
36.7067 67.9914 1.38067e+18 2.19184e+22 2.19203e+22
36.7467 67.9914 1.38068e+18 2.03489e+22 2.22893e+22
36.7868 66.741 1.38067e+18 2.09248e+22 2.1876e+22
36.8268 65.9594 1.38066e+18 2.14807e+22 2.28338e+22
36.8669 67.3662 1.38067e+18 2.02801e+22 2.21188e+22
36.9069 66.1157 1.38067e+18 2.02274e+22 2.23323e+22
36.9469 65.4905 1.38067e+18 2.18919e+22 2.22278e+22
36.987 65.1779 1.38067e+18 2.21551e+22 2.2157e+22
37.027 62.3645 1.38067e+18 2.15268e+22 2.25274e+22
37.0671 62.0519 1.38065e+18 2.2674e+22 2.26742e+22
37.1071 59.2385 1.38063e+18 2.39073e+22 2.39139e+22
37.1471 60.8015 1.38063e+18 2.30598e+22 2.30601e+22
37.1872 61.4267 1.38063e+18 2.24014e+22 2.27831e+22
37.2272 58.9259 1.38062e+18 2.3185e+22 2.31882e+22
37.2673 59.2385 1.38058e+18 2.28724e+22 2.28763e+22
37.3073 67.3662 1.38056e+18 2.12652e+22 2.2299e+22
37.3473 65.4905 1.38057e+18 2.09977e+22 2.21023e+22
37.3874 65.8031 1.38056e+18 2.15735e+22 2.27118e+22
37.4274 66.4284 1.38053e+18 2.08892e+22 2.23392e+22
37.4675 63.6149 1.38051e+18 2.02594e+22 2.24594e+22
37.5075 64.8653 1.38052e+18 2.1261e+22 2.20473e+22
37.5475 64.8653 1.38051e+18 2.20984e+22 2.21012e+22
37.5876 61.7393 1.38051e+18 2.17751e+22 2.20319e+22
37.6276 61.4267 1.38051e+18 2.21219e+22 2.22932e+22
37.6677 58.6133 1.3805e+18 2.32892e+22 2.32925e+22
37.7077 59.2385 1.3805e+18 2.33235e+22 2.33263e+22
37.7477 60.4889 1.38052e+18 2.25291e+22 2.25615e+22
37.7878 57.8317 1.38051e+18 2.25371e+22 2.25386e+22
37.8278 57.8317 1.38049e+18 2.26109e+22 2.26144e+22
37.8679 67.0536 1.38048e+18 2.15874e+22 2.15874e+22
37.9079 62.9897 1.38049e+18 2.0618e+22 2.17435e+22
37.9479 65.4905 1.38048e+18 2.05987e+22 2.20437e+22
37.988 66.1157 1.38044e+18 2.04546e+22 2.24425e+22
38.028 66.4284 1.38041e+18 1.98739e+22 2.20252e+22
38.0681 64.2401 1.38041e+18 1.99834e+22 2.18872e+22
38.1081 40.7948 1.38039e+18 2.07367e+22 2.18417e+22
38.1481 44.8587 1.38035e+18 2.11065e+22 2.12286e+22
38.1882 45.7965 1.38032e+18 2.12888e+22 2.14164e+22
38.2282 44.2335 1.38031e+18 2.19212e+22 2.19221e+22
38.2683 44.5461 1.38029e+18 2.24712e+22 2.2474e+22
38.3083 45.1713 1.38026e+18 2.23935e+22 2.23955e+22
38.3483 44.8587 1.38025e+18 2.21542e+22 2.21553e+22
38.3884 44.2335 1.38026e+18 2.20095e+22 2.2011e+22
38.4284 44.5461 1.38026e+18 2.15773e+22 2.15782e+22
38.4685 44.7024 1.38025e+18 2.09048e+22 2.10044e+22
38.5085 41.7326 1.38026e+18 2.03912e+22 2.13651e+22
38.5485 40.4822 1.38027e+18 2.00258e+22 2.17918e+22
38.5886 40.1696 1.38028e+18 1.97518e+22 2.1939e+22
38.6286 40.1696 1.38029e+18 1.97713e+22 2.19644e+22
38.6687 40.1696 1.38029e+18 2.00205e+22 2.18043e+22
38.7087 41.1074 1.38028e+18 2.03198e+22 2.13376e+22
38.7487 41.42 1.38027e+18 2.08511e+22 2.09972e+22
38.7888 40.7948 1.38027e+18 2.15735e+22 2.15743e+22
38.8288 43.1394 1.38025e+18 2.19845e+22 2.19864e+22
38.8689 42.3578 1.38021e+18 2.21078e+22 2.21078e+22
38.9089 34.8553 1.38017e+18 2.24135e+22 2.2415e+22
38.9489 35.3243 1.38014e+18 2.25837e+22 2.25865e+22
38.989 36.4184 1.38012e+18 2.20491e+22 2.20504e+22
39.029 40.7948 1.38009e+18 2.13711e+22 2.14606e+22
39.0691 40.0133 1.38005e+18 2.12105e+22 2.1211e+22
39.1091 39.5444 1.38e+18 2.09284e+22 2.13214e+22
39.1491 40.1696 1.37997e+18 2.00849e+22 2.14272e+22
39.1892 40.1696 1.37997e+18 1.96825e+22 2.15474e+22
39.2292 39.5444 1.37997e+18 2.01689e+22 2.18356e+22
39.2693 39.2318 1.37997e+18 2.04117e+22 2.1768e+22
39.3093 40.7948 1.37996e+18 2.01366e+22 2.13007e+22
39.3493 40.7948 1.37996e+18 2.05985e+22 2.12071e+22
39.3894 38.9192 1.37998e+18 2.17659e+22 2.17683e+22
39.4294 37.0436 1.38e+18 2.20869e+22 2.20899e+22
39.4695 38.4503 1.38001e+18 2.16574e+22 2.17447e+22
39.5095 35.4806 1.38001e+18 2.20127e+22 2.20127e+22
39.5495 35.4806 1.37999e+18 2.27329e+22 2.27372e+22
39.5896 36.731 1.37997e+18 2.2159e+22 2.21623e+22
39.6296 40.7948 1.37996e+18 2.09515e+22 2.14561e+22
39.6697 40.4822 1.37995e+18 2.08697e+22 2.0962e+22
39.7097 39.5444 1.37988e+18 2.11415e+22 2.11448e+22
39.7497 40.1696 1.37979e+18 2.01667e+22 2.10056e+22
39.7898 41.1074 1.37974e+18 1.90786e+22 2.13561e+22
39.8298 40.4822 1.37971e+18 1.95402e+22 2.11772e+22
39.8699 39.5444 1.37967e+18 2.02784e+22 2.17836e+22
39.9099 41.42 1.37958e+18 1.97349e+22 2.08612e+22
39.9499 42.0452 1.37953e+18 1.93642e+22 2.11107e+22
39.99 42.0452 1.3795e+18 2.05663e+22 2.05665e+22
40.03 39.2318 1.37948e+18 2.15818e+22 2.15869e+22
40.0701 43.6083 1.37945e+18 2.09627e+22 2.0963e+22
40.1101 42.9831 1.37944e+18 2.05073e+22 2.1151e+22
40.1502 38.6066 1.37945e+18 2.14943e+22 2.14973e+22
40.1902 41.42 1.37944e+18 2.19328e+22 2.1938e+22
40.2302 43.6083 1.37943e+18 2.06079e+22 2.06127e+22
40.2703 42.6704 1.37943e+18 1.965e+22 2.08398e+22
40.3103 41.7326 1.37942e+18 2.02566e+22 2.02578e+22
40.3504 40.1696 1.37938e+18 2.03386e+22 2.09601e+22
40.3904 42.3578 1.37935e+18 1.89183e+22 2.04081e+22
40.4304 42.2015 1.37934e+18 1.82421e+22 2.07586e+22
40.4705 41.1074 1.37929e+18 1.92655e+22 2.09822e+22
40.5105 40.4822 1.37918e+18 1.97467e+22 2.12682e+22
40.5506 42.9831 1.37911e+18 1.88303e+22 2.0215e+22
40.5906 42.9831 1.37905e+18 1.87572e+22 2.04907e+22
40.6306 45.4839 1.37897e+18 2.02391e+22 2.02416e+22
40.6707 45.4839 1.37885e+18 2.09043e+22 2.09096e+22
40.7107 44.5461 1.37876e+18 1.99782e+22 2.02187e+22
40.7508 44.0772 1.37873e+18 1.97596e+22 2.05252e+22
40.7908 45.7965 1.37867e+18 2.0934e+22 2.09367e+22
40.8308 45.4839 1.37857e+18 2.11728e+22 2.11779e+22
40.8709 43.9209 1.37853e+18 1.97975e+22 2.01144e+22
40.9109 43.2957 1.37853e+18 1.91359e+22 2.03709e+22
40.951 45.015 1.37851e+18 1.99312e+22 1.99335e+22
40.991 40.7948 1.37846e+18 2.00042e+22 2.04398e+22
41.031 42.6704 1.37844e+18 1.86943e+22 2.00144e+22
41.0711 42.6704 1.37845e+18 1.81946e+22 2.03546e+22
41.1111 41.7326 1.37841e+18 1.92273e+22 2.03354e+22
41.1512 41.1074 1.37833e+18 1.9697e+22 2.05975e+22
41.1912 43.2957 1.3783e+18 1.88592e+22 1.98347e+22
41.2312 43.6083 1.37825e+18 1.87142e+22 2.01983e+22
41.2713 45.1713 1.37813e+18 1.99782e+22 1.998e+22
41.3113 45.1713 1.37802e+18 2.06442e+22 2.06487e+22
41.3514 44.3898 1.37796e+18 1.98782e+22 1.9935e+22
41.3914 43.9209 1.3779e+18 1.95306e+22 2.02614e+22
41.4314 45.1713 1.37775e+18 2.04405e+22 2.04428e+22
41.4715 40.1696 1.37759e+18 2.08488e+22 2.08529e+22
41.5115 43.2957 1.37754e+18 1.98554e+22 1.98573e+22
41.5516 43.2957 1.37752e+18 1.9115e+22 2.01191e+22
41.5916 43.7646 1.37744e+18 1.96315e+22 1.96321e+22
41.6316 41.42 1.37732e+18 1.99475e+22 1.99499e+22
41.6717 42.9831 1.37727e+18 1.90821e+22 1.94455e+22
41.7117 43.2957 1.37727e+18 1.84067e+22 1.99531e+22
41.7518 43.9209 1.37723e+18 1.89652e+22 1.94698e+22
41.7918 42.5141 1.37718e+18 1.95473e+22 1.98331e+22
41.8318 44.2335 1.37716e+18 1.91002e+22 1.92165e+22
41.8719 43.9209 1.37713e+18 1.866e+22 1.9711e+22
41.9119 45.4839 1.37706e+18 1.92552e+22 1.92686e+22
41.952 45.7965 1.37698e+18 1.9952e+22 1.99549e+22
41.992 45.1713 1.37696e+18 1.96677e+22 1.96679e+22
42.032 44.8587 1.37692e+18 1.91449e+22 1.95874e+22
42.0721 45.7965 1.3768e+18 1.94239e+22 1.94248e+22
42.1121 46.2654 1.37666e+18 1.98924e+22 1.9895e+22
42.1522 46.1091 1.3766e+18 1.95457e+22 1.95464e+22
42.1922 44.5461 1.37655e+18 1.8868e+22 1.93102e+22
42.2322 45.6402 1.37645e+18 1.88359e+22 1.90945e+22
42.2723 46.7343 1.37633e+18 1.91385e+22 1.91399e+22
42.3123 47.3595 1.37625e+18 1.89037e+22 1.89037e+22
42.3524 44.8587 1.3762e+18 1.83564e+22 1.89857e+22
42.3924 45.7965 1.37613e+18 1.83157e+22 1.89049e+22
42.4324 46.7343 1.37607e+18 1.86629e+22 1.88366e+22
42.4725 47.3595 1.37603e+18 1.86643e+22 1.8732e+22
42.5125 47.2032 1.376e+18 1.83583e+22 1.86659e+22
42.5526 46.8906 1.37594e+18 1.836e+22 1.86497e+22
42.5926 47.3595 1.37589e+18 1.86619e+22 1.86625e+22
42.6326 47.9847 1.37587e+18 1.87214e+22 1.87223e+22
42.6727 48.9225 1.37584e+18 1.84873e+22 1.85126e+22
42.7127 48.4536 1.37577e+18 1.84008e+22 1.84913e+22
42.7528 48.141 1.37569e+18 1.8521e+22 1.85215e+22
42.7928 49.2351 1.37565e+18 1.84867e+22 1.84875e+22
42.8328 50.1729 1.37561e+18 1.82653e+22 1.83147e+22
42.8729 50.4855 1.37555e+18 1.81613e+22 1.82836e+22
42.9129 50.9545 1.37547e+18 1.8195e+22 1.8195e+22
42.953 50.4855 1.37541e+18 1.81331e+22 1.81661e+22
42.993 50.4855 1.37535e+18 1.80031e+22 1.81697e+22
43.033 50.3292 1.3753e+18 1.80148e+22 1.80956e+22
43.0731 49.2351 1.37526e+18 1.80968e+22 1.80973e+22
43.1131 49.3914 1.37522e+18 1.80319e+22 1.80319e+22
43.1532 49.704 1.37518e+18 1.7928e+22 1.80688e+22
43.1932 49.5477 1.37513e+18 1.80125e+22 1.80125e+22
43.2332 48.6099 1.3751e+18 1.81198e+22 1.81211e+22
43.2733 48.9225 1.37508e+18 1.79779e+22 1.79779e+22
43.3133 49.704 1.37505e+18 1.77672e+22 1.80171e+22
43.3534 50.0166 1.37501e+18 1.78242e+22 1.78951e+22
43.3934 49.3914 1.37497e+18 1.7981e+22 1.7987e+22
43.4334 50.3292 1.37493e+18 1.7836e+22 1.79236e+22
43.4735 51.2671 1.37489e+18 1.75429e+22 1.80263e+22
43.5135 51.1108 1.37486e+18 1.76034e+22 1.79504e+22
43.5536 50.9545 1.37483e+18 1.79259e+22 1.79393e+22
43.5936 51.736 1.37479e+18 1.79457e+22 1.7946e+22
43.6336 51.736 1.37474e+18 1.76573e+22 1.79756e+22
43.6737 51.2671 1.37471e+18 1.76715e+22 1.8025e+22
43.7137 50.1729 1.37468e+18 1.8108e+22 1.81089e+22
43.7538 49.2351 1.37465e+18 1.82994e+22 1.83017e+22
43.7938 50.3292 1.3746e+18 1.79547e+22 1.79552e+22
43.8338 50.3292 1.37456e+18 1.77154e+22 1.80711e+22
43.8739 49.5477 1.37453e+18 1.8019e+22 1.80194e+22
43.9139 48.6099 1.37449e+18 1.82775e+22 1.82798e+22
43.954 48.9225 1.37443e+18 1.78911e+22 1.78925e+22
43.994 49.3914 1.37438e+18 1.73476e+22 1.79808e+22
44.034 50.1729 1.37434e+18 1.74201e+22 1.77701e+22
44.0741 49.2351 1.37428e+18 1.78049e+22 1.79012e+22
44.1141 48.9225 1.3742e+18 1.7643e+22 1.7879e+22
44.1542 52.2049 1.37415e+18 1.70667e+22 1.78946e+22
44.1942 51.8923 1.37412e+18 1.70166e+22 1.79325e+22
44.2342 50.9545 1.37406e+18 1.76113e+22 1.7701e+22
44.2743 50.1729 1.37398e+18 1.79007e+22 1.79026e+22
44.3143 52.6738 1.37392e+18 1.75008e+22 1.76457e+22
44.3544 52.0486 1.3739e+18 1.728e+22 1.79838e+22
44.3944 51.1108 1.37386e+18 1.78358e+22 1.78358e+22
44.4344 49.5477 1.37378e+18 1.84099e+22 1.84126e+22
44.4745 50.1729 1.37371e+18 1.81417e+22 1.81432e+22
44.5145 51.4234 1.37367e+18 1.75359e+22 1.79142e+22
44.5546 50.9545 1.37362e+18 1.7609e+22 1.77685e+22
44.5946 49.5477 1.37351e+18 1.81273e+22 1.81298e+22
44.6346 49.3914 1.3734e+18 1.79932e+22 1.79958e+22
44.6747 52.0486 1.37333e+18 1.71398e+22 1.74869e+22
44.7147 51.8923 1.37325e+18 1.66819e+22 1.76766e+22
44.7548 50.6418 1.3731e+18 1.70566e+22 1.73549e+22
44.7948 49.5477 1.37293e+18 1.7305e+22 1.78535e+22
44.8348 54.0805 1.37285e+18 1.67303e+22 1.74535e+22
44.8749 53.299 1.3728e+18 1.61223e+22 1.76427e+22
44.9149 53.9242 1.37266e+18 1.64379e+22 1.73404e+22
44.955 54.7057 1.37249e+18 1.71795e+22 1.75769e+22
44.995 54.2368 1.3724e+18 1.72203e+22 1.72943e+22
45.035 53.6116 1.37238e+18 1.66825e+22 1.72975e+22
45.0751 52.9864 1.37231e+18 1.67202e+22 1.74201e+22
45.1151 51.8923 1.37217e+18 1.75355e+22 1.7537e+22
45.1552 50.7982 1.37207e+18 1.79933e+22 1.7996e+22
45.1952 52.5175 1.37202e+18 1.74763e+22 1.74769e+22
45.2352 52.9864 1.37194e+18 1.68859e+22 1.7401e+22
45.2753 52.6738 1.37178e+18 1.71355e+22 1.71449e+22
45.3153 50.7982 1.37162e+18 1.76269e+22 1.76298e+22
45.3554 51.8923 1.37153e+18 1.7256e+22 1.72581e+22
45.3954 53.9242 1.37141e+18 1.62659e+22 1.69424e+22
45.4354 54.2368 1.37118e+18 1.58668e+22 1.70258e+22
45.4755 56.8939 1.37093e+18 1.6284e+22 1.71106e+22
45.5155 56.5813 1.37079e+18 1.64378e+22 1.75879e+22
45.5556 55.9561 1.37068e+18 1.57688e+22 1.7084e+22
45.5956 54.862 1.37048e+18 1.51905e+22 1.70883e+22
45.6356 56.425 1.37023e+18 1.55872e+22 1.68256e+22
45.6757 56.425 1.37006e+18 1.63727e+22 1.72729e+22
45.7157 55.9561 1.36999e+18 1.64415e+22 1.69255e+22
45.7558 54.7057 1.3699e+18 1.59553e+22 1.6667e+22
45.7958 54.2368 1.36974e+18 1.60429e+22 1.68098e+22
45.8358 54.0805 1.36961e+18 1.69084e+22 1.691e+22
45.8759 52.3612 1.36957e+18 1.74613e+22 1.74652e+22
45.9159 53.6116 1.36952e+18 1.70378e+22 1.70391e+22
45.956 53.9242 1.3694e+18 1.64386e+22 1.68628e+22
45.996 54.2368 1.36927e+18 1.66146e+22 1.66634e+22
46.036 52.3612 1.36921e+18 1.71309e+22 1.71336e+22
46.0761 55.1746 1.36914e+18 1.68975e+22 1.69002e+22
46.1161 55.7998 1.36898e+18 1.59352e+22 1.63381e+22
46.1562 55.7998 1.36878e+18 1.53618e+22 1.65902e+22
46.1962 58.3006 1.36866e+18 1.56453e+22 1.65354e+22
46.2362 57.988 1.36858e+18 1.59119e+22 1.7208e+22
46.2763 57.988 1.36845e+18 1.54131e+22 1.69338e+22
46.3163 57.2065 1.36824e+18 1.47407e+22 1.66484e+22
46.3564 57.6754 1.36809e+18 1.48917e+22 1.65525e+22
46.3964 57.6754 1.36803e+18 1.56863e+22 1.68465e+22
46.4364 57.3628 1.36799e+18 1.60548e+22 1.67846e+22
46.4765 56.5813 1.36791e+18 1.5727e+22 1.6084e+22
46.5165 55.1746 1.36781e+18 1.56091e+22 1.64875e+22
46.5566 55.4872 1.36778e+18 1.63047e+22 1.63047e+22
46.5966 52.9864 1.36779e+18 1.71177e+22 1.71209e+22
46.6366 53.4553 1.36778e+18 1.7103e+22 1.71053e+22
46.6767 54.5494 1.36775e+18 1.65139e+22 1.6573e+22
46.7167 54.5494 1.36774e+18 1.63571e+22 1.65777e+22
46.7568 53.9242 1.36774e+18 1.68165e+22 1.68176e+22
46.7968 52.6738 1.36772e+18 1.69826e+22 1.69857e+22
46.8368 57.2065 1.36765e+18 1.62949e+22 1.62954e+22
46.8769 60.6452 1.3676e+18 1.54319e+22 1.62731e+22
46.9169 60.02 1.36758e+18 1.52735e+22 1.61079e+22
46.957 59.2385 1.36754e+18 1.56009e+22 1.65114e+22
46.997 58.9259 1.36747e+18 1.55016e+22 1.67874e+22
47.037 60.1763 1.36738e+18 1.4834e+22 1.63391e+22
47.0771 60.1763 1.36734e+18 1.44568e+22 1.63931e+22
47.1171 59.2385 1.36732e+18 1.49029e+22 1.62686e+22
47.1572 58.6133 1.3673e+18 1.55758e+22 1.65703e+22
47.1972 58.7696 1.36727e+18 1.56654e+22 1.61714e+22
47.2372 56.5813 1.36725e+18 1.53724e+22 1.59732e+22
47.2773 55.7998 1.36725e+18 1.55458e+22 1.61175e+22
47.3173 55.9561 1.36725e+18 1.63326e+22 1.63335e+22
47.3574 53.6116 1.36724e+18 1.69203e+22 1.6923e+22
47.3974 54.3931 1.36724e+18 1.67282e+22 1.67299e+22
47.4374 55.1746 1.36723e+18 1.62532e+22 1.63381e+22
47.4775 55.1746 1.3672e+18 1.62712e+22 1.62945e+22
47.5175 54.5494 1.36716e+18 1.66642e+22 1.66663e+22
47.5576 56.8939 1.36712e+18 1.6622e+22 1.66245e+22
47.5976 60.6452 1.36709e+18 1.58811e+22 1.58811e+22
47.6376 61.7393 1.36705e+18 1.51405e+22 1.58728e+22
47.6777 61.2704 1.36699e+18 1.50267e+22 1.5624e+22
47.7177 60.1763 1.36693e+18 1.52194e+22 1.61028e+22
47.7578 60.1763 1.36691e+18 1.49984e+22 1.62896e+22
47.7978 61.4267 1.36689e+18 1.43659e+22 1.5925e+22
47.8378 61.583 1.36687e+18 1.4055e+22 1.59314e+22
47.8779 60.4889 1.36686e+18 1.44317e+22 1.59291e+22
47.9179 59.8637 1.36686e+18 1.49733e+22 1.61572e+22
47.958 60.3326 1.36687e+18 1.50439e+22 1.5772e+22
47.998 62.3645 1.36688e+18 1.48287e+22 1.54397e+22
48.038 59.8637 1.36687e+18 1.49999e+22 1.55346e+22
48.0781 58.1443 1.36685e+18 1.5679e+22 1.56797e+22
48.1181 56.7376 1.36682e+18 1.62214e+22 1.62237e+22
48.1582 55.7998 1.36675e+18 1.61319e+22 1.61329e+22
48.1982 56.1124 1.36667e+18 1.57541e+22 1.57718e+22
48.2382 56.7376 1.36657e+18 1.57228e+22 1.57385e+22
48.2783 57.6754 1.36646e+18 1.60273e+22 1.6029e+22
48.3183 58.9259 1.36631e+18 1.60407e+22 1.60432e+22
48.3584 61.4267 1.36615e+18 1.5458e+22 1.54586e+22
48.3984 62.9897 1.36599e+18 1.47523e+22 1.52185e+22
48.4384 62.6771 1.36585e+18 1.44978e+22 1.50884e+22
48.4785 61.4267 1.36571e+18 1.45901e+22 1.54254e+22
48.5185 61.1141 1.36557e+18 1.4452e+22 1.57568e+22
48.5586 62.0519 1.36544e+18 1.39294e+22 1.55478e+22
48.5986 62.6771 1.36535e+18 1.35183e+22 1.53715e+22
48.6386 62.3645 1.36527e+18 1.3662e+22 1.54271e+22
48.6787 61.1141 1.36518e+18 1.41174e+22 1.56876e+22
48.7187 61.4267 1.36508e+18 1.43222e+22 1.55297e+22
48.7588 63.6149 1.365e+18 1.41986e+22 1.49037e+22
48.7988 64.2401 1.36492e+18 1.42239e+22 1.49124e+22
48.8388 66.1157 1.3648e+18 1.47055e+22 1.47328e+22
48.8789 66.272 1.36463e+18 1.53007e+22 1.53022e+22
48.9189 58.9259 1.36447e+18 1.54826e+22 1.54847e+22
48.959 63.7712 1.36431e+18 1.52557e+22 1.52561e+22
48.999 64.709 1.36411e+18 1.51094e+22 1.51429e+22
49.039 59.2385 1.36385e+18 1.53002e+22 1.53008e+22
49.0791 59.8637 1.36355e+18 1.5486e+22 1.54885e+22
49.1191 61.4267 1.36331e+18 1.52332e+22 1.52352e+22
49.1592 64.2401 1.3631e+18 1.46332e+22 1.46561e+22
49.1992 64.0838 1.36287e+18 1.41899e+22 1.46647e+22
49.2392 63.9275 1.36261e+18 1.41285e+22 1.45579e+22
49.2793 62.3645 1.36237e+18 1.41329e+22 1.50679e+22
49.3193 62.6771 1.36221e+18 1.38363e+22 1.51702e+22
49.3594 63.6149 1.3621e+18 1.33695e+22 1.49671e+22
49.3994 63.9275 1.36197e+18 1.31857e+22 1.49161e+22
49.4394 63.3023 1.36183e+18 1.34332e+22 1.51085e+22
49.4795 62.6771 1.36172e+18 1.37685e+22 1.52387e+22
49.5195 63.9275 1.36167e+18 1.3838e+22 1.49507e+22
49.5596 65.4905 1.36159e+18 1.37645e+22 1.4457e+22
49.5996 66.4284 1.36144e+18 1.39346e+22 1.44501e+22
49.6396 68.304 1.36128e+18 1.44326e+22 1.4433e+22
49.6797 68.304 1.36116e+18 1.48925e+22 1.48946e+22
49.7197 67.9914 1.36104e+18 1.49828e+22 1.49842e+22
49.7598 67.5225 1.36085e+18 1.48314e+22 1.48319e+22
49.7998 67.6788 1.36058e+18 1.48142e+22 1.48146e+22
49.8398 67.8351 1.36031e+18 1.50239e+22 1.50249e+22
49.8799 67.2099 1.36012e+18 1.51389e+22 1.51406e+22
49.9199 63.7712 1.35995e+18 1.48818e+22 1.48827e+22
49.96 65.6468 1.35971e+18 1.43976e+22 1.44165e+22
50 65.4905 1.35943e+18 1.40714e+22 1.43438e+22
