#S data
#N 4
#L f1  f2  size_at_f2  size_at_sample
2  7.5192  8634.19  1.99138 
2.098  7.51991  8364.79  1.99016 
2.196  7.51627  8113.06  1.99795 
2.294  7.51691  7877.15  1.99458 
2.392  7.51917  7655.46  1.99043 
2.49  7.51709  7446.63  1.99257 
2.588  7.51764  7249.45  1.99131 
2.686  7.51386  7062.88  2.00077 
2.784  7.51599  6886  1.99297 
2.882  7.51645  6718.01  1.99187 
2.98  7.51423  6558.19  1.9957 
3.078  7.51462  6405.91  1.99392 
3.176  7.51498  6260.59  1.99279 
3.274  7.51267  6121.73  1.9974 
3.372  7.51296  5988.86  1.99558 
3.47  7.51323  5861.58  1.9943 
3.568  7.51346  5739.5  1.9935 
3.666  7.51102  5622.3  1.99832 
3.764  7.51119  5509.65  1.99682 
3.862  7.51132  5401.28  1.99573 
3.96  7.51142  5296.92  1.99498 
4.058  7.50886  5196.35  2.00103 
4.156  7.50889  5099.34  1.99967 
4.254  7.50888  5005.69  1.99862 
4.352  7.51046  4915.22  1.995 
4.45  7.50777  4827.76  1.99992 
4.548  7.50767  4743.15  1.99921 
4.646  7.50753  4661.23  1.9987 
4.744  7.50735  4581.88  1.99834 
4.842  7.50713  4504.97  1.99813 
4.94  7.50428  4430.38  2.00635 
5.038  7.504  4358  2.00595 
5.136  7.50529  4287.73  2.00025 
5.234  7.50493  4219.46  2.00032 
5.332  7.50454  4153.12  2.00049 
5.43  7.50411  4088.61  2.00075 
5.528  7.50364  4025.85  2.0011 
5.626  7.50474  3964.77  1.99874 
5.724  7.50419  3905.3  1.99915 
5.822  7.50361  3847.38  1.99962 
5.92  7.503  3790.93  2.00015 
6.018  7.49977  3735.91  2.00795 
6.116  7.49908  3682.25  2.00923 
6.214  7.49994  3629.9  2.00479 
6.312  7.49917  3578.81  2.00608 
6.41  7.49836  3528.94  2.0076 
6.508  7.49752  3480.23  2.00937 
6.606  7.49821  3432.66  2.00578 
6.704  7.49729  3386.17  2.00751 
6.802  7.49888  3340.72  2.00328 
6.9  7.49532  3296.29  2.01204 
6.998  7.4984  3252.83  2.0036 
7.096  7.49731  3210.31  2.00463 
7.194  7.49619  3168.71  2.00608 
7.292  7.49659  3127.98  2.00516 
7.39  7.49538  3088.11  2.0066 
7.488  7.49413  3049.06  2.00864 
7.586  7.4944  3010.8  2.00744 
7.684  7.49307  2973.32  2.00967 
7.782  7.49169  2936.59  2.01272 
7.88  7.49028  2900.58  2.01666 
7.978  7.4929  2865.27  2.00851 
8.076  7.49139  2830.65  2.01068 
8.174  7.4914  2796.68  2.01016 
8.272  7.48981  2763.36  2.01301 
8.37  7.49068  2730.66  2.01066 
8.468  7.49056  2698.57  2.01072 
8.566  7.48883  2667.06  2.01309 
8.664  7.48706  2636.13  2.01699 
8.762  7.4868  2605.75  2.01667 
8.86  7.48744  2575.9  2.01428 
8.958  7.48707  2546.59  2.01451 
9.056  7.48512  2517.78  2.01848 
9.154  7.48716  2489.48  2.01427 
9.252  7.48511  2461.65  2.01684 
9.35  7.48302  2434.3  2.02172 
9.448  7.4849  2407.4  2.01658 
9.546  7.48272  2380.96  2.02038 
9.644  7.48202  2354.94  2.02138 
9.742  7.48221  2329.36  2.0201 
9.84  7.48141  2304.18  2.02126 
9.938  7.4815  2279.41  2.02056 
10.036  7.4806  2255.04  2.02183 
10.134  7.48059  2231.05  2.0215 
10.232  7.47958  2207.43  2.0229 
10.33  7.47946  2184.18  2.02281 
10.428  7.47836  2161.28  2.02439 
10.526  7.47568  2138.74  2.03121 
10.624  7.47692  2116.53  2.02634 
10.722  7.4781  2094.66  2.02473 
10.82  7.47527  2073.11  2.02889 
10.918  7.47633  2051.89  2.02664 
11.016  7.4734  2030.97  2.0323 
11.114  7.47435  2010.35  2.02922 
11.212  7.47132  1990.03  2.03696 
11.31  7.47215  1970.01  2.0329 
11.408  7.47293  1950.26  2.03097 
11.506  7.46973  1930.8  2.03827 
11.604  7.47039  1911.6  2.03507 
11.702  7.47099  1892.68  2.03356 
11.8  7.46763  1874.01  2.04156 
11.898  7.4681  1855.6  2.03864 
11.996  7.46852  1837.43  2.03705 
12.094  7.46888  1819.52  2.03661 
12.192  7.46769  1801.84  2.03812 
12.29  7.46552  1784.39  2.04219 
12.388  7.46569  1767.18  2.04114 
12.486  7.46432  1750.19  2.04374 
12.584  7.46436  1733.42  2.04306 
12.682  7.46434  1716.87  2.04296 
12.78  7.46425  1700.53  2.04333 
12.878  7.46026  1684.4  2.05216 
12.976  7.46005  1668.47  2.05144 
13.074  7.45977  1652.74  2.05113 
13.172  7.45942  1637.21  2.05117 
13.27  7.45901  1621.87  2.05151 
13.368  7.45853  1606.72  2.05207 
13.466  7.45653  1591.76  2.05687 
13.564  7.45591  1576.98  2.05765 
13.662  7.45523  1562.37  2.05867 
13.76  7.45448  1547.94  2.05992 
13.858  7.456  1533.69  2.05599 
13.956  7.45511  1519.6  2.0574 
14.054  7.45414  1505.68  2.05896 
14.152  7.45311  1491.92  2.06069 
14.25  7.452  1478.32  2.06267 
14.348  7.45083  1464.88  2.06494 
14.446  7.44958  1451.59  2.06759 
14.544  7.45058  1438.45  2.06507 
14.642  7.44918  1425.47  2.06744 
14.74  7.44772  1412.63  2.07037 
14.838  7.44617  1399.93  2.07397 
14.936  7.44686  1387.38  2.07155 
15.034  7.44517  1374.96  2.07507 
15.132  7.4457  1362.68  2.07369 
15.23  7.44385  1350.54  2.07724 
15.328  7.44193  1338.53  2.08205 
15.426  7.44222  1326.65  2.08027 
15.524  7.44014  1314.89  2.08564 
15.622  7.44167  1303.27  2.08119 
15.72  7.43943  1291.76  2.08574 
15.818  7.43939  1280.38  2.08545 
15.916  7.43699  1269.12  2.09132 
16.014  7.43678  1257.98  2.09097 
16.112  7.43788  1246.95  2.08882 
16.21  7.43523  1236.04  2.09388 
16.308  7.43476  1225.24  2.09462 
16.406  7.43559  1214.55  2.09373 
16.504  7.4327  1203.97  2.09893 
16.602  7.43196  1193.49  2.10035 
16.7  7.43114  1183.13  2.10203 
16.798  7.42937  1172.86  2.10632 
16.896  7.43059  1162.7  2.10347 
16.994  7.42727  1152.64  2.11106 
17.092  7.42745  1142.68  2.10977 
17.19  7.42617  1132.82  2.11268 
17.288  7.42616  1123.05  2.11252 
17.386  7.42469  1113.38  2.11571 
17.484  7.42449  1103.81  2.11625 
17.582  7.42283  1094.32  2.1198 
17.68  7.42243  1084.93  2.12075 
17.778  7.42058  1075.63  2.12492 
17.876  7.41998  1066.41  2.12618 
17.974  7.41793  1057.28  2.13138 
18.072  7.41713  1048.24  2.13304 
18.17  7.4184  1039.28  2.13064 
18.268  7.41605  1030.41  2.13522 
18.366  7.41494  1021.61  2.13782 
18.464  7.41589  1012.9  2.13733 
18.562  7.41323  1004.27  2.14194 
18.66  7.4118  995.721  2.14529 
18.758  7.41241  987.247  2.14507 
18.856  7.40944  978.85  2.15103 
18.954  7.40983  970.528  2.15077 
19.052  7.40796  962.281  2.15475 
19.15  7.40812  954.107  2.15558 
19.248  7.40471  946.007  2.16285 
19.346  7.40252  937.978  2.16939 
19.444  7.40233  930.019  2.16898 
19.542  7.40202  922.131  2.16961 
19.64  7.40159  914.311  2.17103 
19.738  7.40104  906.56  2.17306 
19.836  7.40037  898.875  2.17551 
19.934  7.39747  891.257  2.18148 
20.032  7.39655  883.704  2.184 
20.13  7.39551  876.216  2.18686 
20.228  7.39434  868.791  2.19001 
20.326  7.39304  861.43  2.19347 
20.424  7.39162  854.13  2.19726 
20.522  7.39006  846.892  2.20145 
20.62  7.38838  839.714  2.20614 
20.718  7.38991  832.596  2.20435 
20.816  7.38796  825.537  2.20858 
20.914  7.38588  818.536  2.21352 
21.012  7.38367  811.593  2.21942 
21.11  7.38463  804.706  2.21883 
21.208  7.38214  797.876  2.22432 
21.306  7.37952  791.101  2.23142 
21.404  7.38005  784.381  2.23103 
21.502  7.37714  777.715  2.23841 
21.6  7.37737  771.103  2.23891 
21.698  7.37418  764.543  2.24722 
21.796  7.37613  758.036  2.24553 
21.894  7.37265  751.58  2.25238 
21.992  7.37227  745.176  2.25487 
22.09  7.37173  738.821  2.25828 
22.188  7.36781  732.517  2.26682 
22.286  7.36895  726.261  2.267 
22.384  7.36472  720.054  2.27638 
22.482  7.36355  713.895  2.28019 
22.58  7.3642  707.784  2.28101 
22.678  7.3627  701.72  2.28574 
22.776  7.35785  695.702  2.29835 
22.874  7.35799  689.73  2.29833 
22.972  7.35599  683.803  2.30451 
23.07  7.35578  677.921  2.30659 
23.168  7.35344  672.084  2.31333 
23.266  7.35288  666.29  2.31655 
23.364  7.35019  660.54  2.3241 
23.462  7.34733  654.832  2.33319 
23.56  7.34934  649.167  2.33116 
23.658  7.34804  643.544  2.33648 
23.756  7.34464  637.963  2.34418 
23.854  7.34297  632.422  2.34994 
23.952  7.3392  626.922  2.36125 
24.05  7.34023  621.462  2.36065 
24.148  7.33798  616.041  2.36754 
24.246  7.33861  610.66  2.37128 
24.344  7.33408  605.318  2.38078 
24.442  7.33429  600.014  2.38416 
24.54  7.33125  594.749  2.39217 
24.638  7.32801  589.52  2.40191 
24.736  7.32759  584.329  2.40543 
24.834  7.32695  579.175  2.41054 
24.932  7.3261  574.058  2.41673 
25.03  7.32017  568.976  2.43063 
25.128  7.31889  563.93  2.43602 
25.226  7.31921  558.919  2.43889 
25.324  7.31746  553.943  2.446 
25.422  7.31549  549.002  2.45348 
25.52  7.31329  544.095  2.46135 
25.618  7.31085  539.222  2.46972 
25.716  7.30819  534.383  2.4788 
25.814  7.30821  529.576  2.48384 
25.912  7.30686  524.803  2.49152 
26.01  7.30347  520.062  2.50078 
26.108  7.29985  515.353  2.51179 
26.206  7.29886  510.676  2.51824 
26.304  7.29652  506.031  2.52725 
26.402  7.29501  501.417  2.53512 
26.5  7.29215  496.833  2.5451 
26.598  7.29012  492.281  2.55395 
26.696  7.28957  487.759  2.56138 
26.794  7.28699  483.267  2.57104 
26.892  7.28307  478.804  2.58281 
26.99  7.27995  474.371  2.59428 
27.088  7.27828  469.968  2.60285 
27.186  7.27632  465.593  2.61226 
27.284  7.27408  461.247  2.62235 
27.382  7.2743  456.929  2.63048 
27.48  7.26975  452.639  2.64274 
27.578  7.26661  448.377  2.65466 
27.676  7.26591  444.143  2.66345 
27.774  7.26216  439.936  2.67607 
27.872  7.26082  435.756  2.68614 
27.97  7.25644  431.603  2.70015 
28.068  7.25613  427.477  2.70927 
28.166  7.25381  423.376  2.72117 
28.264  7.24848  419.302  2.73651 
28.362  7.24816  415.254  2.74609 
28.46  7.24218  411.231  2.76358 
28.558  7.2428  407.234  2.7717 
28.656  7.2399  403.262  2.78496 
28.754  7.23663  399.314  2.79874 
28.852  7.23241  395.392  2.8141 
28.95  7.23115  391.494  2.82615 
29.048  7.22479  387.62  2.84582 
29.146  7.22501  383.77  2.85503 
29.244  7.22141  379.944  2.8704 
29.342  7.219  376.142  2.88476 
29.44  7.2162  372.363  2.89983 
29.538  7.213  368.608  2.91548 
29.636  7.2094  364.875  2.93177 
29.734  7.20539  361.165  2.94894 
29.832  7.20097  357.478  2.96735 
29.93  7.20017  353.814  2.98082 
30.028  7.19739  350.171  2.99758 
30.126  7.1917  346.551  3.01754 
30.224  7.18957  342.953  3.03369 
30.322  7.18547  339.376  3.0526 
30.42  7.18242  335.821  3.07056 
30.518  7.17741  332.287  3.09145 
30.616  7.17584  328.775  3.1081 
30.714  7.17138  325.284  3.12856 
30.812  7.16884  321.813  3.14746 
30.91  7.16579  318.363  3.16744 
31.008  7.15987  314.934  3.19011 
31.106  7.15582  311.525  3.21159 
31.204  7.15271  308.136  3.23232 
31.302  7.14995  304.767  3.25343 
31.4  7.14434  301.418  3.27739 
31.498  7.14193  298.089  3.29895 
31.596  7.13525  294.78  3.32501 
31.694  7.13173  291.49  3.34808 
31.792  7.12764  288.22  3.37235 
31.89  7.12523  284.968  3.39575 
31.988  7.11998  281.736  3.42183 
32.086  7.11637  278.522  3.44732 
32.184  7.1113  275.328  3.47425 
32.282  7.10647  272.152  3.50158 
32.38  7.10103  268.994  3.53001 
32.478  7.09631  265.855  3.55833 
32.576  7.09311  262.734  3.58607 
32.674  7.08925  259.631  3.61526 
32.772  7.08125  256.546  3.64748 
32.87  7.07605  253.48  3.67853 
32.968  7.07359  250.431  3.7081 
33.066  7.06701  247.399  3.74117 
33.164  7.06183  244.385  3.77408 
33.262  7.05721  241.389  3.80733 
33.36  7.05185  238.41  3.84176 
33.458  7.0478  235.448  3.87651 
33.556  7.04094  232.504  3.91297 
33.654  7.03535  229.576  3.9498 
33.752  7.02898  226.666  3.98781 
33.85  7.02506  223.772  4.02577 
33.948  7.01513  220.895  4.06739 
34.046  7.01154  218.035  4.10612 
34.144  7.00513  215.191  4.14761 
34.242  6.99789  212.364  4.1905 
34.34  6.98981  209.554  4.23519 
34.438  6.98588  206.759  4.27785 
34.536  6.98102  203.981  4.32288 
34.634  6.97337  201.22  4.3697 
34.732  6.96668  198.474  4.41745 
34.83  6.95907  195.745  4.4666 
34.928  6.95052  193.031  4.51745 
35.026  6.944  190.334  4.56853 
35.124  6.9383  187.653  4.62076 
35.222  6.9298  184.987  4.67512 
35.32  6.92211  182.337  4.73063 
35.418  6.91449  179.704  4.7875 
35.516  6.9076  177.086  4.84566 
35.614  6.89684  174.483  4.90655 
35.712  6.88786  171.897  4.96849 
35.81  6.8823  169.326  5.03044 
35.908  6.87391  166.771  5.09527 
36.006  6.86611  164.231  5.16173 
36.104  6.85719  161.707  5.23018 
36.202  6.84551  159.199  5.30129 
36.3  6.83702  156.707  5.37328 
36.398  6.829  154.23  5.44718 
36.496  6.8182  151.769  5.52392 
36.594  6.81042  149.324  5.60198 
36.692  6.80144  146.894  5.68265 
36.79  6.79127  144.481  5.76578 
36.888  6.77992  142.083  5.85149 
36.986  6.76988  139.701  5.93946 
37.084  6.76016  137.336  6.02999 
37.182  6.74775  134.986  6.1236 
37.28  6.73805  132.653  6.21952 
37.378  6.72716  130.336  6.31854 
37.476  6.71509  128.035  6.42073 
37.574  6.7033  125.751  6.52599 
37.672  6.69126  123.483  6.63453 
37.77  6.6795  121.233  6.74636 
37.868  6.66888  118.999  6.86153 
37.966  6.65494  116.783  6.98083 
38.064  6.64354  114.584  7.1035 
38.162  6.62978  112.403  7.23049 
38.26  6.61857  110.239  7.36113 
38.358  6.60643  108.094  7.49621 
38.456  6.59344  105.968  7.6358 
38.554  6.57969  103.86  7.78003 
38.652  6.5653  101.771  7.92913 
38.75  6.55238  99.7016  8.08299 
38.848  6.53824  97.6523  8.24214 
38.946  6.52455  95.6233  8.40655 
39.044  6.51189  93.6152  8.57635 
39.142  6.49802  91.6284  8.75202 
39.24  6.48552  89.6636  8.93346 
39.338  6.47223  87.7214  9.12111 
39.436  6.45583  85.8023  9.31542 
39.534  6.44714  83.9072  9.51544 
39.632  6.4318  82.0368  9.72272 
39.73  6.41923  80.1919  9.93666 
39.828  6.40754  78.3734  10.1576 
39.926  6.39647  76.5823  10.3856 
40.024  6.38547  74.8197  10.6209 
40.122  6.37336  73.0866  10.8636 
40.22  6.36541  71.3843  11.1134 
40.318  6.35668  69.714  11.3707 
40.416  6.35014  68.0773  11.6353 
40.514  6.3418  66.4756  11.9071 
40.612  6.33758  64.9104  12.1857 
40.71  6.33648  63.3835  12.4708 
40.808  6.33357  61.8969  12.7624 
40.906  6.3347  60.4523  13.0594 
41.004  6.34137  59.0518  13.3613 
41.102  6.34905  57.6977  13.6673 
41.2  6.36017  56.3923  13.9764 
41.298  6.37601  55.1379  14.2873 
41.396  6.39293  53.9371  14.5987 
41.494  6.41775  52.7924  14.9087 
41.592  6.44328  51.7064  15.2157 
41.69  6.4797  50.682  15.5173 
41.788  6.5184  49.7217  15.8114 
41.886  6.5635  48.8283  16.0955 
41.984  6.61864  48.0043  16.3667 
42.082  6.67826  47.2524  16.6226 
42.18  6.74459  46.5749  16.8603 
42.278  6.82027  45.974  17.0768 
42.376  6.90441  45.4516  17.2697 
42.474  6.99658  45.0093  17.4363 
42.572  7.0934  44.6484  17.5747 
42.67  7.19987  44.3699  17.6828 
42.768  7.30908  44.1742  17.7594 
42.866  7.42738  44.0613  17.8035 
42.964  7.55053  44.0308  17.8149 
43.062  7.67403  44.0818  17.7938 
43.16  7.79939  44.213  17.7408 
43.258  7.92785  44.4228  17.6573 
43.356  8.05405  44.709  17.545 
43.454  8.17827  45.0691  17.4059 
43.552  8.30077  45.5006  17.2422 
43.65  8.41766  46.0003  17.0566 
43.748  8.52549  46.5654  16.8518 
43.846  8.63052  47.1924  16.6303 
43.944  8.72649  47.8782  16.3949 
44.042  8.81513  48.6193  16.148 
44.14  8.89644  49.4126  15.892 
44.238  8.96761  50.2547  15.6293 
44.336  9.03252  51.1425  15.3617 
44.434  9.0873  52.0729  15.0913 
44.532  9.13302  53.043  14.8196 
44.63  9.17594  54.0498  14.5479 
44.728  9.2098  55.0908  14.2776 
44.826  9.23805  56.1633  14.0097 
44.924  9.25725  57.265  13.7451 
45.022  9.27191  58.3936  13.4845 
45.12  9.28377  59.5469  13.2285 
45.218  9.2911  60.7231  12.9776 
45.316  9.29563  61.9201  12.7321 
45.414  9.29283  63.1364  12.4925 
45.512  9.2911  64.3703  12.2586 
45.61  9.28377  65.6203  12.0308 
45.708  9.27644  66.885  11.8091 
45.806  9.26458  68.163  11.5936 
45.904  9.25272  69.4533  11.3842 
46.002  9.24085  70.7547  11.1808 
46.1  9.22619  72.0662  10.9834 
46.198  9.2098  73.3867  10.7919 
46.296  9.19513  74.7154  10.6061 
46.394  9.17594  76.0516  10.426 
46.492  9.15955  77.3943  10.2513 
46.59  9.14035  78.743  10.0821 
46.688  9.12116  80.0969  9.91798 
46.786  9.10197  81.4554  9.75893 
46.884  9.08277  82.818  9.60477 
46.982  9.06638  84.1841  9.45519 
47.08  9.04719  85.5532  9.3103 
47.178  9.02799  86.925  9.16983 
47.276  9.0088  88.2988  9.03363 
47.374  8.99413  89.6745  8.90133 
47.472  8.97494  91.0515  8.7732 
47.57  8.95575  92.4296  8.64891 
47.668  8.93935  93.8084  8.52819 
47.766  8.92016  95.1876  8.41119 
47.864  8.90377  96.567  8.29746 
47.962  8.8863  97.9462  8.18713 
48.06  8.86991  99.3252  8.07992 
48.158  8.85525  100.703  7.9757 
48.256  8.83885  102.081  7.87455 
48.354  8.82419  103.458  7.77618 
48.452  8.8078  104.833  7.68065 
48.55  8.79313  106.207  7.5877 
48.648  8.77674  107.579  7.49743 
48.746  8.76208  108.95  7.40953 
48.844  8.75022  110.319  7.32383 
48.942  8.73382  111.687  7.24074 
49.04  8.72196  113.052  7.15957 
49.138  8.7073  114.415  7.08075 
49.236  8.69544  115.775  7.00381 
49.334  8.68077  117.134  6.92908 
49.432  8.66891  118.489  6.85607 
49.53  8.65705  119.843  6.78494 
49.628  8.64519  121.193  6.71562 
49.726  8.63332  122.541  6.64804 
49.824  8.62146  123.886  6.58215 
49.922  8.61133  125.229  6.51778 
50.02  8.59947  126.568  6.45509 
50.118  8.5876  127.904  6.39396 
50.216  8.57574  129.238  6.33433 
50.314  8.56841  130.568  6.27571 
50.412  8.55655  131.895  6.21884 
50.51  8.54469  133.219  6.16341 
50.608  8.53735  134.54  6.10876 
50.706  8.52549  135.858  6.05588 
50.804  8.51816  137.172  6.00372 
50.902  8.5063  138.483  5.95328 
51  8.49897  139.791  5.90341 
51.098  8.4899  141.095  5.8549 
51.196  8.47977  142.396  5.80764 
51.294  8.47071  143.693  5.7613 
51.392  8.46338  144.987  5.71568 
51.49  8.45605  146.278  5.67108 
51.588  8.44872  147.565  5.62748 
51.686  8.43965  148.849  5.585 
51.784  8.43232  150.129  5.54322 
51.882  8.42499  151.405  5.50232 
51.98  8.41766  152.678  5.46228 
52.078  8.4086  153.948  5.42333 
52.176  8.40127  155.214  5.38494 
52.274  8.39394  156.476  5.34734 
52.372  8.3866  157.735  5.31053 
52.47  8.38207  158.99  5.27395 
52.568  8.37474  160.242  5.23857 
52.666  8.36741  161.49  5.20392 
52.764  8.36008  162.734  5.17001 
52.862  8.35555  163.975  5.13619 
52.96  8.34822  165.212  5.10357 
53.058  8.34369  166.446  5.0711 
53.156  8.33635  167.676  5.0397 
53.254  8.33182  168.903  5.00846 
53.352  8.32449  170.126  4.97827 
53.45  8.31996  171.345  4.94817 
53.548  8.31263  172.561  4.91915 
53.646  8.3081  173.773  4.89012 
53.744  8.30077  174.981  4.86229 
53.842  8.29624  176.186  4.83426 
53.94  8.29344  177.388  4.80651 
54.038  8.2861  178.585  4.78004 
54.136  8.28157  179.78  4.75355 
54.234  8.27704  180.97  4.72755 
54.332  8.26971  182.157  4.70271 
54.43  8.26691  183.341  4.67711 
54.528  8.26238  184.521  4.65245 
54.626  8.25785  185.698  4.62823 
54.724  8.25052  186.87  4.60518 
54.822  8.24772  188.04  4.58123 
54.92  8.24319  189.206  4.55823 
55.018  8.23865  190.368  4.53562 
55.116  8.23585  191.527  4.51305 
55.214  8.23132  192.683  4.49118 
55.312  8.22679  193.835  4.46967 
55.41  8.21946  194.983  4.44946 
55.508  8.21666  196.128  4.42806 
55.606  8.21213  197.27  4.4077 
55.704  8.2076  198.408  4.3877 
55.802  8.2048  199.542  4.36735 
55.9  8.20027  200.674  4.34799 
55.998  8.19747  201.801  4.32832 
56.096  8.19294  202.926  4.30958 
56.194  8.1884  204.047  4.29122 
56.292  8.1856  205.165  4.27241 
56.39  8.18107  206.279  4.25466 
56.488  8.17827  207.39  4.23643 
56.586  8.17654  208.497  4.21822 
56.684  8.17374  209.602  4.20071 
56.782  8.16921  210.702  4.18385 
56.88  8.16468  211.8  4.16738 
56.978  8.16188  212.894  4.15056 
57.076  8.15735  213.985  4.13471 
57.174  8.15455  215.073  4.11836 
57.272  8.15455  216.157  4.10157 
57.37  8.15002  217.238  4.0861 
57.468  8.14549  218.316  4.0711 
57.566  8.14269  219.391  4.05573 
57.664  8.13815  220.462  4.0414 
57.762  8.13815  221.531  4.02539 
57.86  8.13362  222.595  4.01124 
57.958  8.13082  223.657  3.99675 
58.056  8.12629  224.716  3.98333 
58.154  8.12629  225.771  3.96808 
58.252  8.12349  226.823  3.95422 
58.35  8.11896  227.873  3.94116 
58.448  8.11616  228.919  3.9277 
58.546  8.11443  229.961  3.91398 
58.644  8.11163  231.001  3.90088 
58.742  8.1071  232.038  3.88886 
58.84  8.1071  233.071  3.87487 
58.938  8.1043  234.102  3.8623 
59.036  8.09977  235.129  3.85071 
59.134  8.09977  236.153  3.83737 
59.232  8.09524  237.174  3.82598 
59.33  8.09244  238.193  3.81416 
59.428  8.09244  239.208  3.80134 
59.526  8.0879  240.22  3.79044 
59.624  8.0851  241.229  3.77913 
59.722  8.08337  242.235  3.76737 
59.82  8.08057  243.239  3.75636 
59.918  8.08057  244.239  3.74428 
60.016  8.07604  245.236  3.73421 
60.114  8.07604  246.23  3.72242 
60.212  8.07324  247.222  3.71185 
60.31  8.06871  248.21  3.70245 
60.408  8.06871  249.196  3.69083 
60.506  8.06591  250.178  3.68074 
60.604  8.06418  251.158  3.67034 
60.702  8.06138  252.135  3.66055 
60.8  8.06138  253.109  3.64985 
60.898  8.05685  254.08  3.64091 
60.996  8.05405  255.049  3.63165 
61.094  8.05405  256.014  3.6209 
61.192  8.04952  256.977  3.61288 
61.29  8.04952  257.937  3.60219 
61.388  8.04672  258.894  3.59334 
61.486  8.04499  259.848  3.58401 
61.584  8.04499  260.8  3.57409 
61.682  8.04219  261.748  3.56539 
61.78  8.03765  262.694  3.55824 
61.878  8.03765  263.638  3.54808 
61.976  8.03485  264.578  3.54001 
62.074  8.03485  265.516  3.53035 
62.172  8.03312  266.451  3.52181 
62.27  8.03032  267.383  3.5139 
62.368  8.03032  268.313  3.50481 
62.466  8.02579  269.24  3.49804 
62.564  8.02579  270.164  3.48881 
62.662  8.02299  271.086  3.48137 
62.76  8.02299  272.005  3.47252 
62.858  8.01846  272.921  3.46643 
62.956  8.01846  273.835  3.45738 
63.054  8.01566  274.746  3.45047 
63.152  8.01566  275.655  3.44176 
63.25  8.01393  276.561  3.43426 
63.348  8.01113  277.464  3.42754 
63.446  8.01113  278.365  3.41918 
63.544  8.01113  279.263  3.41141 
63.642  8.0066  280.159  3.40543 
63.74  8.0066  281.052  3.39737 
63.838  8.0038  281.943  3.39096 
63.936  8.00207  282.831  3.38409 
64.034  8.00207  283.716  3.37626 
64.132  7.99903  284.6  3.37028 
64.23  7.99838  285.48  3.36291 
64.328  7.99643  286.358  3.35647 
64.426  7.99639  287.234  3.34904 
64.524  7.9944  288.107  3.34266 
64.622  7.99233  288.978  3.33649 
64.72  7.99006  289.846  3.33065 
64.818  7.98862  290.712  3.32426 
64.916  7.98762  291.575  3.31759 
65.014  7.98596  292.436  3.31153 
65.112  7.98452  293.295  3.30536 
65.21  7.98246  294.151  3.29986 
65.308  7.98326  295.005  3.29207 
65.406  7.9821  295.856  3.28592 
65.504  7.9817  296.705  3.27954 
65.602  7.97965  297.552  3.27389 
65.7  7.97827  298.396  3.26804 
65.798  7.97542  299.238  3.26328 
65.896  7.97624  300.078  3.2562 
65.994  7.97253  300.915  3.25212 
66.092  7.97042  301.75  3.24737 
66.19  7.97031  302.583  3.24059 
66.288  7.96972  303.414  3.2345 
66.386  7.97079  304.242  3.22788 
66.484  7.96657  305.068  3.22414 
66.582  7.96862  305.891  3.21696 
66.68  7.96698  306.713  3.21169 
66.778  7.96413  307.532  3.20715 
66.876  7.96345  308.349  3.20158 
66.974  7.96152  309.163  3.19687 
67.072  7.95961  309.976  3.19234 
67.17  7.95958  310.786  3.18632 
67.268  7.9583  311.594  3.18135 
67.366  7.95584  312.4  3.17748 
67.464  7.95616  313.203  3.17125 
67.562  7.95525  314.005  3.16618 
67.66  7.95318  314.804  3.16201 
67.758  7.95262  315.601  3.15672 
67.856  7.95189  316.396  3.15166 
67.954  7.95001  317.189  3.1475 
68.052  7.9495  317.98  3.14233 
68.15  7.95025  318.768  3.13672 
68.248  7.94838  319.555  3.13237 
68.346  7.94775  320.339  3.12758 
68.444  7.94603  321.121  3.12334 
68.542  7.9419  321.902  3.12186 
68.64  7.94464  322.68  3.11399 
68.738  7.94276  323.456  3.10998 
68.836  7.94194  324.229  3.10544 
68.934  7.94007  325.001  3.10168 
69.032  7.93797  325.771  3.09843 
69.13  7.94007  326.539  3.09192 
69.228  7.93788  327.305  3.08821 
69.326  7.93664  328.068  3.08415 
69.424  7.93629  328.83  3.07957 
69.522  7.93375  329.589  3.07662 
69.62  7.93508  330.347  3.07095 
69.718  7.93128  331.103  3.06902 
69.816  7.92947  331.856  3.0661 
69.914  7.93023  332.608  3.06009 
70.012  7.9317  333.358  3.05463 
70.11  7.92935  334.105  3.05134 
70.208  7.92776  334.851  3.04795 
70.306  7.92689  335.595  3.04401 
70.404  7.92672  336.337  3.03958 
70.502  7.92455  337.077  3.03684 
70.6  7.92408  337.815  3.03263 
70.698  7.92326  338.551  3.0288 
70.796  7.92307  339.285  3.02449 
70.894  7.92192  340.017  3.02099 
70.992  7.92138  340.747  3.01704 
71.09  7.91896  341.476  3.0149 
71.188  7.9196  342.202  3.00981 
71.286  7.91835  342.927  3.00653 
71.384  7.91768  343.65  3.00282 
71.482  7.91754  344.371  2.99875 
71.58  7.91794  345.09  2.99467 
71.678  7.91506  345.807  2.99238 
71.776  7.91273  346.522  2.99063 
71.874  7.91465  347.236  2.9846 
71.972  7.91107  347.947  2.98386 
72.07  7.91391  348.657  2.97742 
72.168  7.90996  349.365  2.97648 
72.266  7.9079  350.072  2.975 
72.364  7.90852  350.776  2.96969 
72.462  7.90956  351.479  2.96467 
72.56  7.90886  352.179  2.96136 
72.658  7.90514  352.879  2.96141 
72.756  7.90744  353.576  2.95482 
72.854  7.90462  354.271  2.9536 
72.952  7.90562  354.965  2.94867 
73.05  7.90571  355.657  2.94501 
73.148  7.90414  356.347  2.94238 
73.246  7.90298  357.036  2.93963 
73.344  7.90221  357.723  2.93658 
73.442  7.90182  358.408  2.93324 
73.54  7.90179  359.091  2.92973 
73.638  7.90213  359.773  2.92628 
73.736  7.89767  360.452  2.92644 
73.834  7.89872  361.131  2.92143 
73.932  7.89697  361.807  2.91959 
74.03  7.89868  362.482  2.91463 
74.128  7.8957  363.155  2.9136 
74.226  7.89499  363.826  2.91076 
74.324  7.89764  364.496  2.90566 
74.422  7.89568  365.164  2.90323 
74.52  7.89405  365.83  2.90107 
74.618  7.89459  366.495  2.89746 
74.716  7.89359  367.158  2.89484 
74.814  7.88994  367.82  2.89527 
74.912  7.89138  368.48  2.88996 
75.01  7.89128  369.138  2.88679 
75.108  7.88857  369.794  2.88622 
75.206  7.88905  370.449  2.88218 
75.304  7.88979  371.103  2.87842 
75.402  7.88795  371.754  2.87666 
75.5  7.8864  372.404  2.87505 
75.598  7.88794  373.053  2.87046 
75.696  7.88692  373.7  2.86809 
75.794  7.88616  374.345  2.86559 
75.892  7.88567  374.989  2.86293 
75.99  7.88543  375.631  2.86015 
76.088  7.88374  376.272  2.85841 
76.186  7.88399  376.911  2.85521 
76.284  7.88176  377.548  2.85419 
76.382  7.88083  378.184  2.85213 
76.48  7.88179  378.819  2.84803 
76.578  7.87865  379.452  2.84869 
76.676  7.88006  380.083  2.84361 
76.774  7.88168  380.713  2.83989 
76.872  7.87925  381.341  2.83846 
76.97  7.87706  381.968  2.8379 
77.068  7.87671  382.593  2.83522 
77.166  7.87756  383.217  2.8313 
77.264  7.87603  383.839  2.82992 
77.362  7.87631  384.46  2.82672 
77.46  7.87521  385.079  2.82494 
77.558  7.87431  385.697  2.82302 
77.656  7.87362  386.313  2.8209 
77.754  7.87314  386.928  2.81855 
77.852  7.87284  387.541  2.81599 
77.95  7.87429  388.153  2.81218 
78.048  7.87034  388.764  2.81351 
78.146  7.87215  389.372  2.80838 
78.244  7.87108  389.98  2.80667 
78.342  7.86926  390.586  2.80608 
78.44  7.87008  391.191  2.80224 
78.538  7.86863  391.794  2.80115 
78.636  7.8698  392.396  2.79728 
78.734  7.86871  392.996  2.79561 
78.832  7.8663  393.595  2.79588 
78.93  7.86797  394.192  2.79112 
79.028  7.8674  394.789  2.78907 
79.126  7.867  395.383  2.7869 
79.224  7.86529  395.977  2.78605 
79.322  7.86522  396.568  2.78349 
79.42  7.86385  397.159  2.78253 
79.518  7.8641  397.748  2.77955 
79.616  7.86306  398.336  2.77821 
79.714  7.86361  398.922  2.775 
79.812  7.86288  399.507  2.77325 
79.91  7.86142  400.091  2.77245 
80.008  7.86099  400.673  2.77039 
80.106  7.86443  401.254  2.76591 
80.204  7.862  401.834  2.76449 
80.302  7.85973  402.412  2.76431 
80.4  7.85762  402.989  2.76506 
80.498  7.86159  403.564  2.75826 
80.596  7.85976  404.139  2.75705 
80.694  7.85808  404.712  2.75638 
80.792  7.85655  405.283  2.75604 
80.89  7.85516  405.853  2.75588 
80.988  7.85973  406.422  2.74877 
81.086  7.8586  406.99  2.74706 
81.184  7.85761  407.556  2.74545 
81.282  7.85675  408.121  2.74388 
81.38  7.85602  408.685  2.74227 
81.478  7.85542  409.247  2.74059 
81.576  7.85495  409.809  2.73881 
81.674  7.8546  410.368  2.73694 
81.772  7.85438  410.927  2.735 
81.87  7.85427  411.484  2.733 
81.968  7.8508  412.04  2.73494 
82.066  7.85094  412.595  2.73221 
82.164  7.8512  413.149  2.72947 
82.262  7.85157  413.701  2.72682 
82.36  7.85206  414.252  2.72435 
82.458  7.84921  414.802  2.72536 
82.556  7.84992  415.35  2.7221 
82.654  7.85074  415.897  2.71929 
82.752  7.84825  416.443  2.71983 
82.85  7.84929  416.988  2.71643 
82.948  7.85042  417.532  2.71384 
83.046  7.84619  418.074  2.71621 
83.144  7.84753  418.615  2.71199 
83.242  7.84562  419.155  2.7125 
83.34  7.84716  419.694  2.70828 
83.438  7.8488  420.231  2.7056 
83.536  7.84514  420.768  2.70649 
83.634  7.84698  421.303  2.70272 
83.732  7.84559  421.837  2.70184 
83.83  7.8443  422.369  2.70124 
83.928  7.84438  422.901  2.69911 
84.026  7.8433  423.431  2.69839 
84.124  7.84232  423.96  2.69772 
84.222  7.84268  424.488  2.69507 
84.32  7.8419  425.015  2.69409 
84.418  7.8412  425.541  2.69304 
84.516  7.84385  426.065  2.68855 
84.614  7.84134  426.588  2.68873 
84.712  7.84092  427.111  2.68727 
84.81  7.83861  427.632  2.68896 
84.908  7.84159  428.151  2.68292 
85.006  7.83946  428.67  2.68324 
85.104  7.8394  429.188  2.68135 
85.202  7.83943  429.704  2.67941 
85.3  7.83757  430.219  2.68004 
85.398  7.83777  430.734  2.67768 
85.496  7.83927  431.247  2.67422 
85.594  7.83647  431.759  2.67573 
85.692  7.83812  432.269  2.67169 
85.79  7.83864  432.779  2.66966 
85.888  7.8373  433.288  2.66894 
85.986  7.83799  433.795  2.66681 
86.084  7.83681  434.301  2.66594 
86.182  7.83765  434.807  2.66387 
86.28  7.83664  435.311  2.66279 
86.378  7.8326  435.814  2.66646 
86.476  7.83367  436.316  2.66246 
86.574  7.83291  436.817  2.66179 
86.672  7.83412  437.316  2.65825 
86.77  7.8335  437.815  2.65721 
86.868  7.83296  438.313  2.65611 
86.966  7.83439  438.809  2.6532 
87.064  7.83399  439.305  2.6519 
87.162  7.83061  439.799  2.65418 
87.26  7.83225  440.293  2.65007 
87.358  7.83207  440.785  2.64861 
87.456  7.82893  441.276  2.6516 
87.554  7.83077  441.766  2.64669 
87.652  7.8308  442.256  2.64499 
87.75  7.8309  442.744  2.6433 
87.848  7.82992  443.231  2.64267 
87.946  7.83016  443.717  2.64083 
88.044  7.83046  444.202  2.63909 
88.142  7.82783  444.686  2.64041 
88.24  7.83011  445.169  2.63641 
88.338  7.82763  445.651  2.63725 
88.436  7.82819  446.131  2.63491 
88.534  7.82881  446.611  2.63288 
88.632  7.82653  447.09  2.63375 
88.73  7.82911  447.568  2.63003 
88.828  7.82696  448.045  2.62997 
88.926  7.82783  448.521  2.62785 
89.024  7.82582  448.995  2.62815 
89.122  7.82681  449.469  2.62569 
89.22  7.82492  449.942  2.62612 
89.318  7.8231  450.414  2.62753 
89.416  7.82607  450.885  2.622 
89.514  7.82438  451.355  2.62209 
89.612  7.82274  451.823  2.62293 
89.71  7.82408  452.291  2.6194 
89.808  7.82257  452.758  2.61988 
89.906  7.82401  453.224  2.61658 
90.004  7.82262  453.689  2.61662 
90.102  7.82129  454.153  2.61709 
90.2  7.82289  454.616  2.61335 
90.298  7.82167  455.078  2.61328 
90.396  7.82051  455.539  2.6135 
90.494  7.82227  455.999  2.60974 
90.592  7.82122  456.458  2.60938 
90.69  7.82023  456.917  2.6092 
90.788  7.81929  457.374  2.60914 
90.886  7.82126  457.83  2.60519 
90.984  7.82043  458.286  2.60458 
91.082  7.81965  458.74  2.60404 
91.18  7.81893  459.194  2.60353 
91.278  7.81826  459.646  2.60304 
91.376  7.81764  460.098  2.60253 
91.474  7.81989  460.549  2.59847 
91.572  7.81937  460.998  2.59756 
91.67  7.8189  461.447  2.59664 
91.768  7.81849  461.895  2.5957 
91.866  7.81812  462.342  2.59473 
91.964  7.8178  462.788  2.59372 
92.062  7.81753  463.234  2.59268 
92.16  7.81559  463.678  2.59382 
92.258  7.81542  464.121  2.59262 
92.356  7.81529  464.564  2.59135 
92.454  7.81522  465.005  2.59003 
92.552  7.81519  465.446  2.58868 
92.65  7.8152  465.886  2.58729 
92.748  7.81526  466.325  2.5859 
92.846  7.81366  466.763  2.58676 
92.944  7.81382  467.2  2.58509 
93.042  7.81401  467.636  2.58345 
93.14  7.81425  468.071  2.58186 
93.238  7.81454  468.506  2.58036 
93.336  7.81317  468.94  2.58056 
93.434  7.81354  469.372  2.57884 
93.532  7.81395  469.804  2.57727 
93.63  7.81168  470.235  2.57871 
93.728  7.8105  470.665  2.57949 
93.826  7.81104  471.094  2.57701 
93.924  7.81162  471.523  2.57477 
94.022  7.81224  471.95  2.57282 
94.12  7.8129  472.377  2.57122 
94.218  7.80923  472.803  2.57474 
94.316  7.80997  473.228  2.57194 
94.414  7.81075  473.652  2.56956 
94.512  7.80991  474.075  2.5694 
94.61  7.81077  474.498  2.56717 
94.708  7.80898  474.919  2.56822 
94.806  7.80991  475.34  2.56568 
94.904  7.80923  475.76  2.56529 
95.002  7.81024  476.179  2.56313 
95.1  7.80862  476.598  2.56363 
95.198  7.80805  477.015  2.56319 
95.296  7.80918  477.432  2.56067 
95.394  7.80767  477.847  2.56124 
95.492  7.80723  478.262  2.56066 
95.59  7.80846  478.677  2.558 
95.688  7.80543  479.09  2.56134 
95.786  7.80674  479.502  2.55767 
95.884  7.80807  479.914  2.5551 
95.982  7.80517  480.325  2.55779 
96.08  7.80657  480.735  2.55432 
96.178  7.80801  481.144  2.55213 
96.276  7.80523  481.553  2.55383 
96.374  7.80673  481.961  2.55089 
96.472  7.80402  482.368  2.55344 
96.57  7.8056  482.774  2.54981 
96.668  7.80458  483.179  2.54998 
96.766  7.80461  483.584  2.54878 
96.864  7.80366  483.987  2.54903 
96.962  7.80375  484.39  2.54768 
97.06  7.80288  484.792  2.54794 
97.158  7.80465  485.194  2.54435 
97.256  7.80484  485.594  2.54319 
97.354  7.80407  485.994  2.54283 
97.452  7.80432  486.393  2.5416 
97.55  7.80362  486.792  2.54119 
97.648  7.80393  487.189  2.53992 
97.746  7.8033  487.586  2.53945 
97.844  7.8011  487.982  2.5414 
97.942  7.8031  488.377  2.53763 
98.04  7.80097  488.772  2.53923 
98.138  7.80304  489.165  2.53576 
98.236  7.80098  489.558  2.53693 
98.334  7.8031  489.951  2.53393 
98.432  7.8011  490.342  2.53459 
98.53  7.80072  490.733  2.53402 
98.628  7.80134  491.123  2.53229 
98.726  7.80102  491.512  2.53161 
98.824  7.79916  491.9  2.53311 
98.922  7.80145  492.288  2.52942 
99.02  7.79964  492.675  2.53016 
99.118  7.79787  493.061  2.53207 
99.216  7.80024  493.447  2.52752 
99.314  7.79853  493.832  2.52857 
99.412  7.79842  494.216  2.52766 
99.51  7.7993  494.599  2.52553 
99.608  7.79925  494.981  2.52463 
99.706  7.79766  495.363  2.52562 
99.804  7.79863  495.745  2.52334 
99.902  7.79866  496.125  2.52238 
100  7.79716  496.505  2.52323 
