#S data
#N 4
#L f1  f2  size_at_f2  size_at_sample
2  7.51921  5295.07  1.99549 
2.098  7.51696  5066.31  2.00081 
2.196  7.51734  4855.3  1.99909 
2.294  7.51767  4660.03  1.99809 
2.392  7.51796  4478.78  1.99769 
2.49  7.51553  4310.08  2.00304 
2.588  7.51573  4152.65  2.00205 
2.686  7.51587  4005.4  2.00154 
2.784  7.51331  3867.36  2.00918 
2.882  7.515  3737.68  2.00339 
2.98  7.515  3615.63  2.0035 
3.078  7.51495  3500.54  2.00389 
3.176  7.5122  3391.83  2.01071 
3.274  7.51205  3288.98  2.01077 
3.372  7.51186  3191.52  2.0111 
3.47  7.51161  3099.05  2.01166 
3.568  7.51131  3011.19  2.01243 
3.666  7.51258  2927.6  2.01026 
3.764  7.51218  2847.97  2.01147 
3.862  7.50909  2772.02  2.01901 
3.96  7.51121  2699.52  2.01419 
4.058  7.51065  2630.22  2.01571 
4.156  7.50741  2563.92  2.02434 
4.254  7.50836  2500.43  2.02123 
4.352  7.50764  2439.57  2.02345 
4.45  7.50687  2381.18  2.02593 
4.548  7.50604  2325.12  2.02872 
4.646  7.50676  2271.24  2.02695 
4.744  7.50582  2219.43  2.02984 
4.842  7.50482  2169.56  2.03314 
4.94  7.50377  2121.53  2.03694 
5.038  7.50685  2075.24  2.03149 
5.136  7.50309  2030.6  2.03964 
5.234  7.50445  1987.51  2.03686 
5.332  7.50476  1945.9  2.03785 
5.43  7.50342  1905.7  2.04106 
5.528  7.50202  1866.83  2.04513 
5.626  7.50215  1829.23  2.04591 
5.724  7.50062  1792.84  2.05062 
5.822  7.50161  1757.59  2.04969 
5.92  7.50156  1723.45  2.05153 
6.018  7.49985  1690.35  2.05585 
6.116  7.49808  1658.25  2.06171 
6.214  7.49784  1627.11  2.0634 
6.312  7.4985  1596.88  2.06315 
6.41  7.49813  1567.52  2.06559 
6.508  7.49611  1539  2.0719 
6.606  7.49657  1511.28  2.07215 
6.704  7.496  1484.33  2.07514 
6.802  7.49379  1458.12  2.08291 
6.9  7.49562  1432.61  2.07994 
6.998  7.49328  1407.78  2.08709 
7.096  7.49244  1383.61  2.09119 
7.194  7.49249  1360.06  2.09262 
7.292  7.49151  1337.11  2.09717 
7.39  7.49142  1314.75  2.09925 
7.488  7.4903  1292.94  2.10432 
7.586  7.49007  1271.68  2.10691 
7.684  7.49133  1250.93  2.10714 
7.782  7.48999  1230.68  2.11199 
7.88  7.48954  1210.91  2.11565 
7.978  7.48806  1191.61  2.12135 
8.076  7.48746  1172.76  2.1254 
8.174  7.48584  1154.35  2.13233 
8.272  7.48663  1136.35  2.13299 
8.37  7.48581  1118.76  2.13775 
8.468  7.48396  1101.56  2.14537 
8.566  7.48452  1084.74  2.14683 
8.664  7.48347  1068.28  2.15241 
8.762  7.48387  1052.19  2.15514 
8.86  7.48172  1036.43  2.16321 
8.958  7.48043  1021.01  2.17007 
9.056  7.48059  1005.91  2.17274 
9.154  7.48067  991.127  2.17626 
9.252  7.48066  976.646  2.18048 
9.35  7.48057  962.459  2.18527 
9.448  7.47888  948.558  2.19209 
9.546  7.47863  934.935  2.1971 
9.644  7.47829  921.58  2.20248 
9.742  7.47542  908.487  2.21246 
9.84  7.47735  895.649  2.21404 
9.938  7.47676  883.057  2.22013 
10.036  7.47608  870.706  2.2264 
10.134  7.4738  858.587  2.23449 
10.232  7.47295  846.696  2.24124 
10.33  7.47201  835.026  2.24828 
10.428  7.47098  823.57  2.25565 
10.526  7.46987  812.324  2.26341 
10.624  7.46866  801.282  2.27163 
10.722  7.46978  790.438  2.27507 
10.82  7.46839  779.787  2.28337 
10.918  7.46692  769.324  2.29226 
11.016  7.46775  759.045  2.29726 
11.114  7.4661  748.944  2.30625 
11.212  7.46435  739.019  2.31612 
11.31  7.46252  729.263  2.32703 
11.408  7.46298  719.673  2.33195 
11.506  7.46096  710.245  2.34348 
11.604  7.46269  700.975  2.34673 
11.702  7.46049  691.859  2.35776 
11.8  7.46056  682.894  2.36504 
11.898  7.45817  674.076  2.37726 
11.996  7.45804  665.401  2.38484 
12.094  7.45928  656.867  2.39153 
12.192  7.45661  648.47  2.40333 
12.29  7.45619  640.206  2.41237 
12.388  7.45333  632.074  2.42662 
12.486  7.45417  624.07  2.43292 
12.584  7.45346  616.192  2.44297 
12.682  7.45265  608.435  2.45337 
12.78  7.45085  600.799  2.46566 
12.878  7.44985  593.28  2.47676 
12.976  7.44875  585.875  2.48826 
13.074  7.44897  578.583  2.49747 
13.172  7.44767  571.401  2.50956 
13.27  7.4477  564.327  2.51997 
13.368  7.4462  557.358  2.53259 
13.466  7.44603  550.493  2.54384 
13.564  7.44433  543.728  2.55703 
13.662  7.44396  537.063  2.56892 
13.76  7.44207  530.496  2.58286 
13.858  7.4415  524.023  2.59531 
13.956  7.43942  517.644  2.61028 
14.054  7.43865  511.357  2.62333 
14.152  7.44004  505.159  2.63447 
14.25  7.43767  499.05  2.64946 
14.348  7.43661  493.027  2.6637 
14.446  7.43405  487.089  2.68051 
14.544  7.43505  481.234  2.69227 
14.642  7.4337  475.461  2.70749 
14.74  7.43086  469.769  2.72533 
14.838  7.43156  464.155  2.7381 
14.936  7.42993  458.618  2.75445 
15.034  7.43044  453.158  2.7689 
15.132  7.42725  447.772  2.78734 
15.23  7.42757  442.46  2.80207 
15.328  7.42558  437.219  2.81979 
15.426  7.42572  432.05  2.83553 
15.524  7.42219  426.95  2.85592 
15.622  7.42215  421.919  2.87175 
15.72  7.42203  416.955  2.88848 
15.818  7.41962  412.058  2.9081 
15.916  7.41933  407.225  2.92544 
16.014  7.41896  402.457  2.94345 
16.112  7.41632  397.752  2.96401 
16.21  7.4158  393.109  2.98253 
16.308  7.4152  388.527  3.00157 
16.406  7.41452  384.005  3.02109 
16.504  7.41378  379.542  3.04104 
16.602  7.41297  375.138  3.06139 
16.7  7.41209  370.791  3.08212 
16.798  7.40901  366.501  3.10442 
16.896  7.40803  362.267  3.12568 
16.994  7.40699  358.087  3.14732 
17.092  7.40589  353.962  3.16933 
17.19  7.40476  349.89  3.19171 
17.288  7.40358  345.871  3.21445 
17.386  7.40236  341.904  3.23754 
17.484  7.40111  337.988  3.26099 
17.582  7.39983  334.122  3.28481 
17.68  7.39642  330.307  3.31145 
17.778  7.3951  326.54  3.33603 
17.876  7.39715  322.822  3.35751 
17.974  7.3958  319.152  3.38271 
18.072  7.39445  315.529  3.40827 
18.17  7.39309  311.953  3.43419 
18.268  7.39175  308.423  3.46045 
18.366  7.39042  304.939  3.48707 
18.464  7.38911  301.499  3.51404 
18.562  7.38783  298.104  3.54135 
18.66  7.38658  294.753  3.56899 
18.758  7.38332  291.446  3.59902 
18.856  7.38217  288.181  3.62728 
18.954  7.38439  284.959  3.65328 
19.052  7.38336  281.78  3.68231 
19.15  7.3824  278.641  3.71169 
19.248  7.37823  275.544  3.74334 
19.346  7.38074  272.487  3.77155 
19.444  7.37475  269.471  3.80528 
19.542  7.37419  266.495  3.83547 
19.64  7.37376  263.558  3.86604 
19.738  7.37346  260.66  3.89701 
19.836  7.3733  257.801  3.92844 
19.934  7.37128  254.98  3.96134 
20.032  7.37145  252.198  3.99339 
20.13  7.36856  249.453  4.02755 
20.228  7.3691  246.745  4.06003 
20.326  7.36786  244.075  4.09394 
20.424  7.3656  241.441  4.12882 
20.522  7.36482  238.844  4.16318 
20.62  7.36628  236.283  4.19701 
20.718  7.36281  233.758  4.23328 
20.816  7.36161  231.268  4.269 
20.914  7.36193  228.814  4.30417 
21.012  7.36135  226.394  4.34025 
21.11  7.35913  224.01  4.37748 
21.208  7.35727  221.66  4.41505 
21.306  7.35774  219.344  4.45135 
21.404  7.35664  217.063  4.48902 
21.502  7.35595  214.815  4.52676 
21.6  7.35568  212.602  4.56458 
21.698  7.35586  210.421  4.60254 
21.796  7.35334  208.274  4.64213 
21.894  7.35447  206.16  4.68011 
21.992  7.35296  204.079  4.71969 
22.09  7.35512  202.031  4.75817 
22.188  7.35469  200.015  4.79778 
22.286  7.35288  198.032  4.83795 
22.384  7.35362  196.081  4.87771 
22.482  7.34989  194.162  4.91928 
22.58  7.35189  192.275  4.95864 
22.678  7.35261  190.419  4.99897 
22.776  7.35089  188.596  5.04015 
22.874  7.34987  186.804  5.0814 
22.972  7.34959  185.043  5.12247 
23.07  7.35008  183.313  5.16331 
23.168  7.35134  181.615  5.20401 
23.266  7.35028  179.947  5.24567 
23.364  7.35319  178.31  5.28613 
23.462  7.35187  176.704  5.32777 
23.56  7.35337  175.129  5.36875 
23.658  7.35384  173.584  5.41 
23.756  7.35208  172.07  5.45188 
23.854  7.35442  170.585  5.49246 
23.952  7.35457  169.131  5.53365 
24.05  7.35572  167.707  5.57448 
24.148  7.35593  166.313  5.61544 
24.246  7.35913  164.949  5.65565 
24.344  7.35826  163.614  5.69642 
24.442  7.35845  162.309  5.73691 
24.54  7.35973  161.033  5.77687 
24.638  7.36213  159.787  5.81631 
24.736  7.36245  158.57  5.856 
24.834  7.36391  157.382  5.89511 
24.932  7.36453  156.223  5.93416 
25.03  7.36831  155.092  5.97199 
25.128  7.37128  153.991  6.00981 
25.226  7.3722  152.918  6.04748 
25.324  7.37431  151.874  6.08456 
25.422  7.37763  150.858  6.12105 
25.52  7.37685  149.87  6.15756 
25.618  7.37929  148.91  6.19306 
25.716  7.3809  147.978  6.22821 
25.814  7.38372  147.073  6.26249 
25.912  7.38775  146.197  6.29599 
26.01  7.38964  145.347  6.32922 
26.108  7.39272  144.525  6.36161 
26.206  7.39489  143.73  6.39345 
26.304  7.39693  142.962  6.42463 
26.402  7.40143  142.221  6.45466 
26.5  7.40365  141.506  6.48429 
26.598  7.40698  140.817  6.51299 
26.696  7.41142  140.154  6.54077 
26.794  7.41345  139.517  6.568 
26.892  7.41652  138.906  6.59429 
26.99  7.41842  138.321  6.61996 
27.088  7.42349  137.76  6.64416 
27.186  7.42733  137.225  6.66772 
27.284  7.42986  136.714  6.69059 
27.382  7.43413  136.227  6.71226 
27.48  7.43699  135.765  6.73326 
27.578  7.44064  135.327  6.75318 
27.676  7.44505  134.912  6.77202 
27.774  7.45019  134.521  6.78984 
27.872  7.45368  134.153  6.80691 
27.97  7.45779  133.808  6.82295 
28.068  7.46101  133.485  6.83815 
28.166  7.46473  133.185  6.85232 
28.264  7.47041  132.907  6.86524 
28.362  7.47259  132.65  6.87768 
28.46  7.47755  132.415  6.88874 
28.558  7.48035  132.2  6.89922 
28.656  7.4874  132.007  6.90808 
28.754  7.49063  131.833  6.91649 
28.852  7.49396  131.68  6.92398 
28.95  7.49735  131.547  6.93056 
29.048  7.50331  131.433  6.93579 
29.146  7.50665  131.338  6.9405 
29.244  7.50988  131.262  6.94434 
29.342  7.51557  131.205  6.9469 
29.44  7.51839  131.165  6.94902 
29.538  7.52361  131.143  6.9499 
29.636  7.52748  131.139  6.95014 
29.734  7.53199  131.152  6.94945 
29.832  7.53607  131.181  6.94801 
29.93  7.54139  131.227  6.94564 
30.028  7.54442  131.29  6.94271 
30.126  7.5486  131.367  6.93891 
30.224  7.55035  131.461  6.93472 
30.322  7.55606  131.569  6.92918 
30.42  7.56107  131.692  6.92312 
30.518  7.56233  131.83  6.91681 
30.616  7.5657  131.981  6.90959 
30.714  7.57308  132.147  6.90121 
30.812  7.57468  132.326  6.89284 
30.91  7.58025  132.518  6.88349 
31.008  7.58296  132.722  6.87381 
31.106  7.58656  132.94  6.8635 
31.204  7.58911  133.169  6.85276 
31.302  7.59374  133.411  6.84127 
31.4  7.59406  133.664  6.82983 
31.498  7.59644  133.928  6.8177 
31.596  7.60292  134.203  6.80434 
31.694  7.60498  134.489  6.79125 
31.792  7.60915  134.786  6.77745 
31.89  7.61211  135.092  6.76341 
31.988  7.61382  135.409  6.74915 
32.086  7.61768  135.735  6.73421 
32.184  7.62241  136.07  6.71889 
32.282  7.62375  136.414  6.70354 
32.38  7.62594  136.767  6.68783 
32.478  7.63035  137.129  6.67158 
32.576  7.62995  137.499  6.65564 
32.674  7.63534  137.876  6.63863 
32.772  7.6381  138.262  6.62175 
32.87  7.63732  138.655  6.60514 
32.968  7.6411  139.056  6.58758 
33.066  7.6436  139.463  6.57007 
33.164  7.64481  139.877  6.55258 
33.262  7.64843  140.298  6.53449 
33.36  7.65079  140.726  6.51646 
33.458  7.65187  141.159  6.49847 
33.556  7.65402  141.599  6.48017 
33.654  7.65491  142.044  6.462 
33.752  7.65838  142.495  6.44319 
33.85  7.66063  142.951  6.42453 
33.948  7.66166  143.413  6.40598 
34.046  7.66537  143.879  6.38694 
34.144  7.6664  144.351  6.36819 
34.242  7.66776  144.827  6.34935 
34.34  7.67038  145.307  6.33028 
34.438  7.67187  145.792  6.31132 
34.536  7.67221  146.281  6.29249 
34.634  7.67296  146.774  6.27362 
34.732  7.6751  147.271  6.25445 
34.83  7.67866  147.771  6.23514 
34.928  7.67865  148.275  6.21625 
35.026  7.68011  148.783  6.1972 
35.124  7.6821  149.293  6.1781 
35.222  7.6815  149.807  6.1594 
35.32  7.68404  150.324  6.14021 
35.418  7.68561  150.843  6.12122 
35.516  7.68622  151.366  6.1024 
35.614  7.68587  151.891  6.08383 
35.712  7.68881  152.418  6.06469 
35.81  7.69085  152.948  6.04584 
35.908  7.69038  153.48  6.02732 
36.006  7.69066  154.014  6.00881 
36.104  7.69272  154.55  5.99006 
36.202  7.69395  155.088  5.97153 
36.3  7.69171  155.628  5.95377 
36.398  7.69562  156.17  5.93477 
36.496  7.6961  156.713  5.91655 
36.594  7.69684  157.258  5.89838 
36.692  7.6958  157.804  5.88065 
36.79  7.69672  158.352  5.8626 
36.888  7.69962  158.9  5.84428 
36.986  7.69913  159.45  5.82663 
37.084  7.70067  160.001  5.80876 
37.182  7.70051  160.554  5.79125 
37.28  7.70074  161.107  5.77379 
37.378  7.70203  161.66  5.75622 
37.476  7.70101  162.215  5.73923 
37.574  7.70382  162.77  5.72156 
37.672  7.70331  163.326  5.70459 
37.77  7.70497  163.883  5.68739 
37.868  7.70333  164.44  5.67087 
37.966  7.7039  164.998  5.65404 
38.064  7.70394  165.556  5.63745 
38.162  7.70623  166.114  5.62046 
38.26  7.70526  166.672  5.60426 
38.358  7.70551  167.231  5.58792 
38.456  7.70635  167.79  5.57155 
38.554  7.70566  168.349  5.55568 
38.652  7.70731  168.908  5.53932 
38.75  7.70681  169.467  5.52359 
38.848  7.7076  170.026  5.50766 
38.946  7.70798  170.585  5.49195 
39.044  7.70796  171.144  5.47644 
39.142  7.71035  171.703  5.4606 
39.24  7.70956  172.261  5.44538 
39.338  7.7084  172.819  5.43045 
39.436  7.70968  173.377  5.41507 
39.534  7.71062  173.934  5.39993 
39.632  7.70841  174.492  5.38559 
39.73  7.70868  175.048  5.37077 
39.828  7.71037  175.604  5.35569 
39.926  7.71001  176.16  5.34124 
40.024  7.71109  176.715  5.32659 
40.122  7.71014  177.27  5.31248 
40.22  7.70891  177.824  5.29868 
40.318  7.71196  178.378  5.28381 
40.416  7.71018  178.931  5.2702 
40.514  7.70988  179.483  5.25642 
40.612  7.71215  180.034  5.2421 
40.71  7.70961  180.585  5.22909 
40.808  7.71141  181.135  5.215 
40.906  7.71015  181.684  5.2019 
41.004  7.71149  182.233  5.18817 
41.102  7.71261  182.78  5.17471 
41.2  7.70896  183.327  5.16265 
41.298  7.70967  183.873  5.14931 
41.396  7.71018  184.418  5.13618 
41.494  7.71051  184.962  5.12323 
41.592  7.71064  185.505  5.11045 
41.69  7.7106  186.047  5.09783 
41.788  7.71039  186.589  5.08537 
41.886  7.71  187.129  5.07307 
41.984  7.70946  187.668  5.06095 
42.082  7.71332  188.206  5.04771 
42.18  7.71247  188.744  5.03567 
42.278  7.71146  189.28  5.02382 
42.376  7.71031  189.815  5.01221 
42.474  7.71185  190.349  4.99992 
42.572  7.71043  190.882  4.98854 
42.67  7.70888  191.414  4.97751 
42.768  7.71177  191.945  4.96493 
42.866  7.70997  192.474  4.95396 
42.964  7.71087  193.003  4.94226 
43.062  7.71059  193.53  4.93104 
43.16  7.71127  194.056  4.91964 
43.258  7.70903  194.581  4.90926 
43.356  7.71124  195.105  4.89749 
43.454  7.71161  195.628  4.88647 
43.552  7.71081  196.15  4.87578 
43.65  7.71099  196.67  4.86496 
43.748  7.70827  197.189  4.85522 
43.846  7.71001  197.707  4.84391 
43.944  7.70993  198.223  4.83341 
44.042  7.71151  198.739  4.82264 
44.14  7.70847  199.253  4.81313 
44.238  7.70989  199.766  4.80234 
44.336  7.70951  200.278  4.79225 
44.434  7.71079  200.788  4.78185 
44.532  7.71027  201.297  4.77192 
44.63  7.70861  201.805  4.76242 
44.728  7.70796  202.312  4.75279 
44.826  7.70899  202.817  4.7426 
44.924  7.70822  203.321  4.73313 
45.022  7.70913  203.824  4.72319 
45.12  7.70826  204.325  4.71387 
45.218  7.70906  204.825  4.70414 
45.316  7.70981  205.324  4.69459 
45.414  7.70879  205.822  4.68544 
45.512  7.70945  206.318  4.67605 
45.61  7.70833  206.813  4.66707 
45.708  7.7089  207.306  4.65782 
45.806  7.70943  207.799  4.6487 
45.904  7.7082  208.29  4.63992 
46.002  7.70587  208.78  4.63182 
46.1  7.70907  209.268  4.62204 
46.198  7.70774  209.755  4.61348 
46.296  7.70809  210.241  4.6047 
46.394  7.70669  210.725  4.5964 
46.492  7.70698  211.208  4.58772 
46.59  7.70723  211.69  4.57914 
46.688  7.70575  212.17  4.57113 
46.786  7.70596  212.65  4.56265 
46.884  7.70614  213.127  4.55425 
46.982  7.70459  213.604  4.54658 
47.08  7.70473  214.079  4.53828 
47.178  7.70484  214.553  4.53007 
47.276  7.70323  215.025  4.52277 
47.374  7.70607  215.497  4.51358 
47.472  7.70612  215.966  4.50562 
47.57  7.70446  216.435  4.49819 
47.668  7.70448  216.902  4.49033 
47.766  7.70449  217.368  4.48253 
47.864  7.70448  217.833  4.4748 
47.962  7.70276  218.296  4.46784 
48.06  7.70273  218.758  4.46021 
48.158  7.70544  219.218  4.45178 
48.256  7.70369  219.678  4.4447 
48.354  7.70363  220.136  4.43727 
48.452  7.70356  220.592  4.4299 
48.55  7.70178  221.047  4.42331 
48.648  7.70169  221.502  4.41603 
48.746  7.7016  221.954  4.40882 
48.844  7.70423  222.406  4.40077 
48.942  7.70243  222.856  4.3941 
49.04  7.70232  223.305  4.38706 
49.138  7.70221  223.752  4.38007 
49.236  7.7004  224.198  4.37392 
49.334  7.70027  224.643  4.36702 
49.432  7.70015  225.087  4.36018 
49.53  7.70275  225.529  4.35236 
49.628  7.70093  225.97  4.34614 
49.726  7.7008  226.41  4.33945 
49.824  7.70067  226.848  4.33281 
49.922  7.69886  227.285  4.3271 
50.02  7.70144  227.721  4.31933 
50.118  7.70131  228.156  4.31283 
50.216  7.70118  228.589  4.30639 
50.314  7.69937  229.021  4.30059 
50.412  7.69925  229.452  4.29422 
50.51  7.69913  229.882  4.2879 
50.608  7.69733  230.31  4.28262 
50.706  7.69992  230.737  4.27499 
50.804  7.69981  231.163  4.2688 
50.902  7.6997  231.587  4.26266 
51  7.69792  232.01  4.25724 
51.098  7.69782  232.432  4.25117 
51.196  7.69772  232.853  4.24513 
51.294  7.70033  233.273  4.23831 
51.392  7.69857  233.691  4.23275 
51.49  7.69849  234.108  4.22684 
51.588  7.69841  234.524  4.22098 
51.686  7.69668  234.938  4.21587 
51.784  7.69662  235.351  4.21006 
51.882  7.69656  235.764  4.20428 
51.98  7.6992  236.174  4.19773 
52.078  7.6975  236.584  4.19242 
52.176  7.69746  236.993  4.18678 
52.274  7.69578  237.4  4.18188 
52.372  7.69576  237.806  4.17628 
52.47  7.69575  238.211  4.17071 
52.568  7.69575  238.614  4.16518 
52.666  7.6941  239.017  4.16067 
52.764  7.69679  239.418  4.15387 
52.862  7.69681  239.818  4.14848 
52.96  7.69519  240.217  4.1437 
53.058  7.69523  240.615  4.13833 
53.156  7.69528  241.011  4.13301 
53.254  7.69369  241.407  4.12857 
53.352  7.69375  241.801  4.12326 
53.45  7.69383  242.194  4.11798 
53.548  7.69658  242.586  4.1119 
53.646  7.69503  242.976  4.10713 
53.744  7.69514  243.366  4.10202 
53.842  7.69525  243.754  4.09694 
53.94  7.69374  244.141  4.09245 
54.038  7.69387  244.527  4.08739 
54.136  7.69402  244.912  4.08237 
54.234  7.69253  245.296  4.07813 
54.332  7.6927  245.679  4.07311 
54.43  7.69124  246.06  4.06915 
54.528  7.69408  246.441  4.06285 
54.626  7.69163  246.82  4.05913 
54.724  7.69449  247.198  4.05324 
54.822  7.69307  247.575  4.04885 
54.92  7.6933  247.951  4.04407 
55.018  7.69354  248.326  4.03935 
55.116  7.69216  248.7  4.03514 
55.214  7.69243  249.072  4.03041 
55.312  7.69107  249.444  4.02642 
55.41  7.69136  249.814  4.02168 
55.508  7.69165  250.184  4.01699 
55.606  7.69033  250.552  4.01314 
55.704  7.69065  250.919  4.00843 
55.802  7.69098  251.285  4.00379 
55.9  7.6897  251.65  4.00005 
55.998  7.69005  252.014  3.99539 
56.096  7.69042  252.377  3.9908 
56.194  7.68917  252.739  3.98715 
56.292  7.68956  253.1  3.98254 
56.39  7.68834  253.459  3.97903 
56.488  7.68875  253.818  3.97441 
56.586  7.68917  254.176  3.96986 
56.684  7.68798  254.532  3.9664 
56.782  7.68843  254.888  3.96184 
56.88  7.68889  255.242  3.95736 
56.978  7.68774  255.596  3.95392 
57.076  7.68822  255.948  3.94943 
57.174  7.68709  256.299  3.94609 
57.272  7.68759  256.65  3.94159 
57.37  7.68811  256.999  3.93719 
57.468  7.68702  257.347  3.93384 
57.566  7.68756  257.695  3.92943 
57.664  7.6881  258.041  3.92513 
57.762  7.68705  258.386  3.92176 
57.86  7.68762  258.731  3.91745 
57.958  7.68659  259.074  3.91415 
58.056  7.68719  259.416  3.90986 
58.154  7.68779  259.758  3.90568 
58.252  7.6868  260.098  3.90232 
58.35  7.68743  260.437  3.89817 
58.448  7.68646  260.776  3.89486 
58.546  7.68711  261.113  3.89072 
58.644  7.68617  261.449  3.88745 
58.742  7.68684  261.785  3.88334 
58.84  7.68753  262.119  3.87938 
58.938  7.68662  262.453  3.87603 
59.036  7.68733  262.785  3.87211 
59.134  7.68385  263.117  3.87054 
59.232  7.68458  263.448  3.86624 
59.33  7.68373  263.777  3.86329 
59.428  7.68448  264.106  3.85903 
59.526  7.68524  264.434  3.85494 
59.624  7.68442  264.761  3.85188 
59.722  7.6852  265.087  3.84785 
59.82  7.6844  265.412  3.84479 
59.918  7.68521  265.736  3.84083 
60.016  7.68443  266.059  3.83776 
60.114  7.68526  266.381  3.83388 
60.212  7.6861  266.703  3.8302 
60.31  7.68536  267.023  3.82701 
60.408  7.68365  267.343  3.82446 
60.506  7.68293  267.661  3.82156 
60.604  7.68381  267.979  3.81758 
60.702  7.68312  268.296  3.81465 
60.8  7.68402  268.612  3.81078 
60.898  7.68335  268.927  3.80783 
60.996  7.68427  269.241  3.80409 
61.094  7.68521  269.554  3.80058 
61.192  7.68201  269.866  3.79886 
61.29  7.68296  270.178  3.79494 
61.388  7.68235  270.488  3.79209 
61.486  7.68333  270.798  3.78833 
61.584  7.68273  271.107  3.78543 
61.682  7.68373  271.415  3.78184 
61.78  7.68316  271.722  3.77891 
61.878  7.68162  272.028  3.77662 
61.976  7.68107  272.333  3.77388 
62.074  7.68211  272.638  3.77005 
62.172  7.68159  272.942  3.76727 
62.27  7.68265  273.245  3.76365 
62.368  7.68214  273.547  3.76082 
62.466  7.68067  273.848  3.75867 
62.564  7.68019  274.148  3.75599 
62.662  7.68129  274.447  3.75218 
62.76  7.68082  274.746  3.74946 
62.858  7.68195  275.044  3.7459 
62.956  7.67896  275.341  3.74499 
63.054  7.6801  275.637  3.74102 
63.152  7.67968  275.932  3.73838 
63.25  7.68084  276.227  3.73467 
63.348  7.68044  276.521  3.73199 
63.446  7.68162  276.813  3.72858 
63.544  7.6787  277.106  3.72749 
63.642  7.6799  277.397  3.72367 
63.74  7.67954  277.687  3.72105 
63.838  7.68076  277.977  3.71755 
63.936  7.68042  278.266  3.71489 
64.034  7.67912  278.554  3.71284 
64.132  7.6788  278.841  3.71026 
64.23  7.68006  279.128  3.70672 
64.328  7.67976  279.414  3.70411 
64.426  7.6785  279.699  3.70213 
64.524  7.67822  279.983  3.69959 
64.622  7.67952  280.266  3.69604 
64.72  7.67926  280.549  3.69347 
64.818  7.68057  280.831  3.69033 
64.916  7.6778  281.112  3.68902 
65.014  7.67913  281.392  3.68551 
65.112  7.67891  281.672  3.68297 
65.21  7.68026  281.95  3.67991 
65.308  7.67753  282.228  3.67854 
65.406  7.6789  282.506  3.67512 
65.504  7.67872  282.782  3.67261 
65.602  7.67602  283.058  3.67197 
65.7  7.67742  283.333  3.66818 
65.798  7.67726  283.607  3.66571 
65.896  7.67867  283.881  3.66241 
65.994  7.67854  284.154  3.65994 
66.092  7.67745  284.426  3.65794 
66.19  7.67733  284.697  3.65549 
66.288  7.67878  284.968  3.6524 
66.386  7.67616  285.238  3.65129 
66.484  7.67607  285.507  3.64886 
66.582  7.67754  285.776  3.64546 
66.68  7.67747  286.043  3.64305 
66.778  7.67645  286.31  3.64117 
66.876  7.67639  286.577  3.63876 
66.974  7.67789  286.842  3.63566 
67.072  7.67535  287.107  3.63467 
67.17  7.67687  287.372  3.63127 
67.268  7.67685  287.635  3.6289 
67.366  7.67433  287.898  3.62834 
67.464  7.67588  288.16  3.62469 
67.562  7.67588  288.421  3.62233 
67.66  7.67744  288.682  3.61936 
67.758  7.67496  288.942  3.61826 
67.856  7.675  289.202  3.6159 
67.954  7.67658  289.46  3.61273 
68.052  7.67413  289.718  3.61196 
68.15  7.67573  289.976  3.60853 
68.248  7.67579  290.232  3.60623 
68.346  7.67491  290.488  3.60445 
68.444  7.67499  290.744  3.60214 
68.542  7.67663  290.998  3.59925 
68.64  7.67423  291.252  3.59816 
68.738  7.67433  291.505  3.59584 
68.836  7.67599  291.758  3.59282 
68.934  7.67362  292.01  3.59193 
69.032  7.67375  292.261  3.58961 
69.13  7.67542  292.512  3.58648 
69.228  7.67308  292.762  3.58575 
69.326  7.67477  293.011  3.58243 
69.424  7.67493  293.26  3.58022 
69.522  7.67261  293.508  3.57962 
69.62  7.67433  293.756  3.57623 
69.718  7.67451  294.003  3.57403 
69.816  7.67375  294.249  3.57231 
69.914  7.67395  294.494  3.57009 
70.012  7.67167  294.739  3.56977 
70.11  7.67343  294.983  3.5662 
70.208  7.67365  295.227  3.56399 
70.306  7.67293  295.47  3.56236 
70.404  7.67317  295.712  3.56013 
70.502  7.67093  295.954  3.56 
70.6  7.67272  296.195  3.55631 
70.698  7.67298  296.436  3.55411 
70.796  7.67076  296.676  3.55394 
70.894  7.67257  296.915  3.55031 
70.992  7.67285  297.154  3.54813 
71.09  7.6722  297.392  3.54654 
71.188  7.67249  297.629  3.54435 
71.286  7.67032  297.866  3.54421 
71.384  7.67216  298.103  3.54059 
71.482  7.67248  298.338  3.53843 
71.58  7.67033  298.573  3.53818 
71.678  7.67219  298.808  3.53469 
71.776  7.67253  299.042  3.53258 
71.874  7.67193  299.275  3.53097 
71.972  7.67228  299.508  3.52886 
72.07  7.67017  299.74  3.5285 
72.168  7.67206  299.971  3.52516 
72.266  7.67243  300.202  3.52311 
72.364  7.67187  300.433  3.52148 
72.462  7.67226  300.663  3.51943 
72.56  7.67018  300.892  3.51888 
72.658  7.67211  301.12  3.51578 
72.756  7.67005  301.349  3.51522 
72.854  7.67046  301.576  3.51301 
72.952  7.6724  301.803  3.5102 
73.05  7.67037  302.029  3.50938 
73.148  7.6708  302.255  3.50725 
73.246  7.6703  302.48  3.50576 
73.344  7.67074  302.705  3.50365 
73.442  7.66873  302.929  3.50349 
73.54  7.67071  303.153  3.50006 
73.638  7.67118  303.376  3.49806 
73.736  7.67071  303.598  3.4965 
73.834  7.67119  303.82  3.49452 
73.932  7.66921  304.042  3.49396 
74.03  7.67122  304.263  3.49102 
74.128  7.66926  304.483  3.49037 
74.226  7.66976  304.703  3.48825 
74.324  7.66782  304.922  3.48822 
74.422  7.66985  305.14  3.48472 
74.52  7.67037  305.359  3.48273 
74.618  7.66996  305.576  3.48121 
74.716  7.67049  305.793  3.47928 
74.814  7.66858  306.01  3.47873 
74.912  7.67064  306.226  3.47586 
75.01  7.66874  306.441  3.47518 
75.108  7.6693  306.656  3.47311 
75.206  7.66741  306.871  3.47299 
75.304  7.66949  307.085  3.46966 
75.402  7.66762  307.298  3.46937 
75.5  7.6682  307.511  3.46718 
75.598  7.66785  307.723  3.4658 
75.696  7.66844  307.935  3.46368 
75.794  7.66659  308.146  3.46374 
75.892  7.66871  308.357  3.46023 
75.99  7.66932  308.567  3.4583 
76.088  7.66749  308.777  3.45786 
76.186  7.66717  308.987  3.45651 
76.284  7.6678  309.195  3.45436 
76.382  7.66599  309.404  3.45451 
76.48  7.66814  309.611  3.45092 
76.578  7.66878  309.819  3.44899 
76.676  7.66699  310.025  3.4486 
76.774  7.66915  310.232  3.44573 
76.872  7.66737  310.438  3.44511 
76.97  7.66803  310.643  3.44311 
77.068  7.66777  310.848  3.44171 
77.166  7.66844  311.052  3.43982 
77.264  7.66669  311.256  3.43939 
77.362  7.66888  311.459  3.43662 
77.46  7.66713  311.662  3.43595 
77.558  7.66783  311.865  3.434 
77.656  7.66609  312.066  3.43373 
77.754  7.66831  312.268  3.43079 
77.852  7.66658  312.469  3.43025 
77.95  7.6673  312.669  3.42825 
78.048  7.66709  312.869  3.42688 
78.146  7.66782  313.069  3.42503 
78.244  7.66612  313.268  3.42459 
78.342  7.66836  313.467  3.42194 
78.44  7.66667  313.665  3.42121 
78.538  7.66742  313.862  3.41934 
78.636  7.66574  314.06  3.41896 
78.734  7.66557  314.256  3.41763 
78.832  7.66633  314.453  3.41557 
78.93  7.66467  314.649  3.41557 
79.028  7.66695  314.844  3.41234 
79.126  7.6653  315.039  3.41202 
79.224  7.66608  315.233  3.40997 
79.322  7.66444  315.427  3.40996 
79.42  7.66673  315.621  3.40677 
79.518  7.6651  315.814  3.40643 
79.616  7.6659  316.007  3.4044 
79.714  7.66578  316.199  3.40307 
79.812  7.66659  316.391  3.40125 
79.91  7.66498  316.582  3.40086 
80.008  7.66338  316.773  3.40112 
80.106  7.6657  316.963  3.39755 
80.204  7.66411  317.153  3.39746 
80.302  7.66495  317.343  3.39531 
80.4  7.66486  317.532  3.394 
80.498  7.6657  317.721  3.39208 
80.596  7.66413  317.909  3.39188 
80.694  7.66648  318.097  3.38907 
80.792  7.66492  318.284  3.3885 
80.89  7.66578  318.471  3.38667 
80.988  7.66423  318.658  3.38633 
81.086  7.66268  318.844  3.38661 
81.184  7.66505  319.029  3.38306 
81.282  7.66351  319.215  3.38295 
81.38  7.66439  319.4  3.38085 
81.478  7.66436  319.584  3.37955 
81.576  7.66525  319.768  3.37771 
81.674  7.66373  319.952  3.37741 
81.772  7.66222  320.135  3.37771 
81.87  7.66462  320.318  3.37415 
81.968  7.66311  320.5  3.37404 
82.066  7.66403  320.682  3.37196 
82.164  7.66253  320.863  3.37204 
82.262  7.66494  321.044  3.36887 
82.36  7.66346  321.225  3.36854 
82.458  7.66439  321.405  3.36662 
82.556  7.6644  321.585  3.36535 
82.654  7.66293  321.765  3.36516 
82.752  7.66388  321.944  3.36315 
82.85  7.66241  322.123  3.36312 
82.948  7.66485  322.301  3.36018 
83.046  7.6634  322.479  3.35972 
83.144  7.66436  322.656  3.35792 
83.242  7.66291  322.833  3.35761 
83.34  7.66296  323.01  3.35633 
83.438  7.66393  323.186  3.35446 
83.536  7.6625  323.362  3.35425 
83.634  7.66108  323.538  3.35457 
83.732  7.66355  323.713  3.35104 
83.83  7.66213  323.887  3.35091 
83.928  7.66312  324.062  3.34889 
84.026  7.66171  324.236  3.34888 
84.124  7.66419  324.409  3.34598 
84.222  7.66279  324.583  3.34551 
84.32  7.6614  324.755  3.34556 
84.418  7.66241  324.928  3.34342 
84.516  7.6625  325.1  3.34216 
84.614  7.66352  325.272  3.34038 
84.712  7.66214  325.443  3.34007 
84.81  7.66077  325.614  3.34026 
84.908  7.66328  325.784  3.33702 
85.006  7.66191  325.954  3.33674 
85.104  7.66295  326.124  3.33488 
85.202  7.66159  326.294  3.33468 
85.3  7.66172  326.463  3.33341 
85.398  7.66277  326.631  3.33155 
85.496  7.66142  326.8  3.33136 
85.594  7.66008  326.968  3.33164 
85.692  7.66262  327.135  3.32824 
85.79  7.66128  327.302  3.32804 
85.888  7.66235  327.469  3.32614 
85.986  7.66102  327.636  3.326 
86.084  7.6597  327.802  3.32633 
86.182  7.66226  327.968  3.32285 
86.28  7.66094  328.133  3.32268 
86.378  7.66202  328.298  3.32077 
86.476  7.66072  328.463  3.32065 
86.574  7.66089  328.627  3.31938 
86.672  7.66199  328.791  3.3175 
86.77  7.66069  328.955  3.31734 
86.868  7.6594  329.118  3.31763 
86.966  7.66198  329.281  3.31426 
87.064  7.6607  329.444  3.31404 
87.162  7.66181  329.606  3.3122 
87.26  7.66053  329.768  3.31201 
87.358  7.65926  329.929  3.31226 
87.456  7.66186  330.09  3.30899 
87.554  7.66059  330.251  3.30872 
87.652  7.66172  330.412  3.30695 
87.75  7.66046  330.572  3.3067 
87.848  7.66068  330.732  3.30546 
87.946  7.65943  330.891  3.30554 
88.044  7.66057  331.05  3.30344 
88.142  7.65933  331.209  3.30352 
88.24  7.66195  331.368  3.30064 
88.338  7.66071  331.526  3.30021 
88.436  7.65948  331.684  3.30019 
88.534  7.66064  331.841  3.29819 
88.632  7.65941  331.998  3.29816 
88.73  7.65966  332.155  3.29689 
88.828  7.66083  332.311  3.29501 
88.926  7.65961  332.468  3.29487 
89.024  7.6584  332.623  3.29512 
89.122  7.66105  332.779  3.29189 
89.22  7.65984  332.934  3.29161 
89.318  7.65864  333.089  3.29173 
89.416  7.65983  333.243  3.28961 
89.514  7.65863  333.398  3.2897 
89.612  7.66129  333.551  3.28686 
89.71  7.66011  333.705  3.28642 
89.808  7.65892  333.858  3.28637 
89.906  7.66012  334.011  3.28444 
90.004  7.65895  334.164  3.28435 
90.102  7.65924  334.316  3.2831 
90.2  7.66045  334.468  3.28135 
90.298  7.65928  334.619  3.28111 
90.396  7.65812  334.771  3.28123 
90.494  7.6608  334.922  3.27835 
90.592  7.65965  335.072  3.27794 
90.69  7.65849  335.223  3.27789 
90.788  7.65972  335.373  3.27598 
90.886  7.65857  335.523  3.27588 
90.984  7.65743  335.672  3.27614 
91.082  7.66013  335.821  3.27294 
91.18  7.65899  335.97  3.27266 
91.278  7.65785  336.119  3.27273 
91.376  7.6591  336.267  3.27069 
91.474  7.65797  336.415  3.2707 
91.572  7.65831  336.562  3.26943 
91.67  7.65956  336.71  3.26762 
91.768  7.65844  336.857  3.26743 
91.866  7.65732  337.003  3.2676 
91.964  7.66005  337.15  3.26467 
92.062  7.65894  337.296  3.26429 
92.16  7.65783  337.442  3.26424 
92.258  7.6591  337.587  3.26236 
92.356  7.658  337.732  3.26224 
92.454  7.65836  337.877  3.26102 
92.552  7.65727  338.022  3.2611 
92.65  7.65855  338.166  3.25907 
92.748  7.65746  338.31  3.25907 
92.846  7.65637  338.454  3.2594 
92.944  7.65912  338.598  3.25607 
93.042  7.65804  338.741  3.25584 
93.14  7.65697  338.884  3.25593 
93.238  7.65826  339.026  3.2539 
93.336  7.65719  339.168  3.2539 
93.434  7.65612  339.31  3.25422 
93.532  7.65888  339.452  3.25091 
93.63  7.65782  339.594  3.25067 
93.728  7.65676  339.735  3.25076 
93.826  7.65807  339.876  3.24875 
93.924  7.65702  340.016  3.24872 
94.022  7.65743  340.157  3.24748 
94.12  7.65638  340.297  3.24763 
94.218  7.6577  340.436  3.24553 
94.316  7.65665  340.576  3.24557 
94.414  7.65562  340.715  3.24592 
94.512  7.6584  340.854  3.24256 
94.61  7.65737  340.993  3.24234 
94.708  7.65634  341.131  3.24243 
94.806  7.65767  341.269  3.24043 
94.904  7.65664  341.407  3.2404 
95.002  7.65708  341.544  3.23916 
95.1  7.65606  341.682  3.23928 
95.198  7.6574  341.819  3.23724 
95.296  7.65639  341.955  3.23724 
95.394  7.65537  342.092  3.23753 
95.492  7.65818  342.228  3.23434 
95.59  7.65718  342.364  3.23407 
95.688  7.65617  342.5  3.23408 
95.786  7.65753  342.635  3.2322 
95.884  7.65653  342.77  3.23209 
95.982  7.65553  342.905  3.23225 
96.08  7.65836  343.04  3.22944 
96.178  7.65736  343.174  3.22905 
96.276  7.65637  343.308  3.22893 
96.374  7.65539  343.442  3.22909 
96.472  7.65676  343.575  3.227 
96.57  7.65578  343.709  3.22703 
96.668  7.65626  343.842  3.22578 
96.766  7.65528  343.974  3.22592 
96.864  7.65667  344.107  3.22386 
96.962  7.65569  344.239  3.22387 
97.06  7.65473  344.371  3.22414 
97.158  7.65757  344.503  3.22103 
97.256  7.65661  344.634  3.22074 
97.354  7.65565  344.765  3.22071 
97.452  7.65704  344.896  3.21892 
97.55  7.65609  345.027  3.21875 
97.648  7.65513  345.158  3.21884 
97.746  7.65418  345.288  3.21919 
97.844  7.65704  345.418  3.21584 
97.942  7.65609  345.547  3.21563 
98.04  7.65515  345.677  3.21567 
98.138  7.65656  345.806  3.21379 
98.236  7.65562  345.935  3.21368 
98.334  7.65614  346.064  3.21252 
98.432  7.6552  346.192  3.2125 
98.53  7.65662  346.32  3.21073 
98.628  7.65569  346.448  3.21055 
98.726  7.65477  346.576  3.21063 
98.824  7.65384  346.704  3.21095 
98.922  7.65672  346.831  3.2077 
99.02  7.6558  346.958  3.20746 
99.118  7.65488  347.085  3.20746 
99.216  7.65632  347.211  3.20567 
99.314  7.65541  347.337  3.2055 
99.412  7.65449  347.463  3.20558 
99.51  7.65504  347.589  3.20431 
99.608  7.65413  347.715  3.20447 
99.706  7.65557  347.84  3.20242 
99.804  7.65467  347.965  3.20241 
99.902  7.65377  348.09  3.20263 
100  7.65667  348.214  3.19972 
