#S data
#N 4
#L f1  f2  size_at_f2  size_at_sample
2  23.2337  7113.81  4.25784 
2.098  23.2252  6890.61  4.2631 
2.196  23.2166  6682.04  4.27076 
2.294  23.2172  6486.57  4.26289 
2.392  23.2084  6302.88  4.26897 
2.49  23.2087  6129.82  4.26458 
2.588  23.1997  5966.42  4.26917 
2.686  23.1848  5811.8  4.29178 
2.784  23.1848  5665.2  4.27899 
2.882  23.1847  5525.97  4.27291 
2.98  23.1752  5393.5  4.27985 
3.078  23.1656  5267.27  4.29041 
3.176  23.1651  5146.8  4.28188 
3.274  23.1553  5031.69  4.29197 
3.372  23.1545  4921.54  4.28482 
3.47  23.1445  4816.02  4.29471 
3.568  23.1435  4714.81  4.28849 
3.666  23.1423  4617.63  4.28719 
3.764  23.1319  4524.23  4.29281 
3.862  23.1305  4434.37  4.29164 
3.96  23.1199  4347.84  4.29779 
4.058  23.1183  4264.45  4.29641 
4.156  23.1017  4184  4.31543 
4.254  23.0998  4106.34  4.30863 
4.352  23.0887  4031.32  4.32352 
4.45  23.0866  3958.78  4.31626 
4.548  23.0843  3888.61  4.31234 
4.646  23.0728  3820.67  4.32543 
4.744  23.0702  3754.86  4.32058 
4.842  23.0585  3691.07  4.3366 
4.94  23.0556  3629.2  4.3307 
5.038  23.0526  3569.16  4.32737 
5.136  23.0405  3510.87  4.34333 
5.234  23.0373  3454.25  4.33868 
5.332  23.0394  3399.21  4.33067 
5.43  23.0214  3345.7  4.35323 
5.528  23.0232  3293.63  4.3395 
5.626  23.0194  3242.97  4.34035 
5.724  23.0155  3193.63  4.34264 
5.822  23.0024  3145.58  4.35123 
5.92  22.9982  3098.75  4.35167 
6.018  22.9848  3053.1  4.36716 
6.116  22.9803  3008.58  4.36598 
6.214  22.9756  2965.14  4.3659 
6.312  22.9708  2922.76  4.36678 
6.41  22.9658  2881.38  4.36849 
6.508  22.9518  2840.97  4.38492 
6.606  22.9465  2801.49  4.38525 
6.704  22.9411  2762.92  4.3863 
6.802  22.941  2725.21  4.38189 
6.9  22.9352  2688.34  4.38533 
6.998  22.9205  2652.28  4.39831 
7.096  22.9145  2616.99  4.40077 
7.194  22.9083  2582.47  4.40363 
7.292  22.9019  2548.67  4.40685 
7.39  22.8954  2515.58  4.41038 
7.488  22.8941  2483.18  4.40992 
7.586  22.8873  2451.43  4.41424 
7.684  22.8715  2420.33  4.42806 
7.782  22.8644  2389.84  4.43261 
7.88  22.857  2359.96  4.43749 
7.978  22.8496  2330.66  4.4427 
8.076  22.8473  2301.92  4.43965 
8.174  22.8394  2273.73  4.44504 
8.272  22.8315  2246.08  4.45072 
8.37  22.8233  2218.94  4.45676 
8.468  22.815  2192.3  4.46321 
8.566  22.8118  2166.15  4.4632 
8.664  22.8031  2140.48  4.46942 
8.762  22.7943  2115.26  4.47617 
8.86  22.7853  2090.49  4.48355 
8.958  22.7814  2066.16  4.48464 
9.056  22.7721  2042.25  4.4918 
9.154  22.7625  2018.75  4.49984 
9.252  22.7528  1995.66  4.5089 
9.35  22.7482  1972.95  4.50967 
9.448  22.7381  1950.63  4.51887 
9.546  22.7279  1928.67  4.52946 
9.644  22.7174  1907.08  4.54163 
9.742  22.7121  1885.84  4.54146 
9.84  22.7097  1864.95  4.5387 
9.938  22.704  1844.38  4.54329 
10.036  22.6928  1824.15  4.55235 
10.134  22.6814  1804.23  4.56365 
10.232  22.6699  1784.63  4.57744 
10.33  22.6633  1765.33  4.58024 
10.428  22.6598  1746.32  4.57926 
10.526  22.6529  1727.61  4.58479 
10.624  22.6405  1709.17  4.59686 
10.722  22.628  1691.02  4.61242 
10.82  22.6205  1673.13  4.61743 
10.918  22.6159  1655.5  4.61734 
11.016  22.6079  1638.14  4.62395 
11.114  22.5946  1621.02  4.64001 
11.212  22.5894  1604.16  4.64101 
11.31  22.5808  1587.53  4.6486 
11.408  22.5669  1571.14  4.66701 
11.506  22.5661  1554.98  4.6609 
11.604  22.5518  1539.04  4.67716 
11.702  22.5505  1523.33  4.67573 
11.8  22.5358  1507.83  4.69027 
11.898  22.5259  1492.54  4.70022 
11.996  22.5189  1477.46  4.70556 
12.094  22.5086  1462.59  4.71606 
12.192  22.5011  1447.91  4.7225 
12.29  22.4903  1433.43  4.73361 
12.388  22.4824  1419.13  4.74085 
12.486  22.4711  1405.03  4.75276 
12.584  22.4628  1391.11  4.76063 
12.682  22.4511  1377.36  4.77365 
12.78  22.4472  1363.8  4.77639 
12.878  22.43  1350.4  4.79671 
12.976  22.4257  1337.18  4.79827 
13.074  22.408  1324.12  4.82264 
13.172  22.4032  1311.22  4.82266 
13.27  22.398  1298.49  4.82759 
13.368  22.3877  1285.91  4.83851 
13.466  22.3741  1273.48  4.85333 
13.564  22.3682  1261.21  4.85984 
13.662  22.3571  1249.08  4.87167 
13.76  22.3427  1237.1  4.888 
13.858  22.336  1225.26  4.89488 
13.956  22.3241  1213.56  4.90808 
14.054  22.3169  1202  4.91692 
14.152  22.3015  1190.58  4.93409 
14.25  22.2937  1179.29  4.9427 
14.348  22.2808  1168.13  4.95772 
14.446  22.2724  1157.09  4.96734 
14.544  22.2638  1146.18  4.97826 
14.642  22.2549  1135.4  4.99023 
14.74  22.2331  1124.74  5.01637 
14.838  22.2236  1114.2  5.02642 
14.936  22.2139  1103.77  5.03744 
15.034  22.2038  1093.46  5.04928 
15.132  22.1935  1083.27  5.0618 
15.23  22.1781  1073.18  5.08245 
15.328  22.1672  1063.21  5.09568 
15.426  22.156  1053.34  5.10955 
15.524  22.1444  1043.58  5.12404 
15.622  22.1403  1033.93  5.12967 
15.72  22.1281  1024.38  5.14492 
15.818  22.1157  1014.92  5.16058 
15.916  22.1029  1005.57  5.17673 
16.014  22.0898  996.32  5.19347 
16.112  22.0765  987.163  5.21093 
16.21  22.0628  978.1  5.22926 
16.308  22.0563  969.132  5.23912 
16.406  22.042  960.255  5.2573 
16.504  22.0273  951.469  5.27667 
16.602  22.0123  942.772  5.29748 
16.7  22.0045  934.162  5.30825 
16.798  21.9888  925.639  5.32934 
16.896  21.9803  917.202  5.3423 
16.994  21.964  908.848  5.36393 
17.092  21.9474  900.576  5.3881 
17.19  21.9378  892.386  5.40093 
17.288  21.9205  884.277  5.42668 
17.386  21.9147  876.246  5.43495 
17.484  21.8967  868.293  5.45994 
17.582  21.8856  860.416  5.47613 
17.68  21.8742  852.616  5.49368 
17.778  21.8596  844.889  5.51467 
17.876  21.8475  837.236  5.53356 
17.974  21.8349  829.656  5.55324 
18.072  21.8147  822.146  5.58096 
18.17  21.8059  814.707  5.59611 
18.268  21.7922  807.338  5.61727 
18.366  21.7709  800.036  5.64772 
18.464  21.7609  792.802  5.6637 
18.562  21.746  785.635  5.68658 
18.66  21.7307  778.533  5.71016 
18.758  21.7194  771.495  5.72968 
18.856  21.7033  764.522  5.75419 
18.954  21.6912  757.611  5.77568 
19.052  21.6743  750.762  5.80108 
19.15  21.6613  743.975  5.82389 
19.248  21.6436  737.247  5.85041 
19.346  21.6297  730.58  5.87422 
19.444  21.6111  723.971  5.90238 
19.542  21.5964  717.42  5.92718 
19.64  21.5769  710.926  5.95776 
19.738  21.5683  704.489  5.97712 
19.836  21.5522  698.107  6.004 
19.934  21.5314  691.781  6.03508 
20.032  21.5144  685.509  6.06349 
20.13  21.5039  679.29  6.08658 
20.228  21.4817  673.124  6.11959 
20.326  21.4702  667.011  6.144 
20.424  21.4513  660.949  6.17457 
20.522  21.4388  654.938  6.20184 
20.62  21.4148  648.977  6.23655 
20.718  21.4013  643.066  6.26381 
20.816  21.3805  637.204  6.29758 
20.914  21.3659  631.39  6.32632 
21.012  21.3441  625.624  6.36192 
21.11  21.3286  619.906  6.39183 
21.208  21.3124  614.234  6.42302 
21.306  21.2958  608.608  6.45525 
21.404  21.2786  603.028  6.48833 
21.502  21.2608  597.492  6.52215 
21.6  21.236  592.001  6.56108 
21.698  21.2171  586.554  6.59622 
21.796  21.1978  581.15  6.63226 
21.894  21.1844  575.79  6.66395 
21.992  21.1639  570.471  6.70125 
22.09  21.1428  565.195  6.73954 
22.188  21.1251  559.959  6.77589 
22.286  21.1029  554.765  6.81584 
22.384  21.0865  549.611  6.85229 
22.482  21.0632  544.497  6.8937 
22.58  21.0431  539.422  6.93339 
22.678  21.0249  534.387  6.97239 
22.776  20.9997  529.39  7.01688 
22.874  20.9842  524.431  7.05474 
22.972  20.9577  519.51  7.10088 
23.07  20.9409  514.626  7.14045 
23.168  20.9195  509.779  7.18396 
23.266  20.8951  504.969  7.23004 
23.364  20.8762  500.194  7.27286 
23.462  20.8528  495.455  7.31915 
23.56  20.8326  490.752  7.36416 
23.658  20.8079  486.083  7.41232 
23.756  20.7863  481.449  7.4592 
23.854  20.764  476.848  7.50714 
23.952  20.741  472.282  7.55608 
24.05  20.7135  467.749  7.60865 
24.148  20.689  463.249  7.65989 
24.246  20.6639  458.781  7.71242 
24.344  20.644  454.346  7.7609 
24.442  20.6173  449.943  7.81556 
24.54  20.5959  445.571  7.86685 
24.638  20.5678  441.231  7.92386 
24.736  20.5448  436.922  7.97749 
24.834  20.5305  432.643  8.02974 
24.932  20.5  428.395  8.08742 
25.03  20.4746  424.176  8.14517 
25.128  20.4426  419.988  8.20695 
25.226  20.4156  415.828  8.26715 
25.324  20.3971  411.698  8.32383 
25.422  20.3626  407.597  8.389 
25.52  20.3423  403.524  8.44808 
25.618  20.3119  399.479  8.51274 
25.716  20.2899  395.462  8.57553 
25.814  20.2577  391.473  8.64217 
25.912  20.2282  387.511  8.7093 
26.01  20.2034  383.576  8.77558 
26.108  20.1686  379.669  8.84686 
26.206  20.1419  375.787  8.91539 
26.304  20.1143  371.932  8.98561 
26.402  20.0857  368.103  9.05735 
26.5  20.0561  364.3  9.1305 
26.598  20.0256  360.522  9.20503 
26.696  19.9941  356.77  9.28099 
26.794  19.967  353.043  9.35708 
26.892  19.9334  349.34  9.43571 
26.99  19.8989  345.662  9.51612 
27.088  19.8633  342.009  9.5986 
27.186  19.8406  338.38  9.67786 
27.284  19.803  334.774  9.76242 
27.382  19.7728  331.192  9.84678 
27.48  19.7382  327.634  9.93349 
27.578  19.7058  324.099  10.0212 
27.676  19.6639  320.587  10.1132 
27.774  19.6343  317.097  10.2023 
27.872  19.6036  313.631  10.2943 
27.97  19.5666  310.186  10.3887 
28.068  19.5253  306.764  10.486 
28.166  19.486  303.364  10.5849 
28.264  19.4505  299.986  10.6837 
28.362  19.4137  296.629  10.7847 
28.46  19.3758  293.294  10.8878 
28.558  19.3445  289.98  10.9908 
28.656  19.304  286.687  11.0979 
28.754  19.27  283.416  11.206 
28.852  19.2269  280.164  11.3171 
28.95  19.1903  276.934  11.4295 
29.048  19.1445  273.723  11.5453 
29.146  19.1052  270.533  11.662 
29.244  19.0645  267.363  11.7811 
29.342  19.0223  264.213  11.9027 
29.44  18.9834  261.082  12.0262 
29.538  18.9384  257.971  12.1526 
29.636  18.892  254.879  12.2819 
29.734  18.8487  251.807  12.4129 
29.832  18.7994  248.754  12.548 
29.93  18.7604  245.719  12.683 
30.028  18.7126  242.704  12.8225 
30.126  18.666  239.707  12.9646 
30.224  18.6223  236.728  13.1089 
30.322  18.5698  233.768  13.2577 
30.42  18.5228  230.826  13.4082 
30.518  18.4742  227.902  13.5622 
30.616  18.4239  224.996  13.7195 
30.714  18.3789  222.109  13.8792 
30.812  18.3253  219.238  14.0435 
30.91  18.2768  216.386  14.2105 
31.008  18.2196  213.55  14.3823 
31.106  18.1718  210.733  14.5562 
31.204  18.1179  207.932  14.7348 
31.302  18.0597  205.148  14.9179 
31.4  18.0022  202.382  15.1049 
31.498  17.9534  199.632  15.2945 
31.596  17.8962  196.9  15.4896 
31.694  17.8331  194.184  15.69 
31.792  17.7785  191.484  15.8934 
31.89  17.7156  188.802  16.103 
31.988  17.657  186.135  16.3164 
32.086  17.6003  183.485  16.5346 
32.184  17.5376  180.851  16.7587 
32.282  17.4791  178.234  16.9876 
32.38  17.4161  175.632  17.2225 
32.478  17.3472  173.047  17.4638 
32.576  17.286  170.477  17.71 
32.674  17.219  167.924  17.963 
32.772  17.1534  165.386  18.222 
32.87  17.0856  162.864  18.4878 
32.968  17.0156  160.358  18.7606 
33.066  16.9491  157.867  19.0401 
33.164  16.8747  155.392  19.3275 
33.262  16.8037  152.933  19.6222 
33.36  16.7338  150.489  19.9245 
33.458  16.6582  148.061  20.2355 
33.556  16.5837  145.649  20.5547 
33.654  16.5123  143.251  20.8825 
33.752  16.4298  140.87  21.2203 
33.85  16.3536  138.504  21.5669 
33.948  16.275  136.153  21.9236 
34.046  16.1941  133.818  22.2907 
34.144  16.1192  131.498  22.6679 
34.242  16.0335  129.194  23.0569 
34.34  15.9507  126.905  23.4573 
34.438  15.8685  124.632  23.8696 
34.536  15.784  122.375  24.2946 
34.634  15.6941  120.133  24.7329 
34.732  15.6051  117.908  25.1848 
34.83  15.5185  115.698  25.6506 
34.928  15.4251  113.504  26.1316 
35.026  15.337  111.326  26.6276 
35.124  15.244  109.165  27.1401 
35.222  15.1534  107.02  27.6691 
35.32  15.0592  104.891  28.2158 
35.418  14.9675  102.779  28.7807 
35.516  14.8669  100.684  29.3653 
35.614  14.7718  98.6062  29.9694 
35.712  14.6751  96.5457  30.5945 
35.81  14.577  94.5027  31.2415 
35.908  14.4818  92.4777  31.911 
36.006  14.3815  90.4709  32.6046 
36.104  14.2805  88.4827  33.3231 
36.202  14.179  86.5135  34.0676 
36.3  14.0813  84.5636  34.8389 
36.398  13.9797  82.6336  35.6387 
36.496  13.8847  80.7239  36.4677 
36.594  13.7882  78.835  37.3275 
36.692  13.6893  76.9677  38.2194 
36.79  13.5922  75.1225  39.1445 
36.888  13.4918  73.3001  40.1043 
36.986  13.4004  71.5014  41.0995 
37.084  13.3036  69.7271  42.1322 
37.182  13.2151  67.9782  43.2027 
37.28  13.1323  66.2558  44.3125 
37.378  13.044  64.5609  45.4631 
37.476  12.9673  62.8946  46.6544 
37.574  12.9001  61.2584  47.8875 
37.672  12.83  59.6537  49.1632 
37.77  12.7731  58.0819  50.481 
37.868  12.7228  56.5447  51.8409 
37.966  12.6816  55.0441  53.242 
38.064  12.6557  53.5818  54.6827 
38.162  12.6451  52.1601  56.1612 
38.26  12.6432  50.7813  57.6745 
38.358  12.6647  49.4476  59.2184 
38.456  12.7074  48.1618  60.7881 
38.554  12.7738  46.9266  62.3771 
38.652  12.869  45.7449  63.9776 
38.75  12.9938  44.6198  65.5804 
38.848  13.1618  43.5544  67.1743 
38.946  13.3729  42.552  68.7468 
39.044  13.6334  41.6158  70.2837 
39.142  13.9528  40.7493  71.769 
39.24  14.3453  39.9557  73.1856 
39.338  14.8174  39.2382  74.5156 
39.436  15.3823  38.5997  75.7402 
39.534  16.0535  38.043  76.8411 
39.632  16.855  37.5704  77.8007 
39.73  17.8053  37.1839  78.6029 
39.828  18.9306  36.8849  79.2341 
39.926  20.2542  36.6744  79.6835 
40.024  21.8231  36.5527  79.9441 
40.122  23.6696  36.5193  80.0127 
40.22  25.8393  36.5734  79.8906 
40.318  28.3956  36.7135  79.5827 
40.416  31.3932  36.9373  79.0978 
40.514  34.8995  37.2422  78.448 
40.612  39.0133  37.6253  77.6478 
40.71  43.7849  38.083  76.7136 
40.808  49.3267  38.6116  75.6627 
40.906  55.7321  39.2073  74.513 
41.004  63.0148  39.8661  73.2821 
41.102  71.2616  40.584  71.9867 
41.2  80.4023  41.3569  70.6426 
41.298  90.4413  42.1809  69.2641 
41.396  101.099  43.0523  67.8642 
41.494  112.141  43.9674  66.4541 
41.592  123.126  44.9227  65.0436 
41.69  133.594  45.9149  63.6409 
41.788  142.971  46.941  62.253 
41.886  150.795  47.998  60.8856 
41.984  156.687  49.0833  59.5431 
42.082  160.477  50.1943  58.2292 
42.18  162.099  51.3287  56.9465 
42.278  161.712  52.4844  55.6969 
42.376  159.684  53.6594  54.4819 
42.474  156.292  54.8518  53.3022 
42.572  152.005  56.0601  52.1583 
42.67  147.026  57.2826  51.0502 
42.768  141.652  58.5179  49.9778 
42.866  136.157  59.7647  48.9404 
42.964  130.662  61.0219  47.9376 
43.062  125.351  62.2883  46.9685 
43.16  120.202  63.5628  46.0324 
43.258  115.289  64.8447  45.1281 
43.356  110.627  66.133  44.2549 
43.454  106.293  67.4269  43.4115 
43.552  102.226  68.7257  42.5971 
43.65  98.4401  70.0288  41.8105 
43.748  94.8908  71.3355  41.0507 
43.846  91.6061  72.6453  40.3168 
43.944  88.5565  73.9576  39.6076 
44.042  85.7199  75.2721  38.9222 
44.14  83.065  76.5881  38.2597 
44.238  80.5861  77.9054  37.6192 
44.336  78.3052  79.2235  36.9997 
44.434  76.1489  80.5421  36.4004 
44.532  74.1766  81.8608  35.8204 
44.63  72.3013  83.1795  35.2591 
44.728  70.5418  84.4977  34.7155 
44.826  68.901  85.8153  34.189 
44.924  67.3607  87.132  33.679 
45.022  65.9017  88.4476  33.1846 
45.12  64.5432  89.7619  32.7053 
45.218  63.2469  91.0746  32.2406 
45.316  62.051  92.3857  31.7896 
45.414  60.8862  93.6949  31.3521 
45.512  59.8219  95.0022  30.9273 
45.61  58.7886  96.3073  30.5149 
45.708  57.8249  97.6101  30.1143 
45.806  56.9081  98.9106  29.725 
45.904  56.0437  100.209  29.3466 
46.002  55.2118  101.504  28.9788 
46.1  54.4226  102.797  28.6211 
46.198  53.6718  104.087  28.273 
46.296  52.9575  105.374  27.9344 
46.394  52.2753  106.658  27.6048 
46.492  51.6061  107.939  27.2839 
46.59  50.9985  109.217  26.9712 
46.688  50.391  110.492  26.6667 
46.786  49.8219  111.763  26.37 
46.884  49.2764  113.032  26.0807 
46.982  48.7384  114.297  25.7987 
47.08  48.2432  115.559  25.5236 
47.178  47.7553  116.817  25.2553 
47.276  47.3104  118.072  24.9934 
47.374  46.8536  119.324  24.738 
47.472  46.4279  120.572  24.4885 
47.57  46.0141  121.816  24.2449 
47.668  45.6075  123.058  24.007 
47.766  45.2321  124.295  23.7745 
47.864  44.8684  125.529  23.5474 
47.962  44.493  126.759  23.3255 
48.06  44.1486  127.986  23.1085 
48.158  43.8352  129.209  22.8962 
48.256  43.51  130.428  22.6887 
48.354  43.1966  131.644  22.4857 
48.452  42.8832  132.856  22.2871 
48.55  42.5891  134.065  22.0927 
48.648  42.3141  135.269  21.9024 
48.746  42.051  136.47  21.716 
48.844  41.7687  137.668  21.5337 
48.942  41.5248  138.861  21.3549 
49.04  41.2616  140.051  21.1801 
49.138  41.0177  141.237  21.0086 
49.236  40.7857  142.42  20.8405 
49.334  40.5609  143.598  20.6758 
49.432  40.3408  144.773  20.5143 
49.53  40.1279  145.945  20.356 
49.628  39.915  147.112  20.2008 
49.726  39.7214  148.276  20.0484 
49.824  39.5204  149.436  19.8991 
49.922  39.3267  150.593  19.7525 
50.02  39.133  151.746  19.6088 
50.118  38.9512  152.895  19.4676 
50.216  38.7694  154.04  19.3292 
50.314  38.6068  155.182  19.193 
50.412  38.425  156.32  19.0596 
50.51  38.2624  157.454  18.9284 
50.608  38.0998  158.585  18.7996 
50.706  37.949  159.712  18.673 
50.804  37.7864  160.835  18.5489 
50.902  37.643  161.955  18.4266 
51  37.4922  163.071  18.3066 
51.098  37.3607  164.184  18.1885 
51.196  37.2099  165.293  18.0727 
51.294  37.0784  166.398  17.9586 
51.392  36.9468  167.5  17.8464 
51.49  36.8153  168.598  17.7362 
51.588  36.691  169.693  17.6277 
51.686  36.5595  170.784  17.5212 
51.784  36.4398  171.871  17.4162 
51.882  36.3156  172.955  17.3131 
51.98  36.1959  174.036  17.2115 
52.078  36.0835  175.113  17.1115 
52.176  35.9711  176.186  17.0132 
52.274  35.8706  177.256  16.9162 
52.372  35.7583  178.322  16.8209 
52.47  35.6578  179.385  16.727 
52.568  35.5454  180.445  16.6347 
52.666  35.4449  181.501  16.5437 
52.764  35.3444  182.553  16.4541 
52.862  35.2439  183.603  16.3659 
52.96  35.1507  184.648  16.2789 
53.058  35.0621  185.691  16.1931 
53.156  34.9689  186.73  16.1087 
53.254  34.8684  187.766  16.0258 
53.352  34.7871  188.798  15.9436 
53.45  34.7058  189.827  15.8627 
53.548  34.6245  190.852  15.783 
53.646  34.524  191.875  15.705 
53.744  34.4546  192.894  15.6272 
53.842  34.3733  193.91  15.5509 
53.94  34.292  194.922  15.4758 
54.038  34.2107  195.931  15.4017 
54.136  34.1294  196.937  15.3287 
54.234  34.0672  197.94  15.2562 
54.332  33.9859  198.939  15.1852 
54.43  33.9165  199.935  15.1149 
54.528  33.8352  200.928  15.0459 
54.626  33.7731  201.918  14.9774 
54.724  33.7036  202.905  14.9099 
54.822  33.6223  203.888  14.8439 
54.92  33.5602  204.869  14.778 
55.018  33.4908  205.846  14.7134 
55.116  33.4287  206.82  14.6493 
55.214  33.3784  207.791  14.5858 
55.312  33.309  208.759  14.5236 
55.41  33.2469  209.723  14.4621 
55.508  33.1847  210.685  14.4014 
55.606  33.1272  211.644  14.3414 
55.704  33.065  212.599  14.2823 
55.802  33.0029  213.552  14.2239 
55.9  32.9527  214.501  14.1659 
55.998  32.8832  215.448  14.1095 
56.096  32.8403  216.391  14.0526 
56.194  32.7827  217.332  13.997 
56.292  32.7206  218.27  13.9424 
56.39  32.6704  219.204  13.8879 
56.488  32.6201  220.136  13.8342 
56.586  32.5699  221.065  13.7811 
56.684  32.527  221.99  13.7284 
56.782  32.4767  222.913  13.6767 
56.88  32.4265  223.833  13.6255 
56.978  32.3762  224.75  13.575 
57.076  32.326  225.664  13.5251 
57.174  32.2757  226.576  13.4758 
57.272  32.2255  227.484  13.4271 
57.37  32.1825  228.39  13.3786 
57.468  32.1323  229.293  13.3311 
57.566  32.0939  230.193  13.2836 
57.664  32.051  231.09  13.2369 
57.762  32.0007  231.985  13.1911 
57.86  31.9697  232.876  13.145 
57.958  31.9194  233.765  13.1001 
58.056  31.881  234.651  13.0554 
58.154  31.8381  235.535  13.0113 
58.252  31.7879  236.415  12.9681 
58.35  31.7568  237.293  12.9245 
58.448  31.7066  238.169  12.8823 
58.546  31.6755  239.041  12.8396 
58.644  31.6371  239.911  12.7978 
58.742  31.5942  240.778  12.7566 
58.84  31.5558  241.643  12.7157 
58.938  31.5248  242.505  12.675 
59.036  31.4745  243.364  12.6357 
59.134  31.4435  244.221  12.5956 
59.232  31.4124  245.075  12.5561 
59.33  31.374  245.926  12.5175 
59.428  31.343  246.775  12.4789 
59.526  31.3119  247.621  12.4407 
59.624  31.2616  248.465  12.4039 
59.722  31.2306  249.306  12.3664 
59.82  31.1995  250.145  12.3294 
59.918  31.1611  250.981  12.2932 
60.016  31.1301  251.814  12.257 
60.114  31.099  252.645  12.2211 
60.212  31.068  253.474  12.1856 
60.31  31.0369  254.3  12.1505 
60.408  30.9985  255.123  12.1163 
60.506  30.9793  255.944  12.0811 
60.604  30.9483  256.763  12.047 
60.702  30.9172  257.579  12.0134 
60.8  30.8862  258.393  11.98 
60.898  30.8551  259.204  11.947 
60.996  30.8241  260.013  11.9144 
61.094  30.8049  260.819  11.8815 
61.192  30.7665  261.624  11.8498 
61.29  30.7354  262.425  11.8181 
61.388  30.7044  263.224  11.7868 
61.486  30.6852  264.021  11.755 
61.584  30.6541  264.816  11.7242 
61.682  30.6231  265.608  11.6939 
61.78  30.6039  266.398  11.663 
61.878  30.5728  267.186  11.6331 
61.976  30.5418  267.971  11.6037 
62.074  30.5226  268.754  11.5736 
62.172  30.4915  269.534  11.5447 
62.27  30.4723  270.313  11.5153 
62.368  30.4413  271.089  11.4869 
62.466  30.4221  271.863  11.458 
62.564  30.391  272.634  11.4302 
62.662  30.3599  273.403  11.4029 
62.76  30.3408  274.17  11.3746 
62.858  30.3289  274.935  11.3464 
62.956  30.2978  275.698  11.3195 
63.054  30.2668  276.458  11.2931 
63.152  30.2476  277.216  11.2659 
63.25  30.2284  277.972  11.2391 
63.348  30.1973  278.726  11.2135 
63.446  30.1781  279.478  11.1871 
63.544  30.1663  280.227  11.1606 
63.642  30.1352  280.975  11.1354 
63.74  30.116  281.72  11.1098 
63.838  30.085  282.463  11.0854 
63.936  30.0658  283.204  11.0602 
64.034  30.0466  283.942  11.0352 
64.132  30.0347  284.679  11.0101 
64.23  30.0037  285.414  10.9863 
64.328  29.9847  286.146  10.962 
64.426  29.9665  286.876  10.9378 
64.524  29.9364  287.605  10.915 
64.622  29.9305  288.331  10.8903 
64.72  29.9003  289.055  10.8676 
64.818  29.8814  289.777  10.8443 
64.916  29.8608  290.497  10.8214 
65.014  29.8454  291.215  10.7982 
65.112  29.8272  291.931  10.7755 
65.21  29.8033  292.645  10.7535 
65.308  29.783  293.357  10.7313 
65.406  29.7725  294.067  10.7087 
65.504  29.7448  294.775  10.6874 
65.602  29.7262  295.481  10.6657 
65.7  29.7147  296.185  10.6436 
65.798  29.6887  296.887  10.6229 
65.896  29.6781  297.587  10.601 
65.994  29.6591  298.285  10.58 
66.092  29.6405  298.982  10.5592 
66.19  29.6148  299.676  10.5393 
66.288  29.6012  300.368  10.5183 
66.386  29.5804  301.059  10.4983 
66.484  29.57  301.747  10.4773 
66.582  29.5426  302.434  10.4585 
66.68  29.5407  303.118  10.437 
66.778  29.5165  303.801  10.4177 
66.876  29.5066  304.482  10.3976 
66.974  29.4849  305.161  10.3785 
67.072  29.468  305.838  10.3592 
67.17  29.4534  306.514  10.3399 
67.268  29.425  307.187  10.3224 
67.366  29.4242  307.859  10.3017 
67.464  29.4095  308.529  10.2829 
67.562  29.3819  309.197  10.2654 
67.66  29.368  309.863  10.2467 
67.758  29.3529  310.527  10.2283 
67.856  29.3325  311.19  10.2108 
67.954  29.3284  311.85  10.1913 
68.052  29.3082  312.509  10.1739 
68.15  29.2971  313.166  10.1556 
68.248  29.287  313.822  10.1376 
68.346  29.2595  314.475  10.1214 
68.444  29.2527  315.127  10.103 
68.542  29.2406  315.777  10.0855 
68.64  29.2178  316.426  10.0692 
68.738  29.2085  317.072  10.0515 
68.836  29.1943  317.717  10.0345 
68.934  29.1753  318.36  10.0183 
69.032  29.1689  319.001  10.0008 
69.13  29.1524  319.641  9.9844 
69.228  29.1312  320.279  9.96894 
69.326  29.1221  320.915  9.95189 
69.424  29.1082  321.55  9.93569 
69.522  29.1055  322.183  9.91871 
69.62  29.0855  322.814  9.90307 
69.718  29.0611  323.443  9.88882 
69.816  29.0478  324.071  9.87306 
69.914  29.0375  324.697  9.85682 
70.012  29.03  325.322  9.84039 
70.11  29.0253  325.945  9.82426 
70.208  29.0045  326.566  9.80951 
70.306  28.9867  327.186  9.79501 
70.404  28.9717  327.804  9.78031 
70.502  28.9663  328.42  9.76407 
70.6  28.9564  329.035  9.74881 
70.698  28.949  329.648  9.73359 
70.796  28.9267  330.259  9.71984 
70.894  28.9135  330.869  9.70535 
70.992  28.9026  331.478  9.69057 
71.09  28.8877  332.084  9.67661 
71.188  28.8814  332.689  9.66134 
71.286  28.8709  333.293  9.6469 
71.384  28.8588  333.895  9.63275 
71.482  28.8426  334.495  9.6193 
71.58  28.8384  335.094  9.60436 
71.678  28.8264  335.692  9.59049 
71.776  28.8068  336.288  9.57778 
71.874  28.793  336.882  9.56455 
71.972  28.7869  337.474  9.54995 
72.07  28.7733  338.066  9.5368 
72.168  28.7708  338.655  9.52219 
72.266  28.7551  339.244  9.5093 
72.364  28.7469  339.83  9.49566 
72.462  28.7348  340.415  9.48257 
72.56  28.7245  340.999  9.46938 
72.658  28.7159  341.581  9.45613 
72.756  28.7001  342.162  9.44376 
72.854  28.686  342.741  9.43146 
72.952  28.6821  343.319  9.41764 
73.05  28.6712  343.895  9.40497 
73.148  28.6618  344.47  9.39221 
73.246  28.6487  345.043  9.37997 
73.344  28.634  345.615  9.36822 
73.442  28.6373  346.185  9.35434 
73.54  28.6204  346.754  9.34244 
73.638  28.6049  347.322  9.33095 
73.736  28.6041  347.888  9.31767 
73.834  28.5914  348.453  9.30576 
73.932  28.5802  349.016  9.29386 
74.03  28.5623  349.578  9.28323 
74.128  28.5538  350.138  9.27109 
74.226  28.5465  350.697  9.25881 
74.324  28.5404  351.255  9.24653 
74.422  28.5278  351.811  9.23529 
74.52  28.5241  352.366  9.22293 
74.618  28.5093  352.919  9.21206 
74.716  28.5003  353.472  9.20051 
74.814  28.4879  354.022  9.18966 
74.912  28.4813  354.572  9.17784 
75.01  28.4712  355.12  9.16672 
75.108  28.4667  355.666  9.15484 
75.206  28.4515  356.212  9.14464 
75.304  28.4446  356.755  9.13316 
75.402  28.4316  357.298  9.12293 
75.5  28.4313  357.839  9.11058 
75.598  28.4275  358.379  9.09938 
75.696  28.4176  358.918  9.08859 
75.794  28.3973  359.455  9.07929 
75.892  28.3894  359.991  9.06841 
75.99  28.3825  360.526  9.05745 
76.088  28.3766  361.059  9.04647 
76.186  28.3715  361.591  9.03558 
76.284  28.3563  362.122  9.026 
76.382  28.3531  362.651  9.01487 
76.48  28.3397  363.179  9.00522 
76.578  28.3382  363.706  8.99408 
76.676  28.32  364.232  8.98533 
76.774  28.3202  364.756  8.97382 
76.872  28.3104  365.279  8.96388 
76.97  28.3015  365.801  8.95392 
77.068  28.2869  366.321  8.9451 
77.166  28.2797  366.84  8.93497 
77.264  28.2667  367.358  8.92634 
77.362  28.2716  367.875  8.91402 
77.46  28.2563  368.39  8.90536 
77.558  28.2562  368.905  8.89449 
77.656  28.2425  369.418  8.8856 
77.754  28.2336  369.929  8.8762 
77.852  28.2317  370.44  8.86575 
77.95  28.2242  370.949  8.85621 
78.048  28.2074  371.457  8.84835 
78.146  28.2076  371.964  8.8375 
78.244  28.1923  372.47  8.82957 
78.342  28.1877  372.974  8.8196 
78.44  28.1738  373.478  8.81195 
78.538  28.1767  373.98  8.80048 
78.636  28.1643  374.481  8.79221 
78.734  28.1623  374.98  8.78216 
78.832  28.1512  375.479  8.7737 
78.93  28.1408  375.976  8.76536 
79.028  28.1311  376.472  8.75705 
79.126  28.1376  376.967  8.74582 
79.224  28.1232  377.461  8.73778 
79.322  28.1154  377.954  8.72909 
79.42  28.1081  378.445  8.72033 
79.518  28.1015  378.935  8.71152 
79.616  28.0955  379.425  8.70266 
79.714  28.0901  379.913  8.69379 
79.812  28.0852  380.4  8.68494 
79.91  28.0716  380.885  8.67747 
80.008  28.0679  381.37  8.66836 
80.106  28.059  381.853  8.66027 
80.204  28.0564  382.336  8.65117 
80.302  28.0451  382.817  8.64355 
80.4  28.0436  383.297  8.63439 
80.498  28.0369  383.776  8.6261 
80.596  28.0273  384.254  8.61827 
80.694  28.0126  384.731  8.61199 
80.792  28.0131  385.206  8.60207 
80.89  28.0051  385.681  8.59423 
80.988  28.0011  386.154  8.58569 
81.086  27.9941  386.627  8.57774 
81.184  27.9821  387.098  8.57099 
81.282  27.9761  387.568  8.56291 
81.38  27.974  388.037  8.55401 
81.478  27.969  388.506  8.5459 
81.576  27.959  388.973  8.53879 
81.674  27.9495  389.438  8.53182 
81.772  27.946  389.903  8.52335 
81.87  27.9374  390.367  8.51624 
81.968  27.9294  390.83  8.50912 
82.066  27.9271  391.291  8.50036 
82.164  27.92  391.752  8.49301 
82.262  27.9133  392.212  8.4856 
82.36  27.9123  392.67  8.47689 
82.458  27.9065  393.128  8.46935 
82.556  27.9011  393.584  8.46178 
82.654  27.8876  394.039  8.45615 
82.752  27.8831  394.494  8.44834 
82.85  27.8842  394.947  8.43947 
82.948  27.8721  395.399  8.43346 
83.046  27.8687  395.851  8.42555 
83.144  27.8658  396.301  8.41774 
83.242  27.8549  396.75  8.41162 
83.34  27.8528  397.199  8.40361 
83.438  27.8427  397.646  8.39748 
83.536  27.8414  398.092  8.38935 
83.634  27.8321  398.537  8.38309 
83.732  27.8315  398.982  8.37497 
83.83  27.823  399.425  8.36851 
83.928  27.8149  399.867  8.36214 
84.026  27.8154  400.308  8.35393 
84.124  27.808  400.749  8.34732 
84.222  27.796  401.188  8.34206 
84.32  27.7894  401.626  8.33558 
84.418  27.7913  402.064  8.32683 
84.516  27.7854  402.5  8.32014 
84.614  27.7798  402.936  8.31341 
84.712  27.7826  403.37  8.30572 
84.81  27.7648  403.804  8.30104 
84.908  27.7603  404.236  8.29415 
85.006  27.7641  404.668  8.2859 
85.104  27.7474  405.098  8.2816 
85.202  27.7439  405.528  8.27451 
85.3  27.7407  405.957  8.26743 
85.398  27.7457  406.385  8.25955 
85.496  27.7304  406.811  8.25442 
85.594  27.7282  407.237  8.24736 
85.692  27.7136  407.662  8.24355 
85.79  27.7198  408.086  8.23426 
85.888  27.7059  408.51  8.22993 
85.986  27.7049  408.932  8.22247 
86.084  27.7041  409.353  8.21533 
86.182  27.6912  409.773  8.21088 
86.28  27.6987  410.193  8.20237 
86.378  27.6864  410.611  8.19706 
86.476  27.6868  411.029  8.1901 
86.574  27.6751  411.446  8.18501 
86.672  27.6761  411.862  8.17788 
86.77  27.665  412.277  8.17284 
86.868  27.6542  412.691  8.16856 
86.966  27.656  413.104  8.16054 
87.064  27.6534  413.516  8.15407 
87.162  27.6557  413.927  8.14738 
87.26  27.6461  414.338  8.14176 
87.358  27.6367  414.748  8.13662 
87.456  27.6277  415.156  8.13188 
87.554  27.631  415.564  8.12411 
87.652  27.6225  415.971  8.11895 
87.75  27.6142  416.377  8.11406 
87.848  27.6183  416.782  8.10641 
87.946  27.6106  417.187  8.10107 
88.044  27.6031  417.59  8.0959 
88.142  27.596  417.993  8.09086 
88.24  27.589  418.395  8.08592 
88.338  27.5943  418.796  8.07782 
88.436  27.5878  419.196  8.07244 
88.534  27.5817  419.595  8.06712 
88.632  27.5757  419.993  8.06183 
88.73  27.5701  420.391  8.05654 
88.828  27.5764  420.787  8.04934 
88.926  27.5712  421.183  8.04382 
89.024  27.559  421.578  8.03934 
89.122  27.5542  421.972  8.03391 
89.22  27.5497  422.366  8.02846 
89.318  27.5455  422.758  8.02298 
89.416  27.5414  423.15  8.01747 
89.514  27.5376  423.541  8.01195 
89.612  27.534  423.931  8.00642 
89.71  27.5306  424.32  8.00088 
89.808  27.5203  424.709  7.99701 
89.906  27.5174  425.096  7.99129 
90.004  27.5147  425.483  7.98559 
90.102  27.5122  425.869  7.97992 
90.2  27.5099  426.254  7.97431 
90.298  27.5078  426.639  7.96879 
90.396  27.4988  427.022  7.96439 
90.494  27.4972  427.405  7.95872 
90.592  27.4957  427.787  7.95319 
90.69  27.483  428.168  7.9498 
90.788  27.4749  428.549  7.94609 
90.886  27.4741  428.928  7.93981 
90.984  27.4734  429.307  7.93376 
91.082  27.4729  429.685  7.92797 
91.18  27.4726  430.062  7.92251 
91.278  27.4655  430.439  7.91781 
91.376  27.4544  430.815  7.91445 
91.474  27.4546  431.189  7.90834 
91.572  27.4482  431.564  7.90399 
91.67  27.4488  431.937  7.89805 
91.768  27.4384  432.31  7.89467 
91.866  27.4394  432.682  7.8885 
91.964  27.4337  433.053  7.88401 
92.062  27.4351  433.423  7.87822 
92.16  27.4255  433.793  7.87442 
92.258  27.4203  434.161  7.86995 
92.356  27.4222  434.53  7.86391 
92.454  27.4132  434.897  7.86021 
92.552  27.4086  435.264  7.85566 
92.65  27.411  435.629  7.84958 
92.748  27.3957  435.994  7.84809 
92.846  27.3984  436.359  7.84115 
92.944  27.3904  436.722  7.83783 
93.042  27.3866  437.085  7.83316 
93.14  27.3898  437.448  7.82652 
93.238  27.3755  437.809  7.82541 
93.336  27.379  438.17  7.81809 
93.434  27.3718  438.53  7.81465 
93.532  27.3689  438.889  7.80978 
93.63  27.3729  439.247  7.80325 
93.728  27.3662  439.605  7.79932 
93.826  27.3638  439.962  7.79452 
93.924  27.3574  440.319  7.79068 
94.022  27.3553  440.674  7.7858 
94.12  27.3493  441.029  7.78199 
94.218  27.3475  441.383  7.77703 
94.316  27.3417  441.737  7.77321 
94.414  27.3403  442.09  7.76819 
94.512  27.3348  442.442  7.76432 
94.61  27.3337  442.793  7.75927 
94.708  27.3286  443.144  7.75533 
94.806  27.3342  443.494  7.7494 
94.904  27.3229  443.843  7.74628 
95.002  27.3117  444.192  7.74475 
95.1  27.3178  444.54  7.73722 
95.198  27.3069  444.887  7.73524 
95.296  27.3132  445.234  7.72823 
95.394  27.3027  445.579  7.72573 
95.492  27.2987  445.925  7.72166 
95.59  27.299  446.269  7.71632 
95.688  27.2954  446.613  7.71218 
95.786  27.2959  446.956  7.70715 
95.884  27.2925  447.299  7.70297 
95.982  27.2828  447.64  7.70037 
96.08  27.2902  447.982  7.69421 
96.178  27.2808  448.322  7.69084 
96.276  27.2716  448.662  7.68844 
96.374  27.2689  449.001  7.68411 
96.472  27.2703  449.339  7.67866 
96.57  27.2679  449.677  7.67441 
96.668  27.2593  450.014  7.67184 
96.766  27.2507  450.351  7.67004 
96.864  27.259  450.687  7.66212 
96.962  27.2508  451.022  7.65936 
97.06  27.249  451.356  7.65493 
97.158  27.241  451.69  7.6526 
97.256  27.2434  452.023  7.64676 
97.354  27.242  452.356  7.64239 
97.452  27.2344  452.688  7.63964 
97.55  27.227  453.019  7.6374 
97.648  27.226  453.35  7.6326 
97.746  27.229  453.68  7.62681 
97.844  27.2219  454.009  7.62403 
97.942  27.2212  454.338  7.61943 
98.04  27.2144  454.666  7.61676 
98.138  27.2077  454.994  7.61445 
98.236  27.2074  455.32  7.60942 
98.334  27.211  455.647  7.60359 
98.432  27.211  455.972  7.5993 
98.53  27.2047  456.297  7.59604 
98.628  27.1986  456.622  7.59306 
98.726  27.1926  456.945  7.59031 
98.824  27.193  457.268  7.58543 
98.922  27.1873  457.591  7.5826 
99.02  27.1816  457.913  7.57995 
99.118  27.1923  458.234  7.57285 
99.216  27.1769  458.555  7.57203 
99.314  27.1816  458.875  7.56605 
99.412  27.1765  459.194  7.56287 
99.51  27.1776  459.513  7.55842 
99.608  27.1726  459.831  7.55512 
99.706  27.1678  460.149  7.55192 
99.804  27.163  460.466  7.54882 
99.902  27.1645  460.782  7.54414 
100  27.16  461.098  7.54088 
