2 23.1795 1.19425 22539.2 0.000205364
2.24561 23.1682 3.5128 19945.6 0.000205364
2.49123 23.1469 4.39389 17863.3 0.000205364
2.73684 23.1341 2.96709 16154.8 0.000205364
2.98246 23.1262 2.44289 14727.7 0.000205364
3.22807 23.112 2.23146 13517.8 0.000205364
3.47368 23.0879 4.76443 12479 0.000205364
3.7193 23.0777 1.54642 11577.4 0.000205364
3.96491 23.0612 2.50208 10787.5 0.000205364
4.21053 23.0495 0.602813 10089.7 0.000205364
4.45614 23.0314 2.07212 9468.86 0.000205364
4.70175 23.0181 1.00602 8912.88 0.000205364
4.94737 23.0073 1.46544 8412.11 0.000205364
5.19298 22.9923 1.69795 7958.71 0.000205364
5.4386 22.9709 0.927723 7546.26 0.000205364
5.68421 22.9542 1.1257 7169.45 0.000205364
5.92982 22.9366 1.55073 6823.86 0.000205364
6.17544 22.9215 1.0324 6505.76 0.000205364
6.42105 22.9021 1.86374 6212 0.000205364
6.66667 22.8906 0.633302 5939.88 0.000205364
6.91228 22.8694 1.34314 5687.1 0.000205364
7.15789 22.8559 0.678039 5451.67 0.000205364
7.40351 22.8414 1.26298 5231.86 0.000205364
7.64912 22.8259 1.85568 5026.16 0.000205364
7.89474 22.7955 1.94326 4833.27 0.000205364
8.14035 22.7833 0.788233 4652.01 0.000205364
8.38596 22.7648 0.81684 4481.38 0.000205364
8.63158 22.7452 0.876496 4320.45 0.000205364
8.87719 22.7245 1.06153 4168.43 0.000205364
9.12281 22.7112 1.24162 4024.6 0.000205364
9.36842 22.6883 0.943911 3888.31 0.000205364
9.61404 22.6694 1.02619 3758.98 0.000205364
9.85965 22.6442 1.24456 3636.09 0.000205364
10.1053 22.6263 1.05535 3519.18 0.000205364
10.3509 22.6039 1.1808 3407.82 0.000205364
10.5965 22.5834 1.15976 3301.62 0.000205364
10.8421 22.5668 1.27956 3200.23 0.000205364
11.0877 22.5438 1.22427 3103.34 0.000205364
11.3333 22.5164 1.36523 3010.64 0.000205364
11.5789 22.4959 1.28261 2921.88 0.000205364
11.8246 22.4689 1.61849 2836.8 0.000205364
12.0702 22.4538 1.37046 2755.19 0.000205364
12.3158 22.429 1.37197 2676.83 0.000205364
12.5614 22.4029 1.42381 2601.54 0.000205364
12.807 22.3833 1.51985 2529.14 0.000205364
13.0526 22.3542 1.50055 2459.46 0.000205364
13.2982 22.3316 1.53334 2392.35 0.000205364
13.5439 22.3073 1.59602 2327.68 0.000205364
13.7895 22.2737 1.80255 2265.31 0.000205364
14.0351 22.2511 1.68493 2205.13 0.000205364
14.2807 22.2298 1.74817 2147.02 0.000205364
14.5263 22.2038 1.82456 2090.87 0.000205364
14.7719 22.1713 1.79804 2036.59 0.000205364
15.0175 22.1418 1.8648 1984.08 0.000205364
15.2632 22.1135 1.91 1933.27 0.000205364
15.5088 22.088 1.9445 1884.06 0.000205364
15.7544 22.0606 2.02215 1836.39 0.000205364
16 22.0312 2.08316 1790.19 0.000205364
16.2456 21.9999 2.11703 1745.38 0.000205364
16.4912 21.9666 2.1484 1701.9 0.000205364
16.7368 21.9312 2.22807 1659.7 0.000205364
16.9825 21.9057 2.28301 1618.73 0.000205364
17.2281 21.8661 2.34141 1578.92 0.000205364
17.4737 21.8317 2.41591 1540.23 0.000205364
17.7193 21.7995 2.44858 1502.61 0.000205364
17.9649 21.7722 2.52433 1466.03 0.000205364
18.2105 21.7308 2.56096 1430.43 0.000205364
18.4561 21.6915 2.66094 1395.77 0.000205364
18.7018 21.6569 2.70004 1362.03 0.000205364
18.9474 21.624 2.75111 1329.17 0.000205364
19.193 21.5842 2.8188 1297.14 0.000205364
19.4386 21.5486 2.89332 1265.93 0.000205364
19.6842 21.5076 2.95917 1235.49 0.000205364
19.9298 21.4665 3.03124 1205.81 0.000205364
20.1754 21.4267 3.10764 1176.84 0.000205364
20.4211 21.384 3.1826 1148.58 0.000205364
20.6667 21.3383 3.26502 1120.98 0.000205364
20.9123 21.2961 3.3413 1094.04 0.000205364
21.1579 21.2507 3.42469 1067.72 0.000205364
21.4035 21.2062 3.5078 1042.01 0.000205364
21.6491 21.1583 3.59615 1016.88 0.000205364
21.8947 21.1134 3.68413 992.312 0.000205364
22.1404 21.0649 3.77576 968.292 0.000205364
22.386 21.0128 3.86918 944.799 0.000205364
22.6316 20.9633 3.96516 921.817 0.000205364
22.8772 20.9138 4.06829 899.329 0.000205364
23.1228 20.8564 4.16674 877.319 0.000205364
23.3684 20.7989 4.27811 855.772 0.000205364
23.614 20.7471 4.37906 834.674 0.000205364
23.8596 20.6872 4.49323 814.011 0.000205364
24.1053 20.6386 4.62144 793.769 0.000205364
24.3509 20.5793 4.74148 773.937 0.000205364
24.5965 20.5057 4.85014 754.501 0.000205364
24.8421 20.4464 4.97 735.45 0.000205364
25.0877 20.3784 5.10372 716.773 0.000205364
25.3333 20.3089 5.24629 698.459 0.000205364
25.5789 20.2546 5.38038 680.497 0.000205364
25.8246 20.1798 5.51436 662.878 0.000205364
26.0702 20.1084 5.66215 645.591 0.000205364
26.3158 20.0312 5.81513 628.628 0.000205364
26.5614 19.9534 5.97563 611.98 0.000205364
26.807 19.878 6.13695 595.637 0.000205364
27.0526 19.7961 6.30846 579.593 0.000205364
27.2982 19.716 6.48287 563.838 0.000205364
27.5439 19.6341 6.6656 548.365 0.000205364
27.7895 19.545 6.85553 533.166 0.000205364
28.0351 19.4566 7.05296 518.235 0.000205364
28.2807 19.3605 7.25956 503.565 0.000205364
28.5263 19.2693 7.47242 489.148 0.000205364
28.7719 19.1697 7.69525 474.979 0.000205364
29.0175 19.0693 7.92774 461.052 0.000205364
29.2632 18.9646 8.17038 447.359 0.000205364
29.5088 18.8582 8.42427 433.896 0.000205364
29.7544 18.7421 8.6893 420.657 0.000205364
30 18.6279 8.96656 407.637 0.000205364
30.2456 18.5103 9.25742 394.83 0.000205364
30.4912 18.3862 9.5625 382.231 0.000205364
30.7368 18.2577 9.88298 369.836 0.000205364
30.9825 18.1243 10.22 357.64 0.000205364
31.2281 17.9895 10.5751 345.638 0.000205364
31.4737 17.8458 10.9491 333.826 0.000205364
31.7193 17.6952 11.3443 322.199 0.000205364
31.9649 17.5472 11.7626 310.755 0.000205364
32.2105 17.3845 12.2045 299.488 0.000205364
32.4561 17.2165 12.6739 288.395 0.000205364
32.7018 17.0444 13.1727 277.473 0.000205364
32.9474 16.8592 13.7044 266.718 0.000205364
33.193 16.675 14.2706 256.127 0.000205364
33.4386 16.4832 14.8767 245.697 0.000205364
33.6842 16.2724 15.5257 235.424 0.000205364
33.9298 16.0637 16.2228 225.306 0.000205364
34.1754 15.837 16.9735 215.341 0.000205364
34.4211 15.6061 17.7842 205.525 0.000205364
34.6667 15.3597 18.662 195.857 0.000205364
34.9123 15.1014 19.6156 186.335 0.000205364
35.1579 14.8338 20.6553 176.957 0.000205364
35.4035 14.5494 21.7927 167.721 0.000205364
35.6491 14.2522 23.0422 158.626 0.000205364
35.8947 13.9429 24.4207 149.672 0.000205364
36.1404 13.6098 25.9487 140.858 0.000205364
36.386 13.2648 27.6512 132.186 0.000205364
36.6316 12.9024 29.5587 123.655 0.000205364
36.8772 12.5211 31.7092 115.269 0.000205364
37.1228 12.12 34.15 107.03 0.000205364
37.3684 11.7015 36.9406 98.945 0.000205364
37.614 11.2562 40.1566 91.0207 0.000205364
37.8596 10.8007 43.895 83.2687 0.000205364
38.1053 10.3286 48.2806 75.705 0.000205364
38.3509 9.84701 53.4738 68.3528 0.000205364
38.5965 9.36687 59.6784 61.2463 0.000205364
38.8421 8.91214 67.1444 54.4361 0.000205364
39.0877 8.51328 76.15 47.9984 0.000205364
39.3333 8.24856 86.9228 42.0497 0.000205364
39.5789 8.25974 99.4109 36.7674 0.000205364
39.8246 8.88101 112.768 32.4123 0.000205364
40.0702 11.0153 124.623 29.329 0.000205364
40.3158 18.1026 131.144 27.8708 0.000205364
40.5614 63.5913 129.511 28.2221 0.000205364
40.807 5.06027e+15 121.501 30.2592 0.000205364
41.0526 inf 112.97 33.6246 0.000205364
41.2982 inf 104.612 37.9214 0.000205364
41.5439 2.88232e+16 96.4383 42.8318 0.000205364
41.7895 inf 88.4691 48.1353 0.000205364
42.0351 inf 80.7299 53.6868 0.000205364
42.2807 inf 73.2566 59.392 0.000205364
42.5263 inf 66.0999 65.1883 0.000205364
42.7719 inf 59.332 71.034 0.000205364
43.0175 inf 53.0559 76.9005 0.000205364
43.2632 inf 47.4173 82.7677 0.000205364
43.5088 inf 42.6163 88.6213 0.000205364
43.7544 inf 38.9072 94.4512 0.000205364
44 1083.64 36.4597 100.25 0.000205364
44.2456 329.684 34.478 106.012 0.000205364
44.4912 202.542 32.7125 111.733 0.000205364
44.7368 150.067 31.1307 117.411 0.000205364
44.9825 121.493 29.7058 123.043 0.000205364
45.2281 103.466 28.4161 128.627 0.000205364
45.4737 91.1325 27.2437 134.163 0.000205364
45.7193 82.1349 26.1734 139.649 0.000205364
45.9649 75.2757 25.1926 145.085 0.000205364
46.2105 69.8833 24.2908 150.472 0.000205364
46.4561 65.5573 23.4589 155.808 0.000205364
46.7018 61.9697 22.6892 161.094 0.000205364
46.9474 58.9742 21.975 166.329 0.000205364
47.193 56.4306 21.3105 171.515 0.000205364
47.4386 54.2477 20.6909 176.652 0.000205364
47.6842 52.3431 20.1117 181.739 0.000205364
47.9298 50.6733 19.5692 186.778 0.000205364
48.1754 49.1951 19.0599 191.768 0.000205364
48.4211 47.8869 18.5811 196.71 0.000205364
48.6667 46.7221 18.1299 201.605 0.000205364
48.9123 45.6578 17.7042 206.453 0.000205364
49.1579 44.7058 17.3018 211.254 0.000205364
49.4035 43.8352 16.9209 216.01 0.000205364
49.6491 43.034 16.5598 220.721 0.000205364
49.8947 42.2949 16.217 225.386 0.000205364
50.1404 41.6253 15.8911 230.008 0.000205364
50.386 40.9985 15.581 234.586 0.000205364
50.6316 40.4294 15.2855 239.12 0.000205364
50.8772 39.884 15.0038 243.612 0.000205364
51.1228 39.3961 14.7346 248.062 0.000205364
51.3684 38.932 14.4773 252.47 0.000205364
51.614 38.4944 14.2311 256.838 0.000205364
51.8596 38.0806 13.9954 261.164 0.000205364
52.1053 37.7051 13.7693 265.451 0.000205364
52.3509 37.3415 13.5525 269.698 0.000205364
52.5965 37.0044 13.3443 273.907 0.000205364
52.8421 36.691 13.1442 278.077 0.000205364
53.0877 36.3777 12.9517 282.209 0.000205364
53.3333 36.0954 12.7665 286.303 0.000205364
53.5789 35.8204 12.5881 290.361 0.000205364
53.8246 35.5573 12.4162 294.382 0.000205364
54.0702 35.3134 12.2503 298.367 0.000205364
54.3158 35.0813 12.0903 302.316 0.000205364
54.5614 34.8566 11.9357 306.23 0.000205364
54.807 34.6437 11.7864 310.11 0.000205364
55.0526 34.4427 11.6421 313.955 0.000205364
55.2982 34.2417 11.5024 317.767 0.000205364
55.5439 34.0481 11.3675 321.545 0.000205364
55.7895 33.8854 11.2366 325.29 0.000205364
56.0351 33.7036 11.1096 329.003 0.000205364
56.2807 33.541 10.9867 332.683 0.000205364
56.5263 33.3784 10.8675 336.332 0.000205364
56.7719 33.2277 10.7518 339.95 0.000205364
57.0175 33.0842 10.6396 343.537 0.000205364
57.2632 32.9335 10.5309 347.093 0.000205364
57.5088 32.8019 10.4247 350.619 0.000205364
57.7544 32.6704 10.3218 354.115 0.000205364
58 32.558 10.2221 357.582 0.000205364
58.2456 32.4265 10.1243 361.02 0.000205364
58.4912 32.3141 10.0298 364.429 0.000205364
58.7368 32.1944 9.93742 367.81 0.000205364
58.9825 32.082 9.84768 371.163 0.000205364
59.2281 31.9815 9.76032 374.488 0.000205364
59.4737 31.8692 9.67517 377.786 0.000205364
59.7193 31.7687 9.59216 381.057 0.000205364
59.9649 31.6755 9.51101 384.301 0.000205364
60.2105 31.5869 9.43212 387.519 0.000205364
60.4561 31.4937 9.35498 390.711 0.000205364
60.7018 31.4124 9.2804 393.877 0.000205364
60.9474 31.3119 9.20657 397.018 0.000205364
61.193 31.2306 9.13474 400.134 0.000205364
61.4386 31.1493 9.06473 403.224 0.000205364
61.6842 31.068 8.99651 406.291 0.000205364
61.9298 30.9985 8.92938 409.333 0.000205364
62.1754 30.9172 8.86424 412.351 0.000205364
62.4211 30.8551 8.80037 415.346 0.000205364
62.6667 30.7738 8.73785 418.317 0.000205364
62.9123 30.7044 8.67677 421.266 0.000205364
63.1579 30.6423 8.6166 424.191 0.000205364
63.4035 30.5728 8.55828 427.094 0.000205364
63.6491 30.5107 8.50081 429.974 0.000205364
63.8947 30.4604 8.44547 432.832 0.000205364
64.1404 30.391 8.38958 435.669 0.000205364
64.386 30.3289 8.33583 438.484 0.000205364
64.6316 30.2786 8.28323 441.278 0.000205364
64.8772 30.2165 8.23125 444.05 0.000205364
65.1228 30.1663 8.18074 446.802 0.000205364
65.3684 30.116 8.13159 449.533 0.000205364
65.614 30.0466 8.08335 452.244 0.000205364
65.8596 30.0037 8.03432 454.934 0.000205364
66.1053 29.9611 7.98809 457.605 0.000205364
66.3509 29.9127 7.94227 460.256 0.000205364
66.5965 29.8599 7.89639 462.887 0.000205364
66.8421 29.8048 7.85239 465.499 0.000205364
67.0877 29.7613 7.80857 468.092 0.000205364
67.3333 29.7209 7.76582 470.667 0.000205364
67.5789 29.6767 7.72388 473.222 0.000205364
67.8246 29.6355 7.6829 475.759 0.000205364
68.0702 29.5904 7.6422 478.278 0.000205364
68.3158 29.5509 7.60261 480.779 0.000205364
68.5614 29.5087 7.56341 483.262 0.000205364
68.807 29.4631 7.52528 485.727 0.000205364
69.0526 29.4312 7.48743 488.175 0.000205364
69.2982 29.3931 7.45036 490.605 0.000205364
69.5439 29.3601 7.41491 493.018 0.000205364
69.7895 29.3136 7.37789 495.414 0.000205364
70.0351 29.281 7.34262 497.794 0.000205364
70.2807 29.2501 7.30871 500.157 0.000205364
70.5263 29.2055 7.27401 502.503 0.000205364
70.7719 29.1709 7.24051 504.834 0.000205364
71.0175 29.1499 7.20876 507.148 0.000205364
71.2632 29.1143 7.17543 509.446 0.000205364
71.5088 29.078 7.14271 511.729 0.000205364
71.7544 29.0479 7.11142 513.995 0.000205364
72 29.0158 7.08028 516.247 0.000205364
72.2456 28.9772 7.05022 518.483 0.000205364
72.4912 28.9475 7.02005 520.704 0.000205364
72.7368 28.9256 6.99011 522.91 0.000205364
72.9825 28.8962 6.9609 525.101 0.000205364
73.2281 28.8634 6.93203 527.278 0.000205364
73.4737 28.8334 6.90396 529.44 0.000205364
73.7193 28.8093 6.87578 531.588 0.000205364
73.9649 28.7775 6.84879 533.721 0.000205364
74.2105 28.751 6.82166 535.841 0.000205364
74.4561 28.7257 6.79476 537.946 0.000205364
74.7018 28.7047 6.76831 540.037 0.000205364
74.9474 28.6756 6.74233 542.115 0.000205364
75.193 28.6505 6.71676 544.18 0.000205364
75.4386 28.6257 6.69155 546.23 0.000205364
75.6842 28.6092 6.66773 548.268 0.000205364
75.9298 28.5873 6.64417 550.293 0.000205364
76.1754 28.5526 6.61815 552.304 0.000205364
76.4211 28.5255 6.59548 554.302 0.000205364
76.6667 28.5056 6.57095 556.288 0.000205364
76.9123 28.4923 6.54825 558.261 0.000205364
77.1579 28.4735 6.52693 560.222 0.000205364
77.4035 28.4419 6.50177 562.17 0.000205364
77.6491 28.4282 6.48108 564.105 0.000205364
77.8947 28.4088 6.46007 566.029 0.000205364
78.1404 28.3768 6.43585 567.94 0.000205364
78.386 28.3506 6.41637 569.84 0.000205364
78.6316 28.3366 6.39312 571.728 0.000205364
78.8772 28.3209 6.37244 573.604 0.000205364
79.1228 28.2927 6.35259 575.468 0.000205364
79.3684 28.2761 6.33136 577.321 0.000205364
79.614 28.2576 6.31111 579.162 0.000205364
79.8596 28.2334 6.29304 580.992 0.000205364
80.1053 28.2136 6.27408 582.811 0.000205364
80.3509 28.198 6.25318 584.619 0.000205364
80.5965 28.1865 6.233 586.415 0.000205364
80.8421 28.169 6.21413 588.201 0.000205364
81.0877 28.1493 6.1953 589.976 0.000205364
81.3333 28.1334 6.17692 591.74 0.000205364
81.5789 28.1115 6.15899 593.494 0.000205364
81.8246 28.0933 6.14133 595.237 0.000205364
82.0702 28.0786 6.12294 596.97 0.000205364
82.3158 28.0614 6.10546 598.692 0.000205364
82.5614 28.0439 6.08837 600.405 0.000205364
82.807 28.0331 6.07058 602.107 0.000205364
83.0526 28.0163 6.05349 603.799 0.000205364
83.2982 28.0025 6.03695 605.481 0.000205364
83.5439 27.9826 6.02017 607.153 0.000205364
83.7895 27.9657 6.00407 608.815 0.000205364
84.0351 27.955 5.98741 610.468 0.000205364
84.2807 27.9348 5.972 612.111 0.000205364
84.5263 27.9206 5.95589 613.744 0.000205364
84.7719 27.9091 5.93967 615.368 0.000205364
85.0175 27.8967 5.92429 616.983 0.000205364
85.2632 27.8763 5.90961 618.588 0.000205364
85.5088 27.8635 5.89393 620.184 0.000205364
85.7544 27.8531 5.87852 621.771 0.000205364
86 27.8449 5.86558 623.349 0.000205364
86.2456 27.8256 5.84891 624.918 0.000205364
86.4912 27.8135 5.83453 626.478 0.000205364
86.7368 27.7985 5.81993 628.03 0.000205364
86.9825 27.7856 5.80568 629.572 0.000205364
87.2281 27.7748 5.79195 631.106 0.000205364
87.4737 27.7579 5.77767 632.631 0.000205364
87.7193 27.7509 5.76486 634.148 0.000205364
87.9649 27.7379 5.75099 635.656 0.000205364
88.2105 27.7141 5.73941 637.156 0.000205364
88.4561 27.7125 5.72383 638.647 0.000205364
88.7018 27.6924 5.71098 640.13 0.000205364
88.9474 27.6865 5.69694 641.605 0.000205364
89.193 27.6699 5.68427 643.072 0.000205364
89.4386 27.655 5.673 644.531 0.000205364
89.6842 27.6418 5.66152 645.982 0.000205364
89.9298 27.6423 5.64666 647.425 0.000205364
90.1754 27.6322 5.63491 648.86 0.000205364
90.4211 27.6115 5.62153 650.287 0.000205364
90.6667 27.6044 5.60848 651.707 0.000205364
90.9123 27.5987 5.59825 653.119 0.000205364
91.1579 27.5752 5.58716 654.523 0.000205364
91.4035 27.5723 5.57252 655.92 0.000205364
91.6491 27.5518 5.56535 657.309 0.000205364
91.8947 27.5515 5.54916 658.691 0.000205364
92.1404 27.5409 5.53758 660.066 0.000205364
92.386 27.5244 5.52735 661.433 0.000205364
92.6316 27.5279 5.51984 662.793 0.000205364
92.8772 27.514 5.50522 664.146 0.000205364
93.1228 27.5013 5.49277 665.491 0.000205364
93.3684 27.4968 5.48562 666.83 0.000205364
93.614 27.4752 5.47115 668.162 0.000205364
93.8596 27.4661 5.46006 669.486 0.000205364
94.1053 27.4581 5.44889 670.804 0.000205364
94.3509 27.4513 5.43835 672.115 0.000205364
94.5965 27.4343 5.42993 673.419 0.000205364
94.8421 27.4296 5.41731 674.716 0.000205364
95.0877 27.4149 5.40981 676.006 0.000205364
95.3333 27.419 5.39971 677.29 0.000205364
95.5789 27.3996 5.38733 678.568 0.000205364
95.8246 27.3879 5.379 679.839 0.000205364
96.0702 27.3882 5.36706 681.103 0.000205364
96.3158 27.3785 5.35687 682.361 0.000205364
96.5614 27.3697 5.34708 683.612 0.000205364
96.807 27.3619 5.33771 684.857 0.000205364
97.0526 27.3484 5.32757 686.096 0.000205364
97.2982 27.3424 5.31786 687.329 0.000205364
97.5439 27.3307 5.30874 688.555 0.000205364
97.7895 27.3265 5.29917 689.775 0.000205364
98.0351 27.3125 5.29075 690.989 0.000205364
98.2807 27.3034 5.28208 692.197 0.000205364
98.5263 27.3016 5.27145 693.399 0.000205364
98.7719 27.2941 5.26255 694.595 0.000205364
99.0175 27.2835 5.25318 695.785 0.000205364
99.2632 27.2776 5.24446 696.97 0.000205364
99.5088 27.2685 5.23541 698.148 0.000205364
99.7544 27.2641 5.22779 699.321 0.000205364
100 27.2502 5.21831 700.487 0.000205364
