13.2982 22.319 2.15436 1614.66 0.000201086
13.5439 22.3023 1.92893 1570.97 0.000201086
13.7895 22.318 4.10459 1528.86 0.000201086
14.0351 22.2728 2.71124 1488.22 0.000201086
14.2807 22.2349 2.21564 1448.97 0.000201086
14.5263 22.2028 2.15649 1411.06 0.000201086
14.7719 22.1917 2.76672 1374.41 0.000201086
15.0175 22.1573 2.51418 1338.95 0.000201086
15.2632 22.1248 2.43435 1304.63 0.000201086
15.5088 22.1014 2.651 1271.4 0.000201086
15.7544 22.0691 2.607 1239.21 0.000201086
16 22.0396 2.66995 1208.02 0.000201086
16.2456 22.0096 2.73445 1177.76 0.000201086
16.4912 21.9779 2.77172 1148.41 0.000201086
16.7368 21.9468 2.83886 1119.92 0.000201086
16.9825 21.9146 2.89596 1092.24 0.000201086
17.2281 21.8814 2.94693 1065.36 0.000201086
17.4737 21.8481 3.01023 1039.24 0.000201086
17.7193 21.8144 3.07919 1013.84 0.000201086
17.9649 21.78 3.1487 989.144 0.000201086
18.2105 21.7448 3.21773 965.11 0.000201086
18.4561 21.7088 3.287 941.716 0.000201086
18.7018 21.6721 3.35872 918.929 0.000201086
18.9474 21.6347 3.43273 896.742 0.000201086
19.193 21.5966 3.50947 875.124 0.000201086
19.4386 21.5578 3.58913 854.053 0.000201086
19.6842 21.5182 3.67088 833.508 0.000201086
19.9298 21.4779 3.75595 813.471 0.000201086
20.1754 21.4367 3.8427 793.922 0.000201086
20.4211 21.3947 3.93251 774.836 0.000201086
20.6667 21.3518 4.02446 756.213 0.000201086
20.9123 21.3079 4.11835 738.028 0.000201086
21.1579 21.2631 4.21523 720.266 0.000201086
21.4035 21.2174 4.31531 702.913 0.000201086
21.6491 21.1707 4.41822 685.955 0.000201086
21.8947 21.1231 4.52474 669.377 0.000201086
22.1404 21.0744 4.63419 653.163 0.000201086
22.386 21.0245 4.74615 637.311 0.000201086
22.6316 20.9735 4.86156 621.805 0.000201086
22.8772 20.9214 4.98066 606.632 0.000201086
23.1228 20.8681 5.10331 591.784 0.000201086
23.3684 20.8135 5.22946 577.248 0.000201086
23.614 20.7576 5.35943 563.016 0.000201086
23.8596 20.7005 5.4938 549.078 0.000201086
24.1053 20.6419 5.63211 535.42 0.000201086
24.3509 20.5819 5.77473 522.045 0.000201086
24.5965 20.5205 5.92207 508.938 0.000201086
24.8421 20.4574 6.07381 496.092 0.000201086
25.0877 20.3928 6.23071 483.498 0.000201086
25.3333 20.3266 6.39289 471.151 0.000201086
25.5789 20.2585 6.56022 459.042 0.000201086
25.8246 20.1888 6.73365 447.16 0.000201086
26.0702 20.1171 6.91276 435.509 0.000201086
26.3158 20.0435 7.09821 424.077 0.000201086
26.5614 19.968 7.29038 412.858 0.000201086
26.807 19.8903 7.48941 401.847 0.000201086
27.0526 19.8105 7.69584 391.039 0.000201086
27.2982 19.7283 7.9099 380.426 0.000201086
27.5439 19.6439 8.13235 370.001 0.000201086
27.7895 19.5569 8.36325 359.767 0.000201086
28.0351 19.4674 8.6033 349.715 0.000201086
28.2807 19.3752 8.85303 339.84 0.000201086
28.5263 19.2802 9.113 330.138 0.000201086
28.7719 19.1823 9.38386 320.605 0.000201086
29.0175 19.0813 9.66628 311.236 0.000201086
29.2632 18.9772 9.96113 302.024 0.000201086
29.5088 18.8695 10.269 292.972 0.000201086
29.7544 18.7586 10.5908 284.073 0.000201086
30 18.6438 10.9276 275.325 0.000201086
30.2456 18.5252 11.2804 266.722 0.000201086
30.4912 18.4025 11.6503 258.262 0.000201086
30.7368 18.2755 12.0387 249.943 0.000201086
30.9825 18.1443 12.4469 241.757 0.000201086
31.2281 18.0081 12.8764 233.708 0.000201086
31.4737 17.8671 13.3288 225.791 0.000201086
31.7193 17.7209 13.8061 218.003 0.000201086
31.9649 17.5691 14.3103 210.341 0.000201086
32.2105 17.4118 14.8435 202.803 0.000201086
32.4561 17.2483 15.4086 195.387 0.000201086
32.7018 17.0783 16.0085 188.088 0.000201086
32.9474 16.9017 16.6459 180.91 0.000201086
33.193 16.718 17.3247 173.849 0.000201086
33.4386 16.5267 18.0489 166.902 0.000201086
33.6842 16.3276 18.8229 160.069 0.000201086
33.9298 16.1203 19.6519 153.348 0.000201086
34.1754 15.904 20.5421 146.738 0.000201086
34.4211 15.6786 21.5001 140.237 0.000201086
34.6667 15.4436 22.533 133.848 0.000201086
34.9123 15.1986 23.6498 127.57 0.000201086
35.1579 14.9425 24.8612 121.402 0.000201086
35.4035 14.6757 26.178 115.345 0.000201086
35.6491 14.398 27.6133 109.402 0.000201086
35.8947 14.1084 29.1836 103.573 0.000201086
36.1404 13.8063 30.9082 97.8593 0.000201086
36.386 13.492 32.8068 92.2693 0.000201086
36.6316 13.1676 34.9011 86.8056 0.000201086
36.8772 12.8347 37.2171 81.4747 0.000201086
37.1228 12.4934 39.7884 76.285 0.000201086
37.3684 12.1407 42.6615 71.2474 0.000201086
37.614 11.7675 45.9053 66.376 0.000201086
37.8596 11.3442 49.6637 61.6887 0.000201086
38.1053 10.6809 54.786 57.2068 0.000201086
38.3509 16.6713 70.2034 52.9635 0.000201086
38.5965 11.5207 61.4052 48.9945 0.000201086
38.8421 10.9509 66.6815 45.3468 0.000201086
39.0877 10.5533 72.6082 42.0783 0.000201086
39.3333 10.3113 78.8789 39.2569 0.000201086
39.5789 23.2525 88.8244 36.9577 0.000201086
39.8246 78.871 102.486 35.2548 0.000201086
40.0702 533.431 103.641 34.2112 0.000201086
40.3158 -136.121 102.514 33.8604 0.000201086
40.5614 -61.4652 100.359 34.1981 0.000201086
40.807 -76.2975 92.4195 35.1807 0.000201086
41.0526 -107.644 85.0987 36.7343 0.000201086
41.2982 -52.2863 82.8125 38.7703 0.000201086
41.5439 -65.2635 76.0944 41.2 0.000201086
41.7895 -88.0326 70.0846 43.9398 0.000201086
42.0351 -137.95 64.7678 46.9212 0.000201086
42.2807 -343.487 60.1629 50.0876 0.000201086
42.5263 620.689 56.4 53.3939 0.000201086
42.7719 -62.5994 60.4176 56.8045 0.000201086
43.0175 -213.686 51.4734 60.2916 0.000201086
43.2632 -774 48.0581 63.8349 0.000201086
43.5088 934.567 45.315 67.4145 0.000201086
43.7544 325.977 42.9152 71.0184 0.000201086
44 206.699 40.7757 74.636 0.000201086
44.2456 155.238 38.8496 78.2589 0.000201086
44.4912 126.373 37.1038 81.8802 0.000201086
44.7368 107.834 35.5133 85.4947 0.000201086
44.9825 94.9064 34.0579 89.0995 0.000201086
45.2281 85.3809 32.7223 92.688 0.000201086
45.4737 78.0809 31.4928 96.2591 0.000201086
45.7193 72.3191 30.3583 99.8103 0.000201086
45.9649 67.6652 29.3091 103.34 0.000201086
46.2105 63.8336 28.3365 106.846 0.000201086
46.4561 60.6275 27.4329 110.328 0.000201086
46.7018 57.9074 26.5915 113.786 0.000201086
46.9474 55.57 25.8063 117.217 0.000201086
47.193 53.5404 25.0719 120.621 0.000201086
47.4386 51.7616 24.3836 123.997 0.000201086
47.6842 50.1904 23.7372 127.347 0.000201086
47.9298 48.7927 23.1292 130.668 0.000201086
48.1754 47.5422 22.5565 133.962 0.000201086
48.4211 46.417 22.0158 137.229 0.000201086
48.6667 45.3998 21.5051 140.467 0.000201086
48.9123 44.4756 21.0218 143.677 0.000201086
49.1579 43.6324 20.5638 146.859 0.000201086
49.4035 42.8596 20.129 150.013 0.000201086
49.6491 42.149 19.7159 153.139 0.000201086
49.8947 41.4932 19.3227 156.238 0.000201086
50.1404 40.8865 18.9482 159.311 0.000201086
50.386 40.3237 18.5912 162.355 0.000201086
50.6316 39.8004 18.2505 165.373 0.000201086
50.8772 39.3124 17.9249 168.363 0.000201086
51.1228 38.8563 17.6136 171.327 0.000201086
51.3684 38.4291 17.3155 174.265 0.000201086
51.614 38.0278 17.0298 177.177 0.000201086
51.8596 37.6504 16.7558 180.063 0.000201086
52.1053 37.2947 16.4927 182.924 0.000201086
52.3509 36.9591 16.24 185.759 0.000201086
52.5965 36.6422 15.9973 188.569 0.000201086
52.8421 36.3423 15.7637 191.355 0.000201086
53.0877 36.0581 15.5389 194.116 0.000201086
53.3333 35.7883 15.3223 196.852 0.000201086
53.5789 35.5316 15.1134 199.565 0.000201086
53.8246 35.2873 14.9119 202.255 0.000201086
54.0702 35.0543 14.7173 204.921 0.000201086
54.3158 34.832 14.5294 207.563 0.000201086
54.5614 34.6199 14.3478 210.183 0.000201086
54.807 34.4174 14.1723 212.78 0.000201086
55.0526 34.2238 14.0026 215.355 0.000201086
55.2982 34.0384 13.8383 217.907 0.000201086
55.5439 33.8606 13.6791 220.439 0.000201086
55.7895 33.6899 13.5249 222.948 0.000201086
56.0351 33.5259 13.3753 225.436 0.000201086
56.2807 33.368 13.2301 227.902 0.000201086
56.5263 33.2163 13.0893 230.348 0.000201086
56.7719 33.0703 12.9526 232.773 0.000201086
57.0175 32.9299 12.82 235.178 0.000201086
57.2632 32.7948 12.6911 237.564 0.000201086
57.5088 32.6646 12.566 239.929 0.000201086
57.7544 32.539 12.4443 242.274 0.000201086
58 32.4175 12.3259 244.6 0.000201086
58.2456 32.2999 12.2105 246.906 0.000201086
58.4912 32.1861 12.0982 249.194 0.000201086
58.7368 32.076 11.9888 251.463 0.000201086
58.9825 31.9694 11.8822 253.714 0.000201086
59.2281 31.8664 11.7784 255.946 0.000201086
59.4737 31.7667 11.6773 258.16 0.000201086
59.7193 31.6702 11.5788 260.357 0.000201086
59.9649 31.5767 11.4828 262.535 0.000201086
60.2105 31.486 11.3891 264.696 0.000201086
60.4561 31.3979 11.2976 266.84 0.000201086
60.7018 31.3122 11.2082 268.967 0.000201086
60.9474 31.2288 11.1208 271.077 0.000201086
61.193 31.1477 11.0355 273.17 0.000201086
61.4386 31.0689 10.9521 275.247 0.000201086
61.6842 30.9922 10.8706 277.307 0.000201086
61.9298 30.9177 10.791 279.351 0.000201086
62.1754 30.8453 10.7132 281.379 0.000201086
62.4211 30.775 10.6372 283.393 0.000201086
62.6667 30.7065 10.5628 285.39 0.000201086
62.9123 30.6396 10.49 287.371 0.000201086
63.1579 30.5745 10.4188 289.337 0.000201086
63.4035 30.5109 10.349 291.289 0.000201086
63.6491 30.4487 10.2806 293.225 0.000201086
63.8947 30.3881 10.2136 295.147 0.000201086
64.1404 30.3288 10.1478 297.055 0.000201086
64.386 30.2711 10.0836 298.947 0.000201086
64.6316 30.2148 10.0206 300.826 0.000201086
64.8772 30.1599 9.95893 302.69 0.000201086
65.1228 30.1063 9.8985 304.541 0.000201086
65.3684 30.054 9.8393 306.377 0.000201086
65.614 30.0028 9.78119 308.201 0.000201086
65.8596 29.9527 9.72416 310.01 0.000201086
66.1053 29.9036 9.66813 311.807 0.000201086
66.3509 29.8555 9.61311 313.59 0.000201086
66.5965 29.8084 9.55908 315.361 0.000201086
66.8421 29.7624 9.50611 317.118 0.000201086
67.0877 29.7172 9.45399 318.862 0.000201086
67.3333 29.6732 9.40298 320.594 0.000201086
67.5789 29.63 9.35281 322.313 0.000201086
67.8246 29.5879 9.30367 324.021 0.000201086
68.0702 29.5466 9.25536 325.716 0.000201086
68.3158 29.5062 9.20795 327.399 0.000201086
68.5614 29.4665 9.16129 329.069 0.000201086
68.807 29.4276 9.11544 330.728 0.000201086
69.0526 29.3894 9.07033 332.375 0.000201086
69.2982 29.3519 9.02595 334.011 0.000201086
69.5439 29.315 8.98222 335.636 0.000201086
69.7895 29.2787 8.93914 337.249 0.000201086
70.0351 29.2433 8.89693 338.85 0.000201086
70.2807 29.2084 8.8553 340.441 0.000201086
70.5263 29.1743 8.81445 342.02 0.000201086
70.7719 29.1408 8.77424 343.588 0.000201086
71.0175 29.108 8.73475 345.146 0.000201086
71.2632 29.0759 8.69597 346.694 0.000201086
71.5088 29.0442 8.65766 348.23 0.000201086
71.7544 29.0132 8.62007 349.756 0.000201086
72 28.9827 8.58302 351.272 0.000201086
72.2456 28.9527 8.54652 352.778 0.000201086
72.4912 28.9231 8.51048 354.273 0.000201086
72.7368 28.894 8.47497 355.758 0.000201086
72.9825 28.8652 8.43984 357.234 0.000201086
73.2281 28.837 8.40533 358.7 0.000201086
73.4737 28.8093 8.37135 360.155 0.000201086
73.7193 28.782 8.33783 361.601 0.000201086
73.9649 28.7552 8.30483 363.038 0.000201086
74.2105 28.7289 8.27237 364.465 0.000201086
74.4561 28.7031 8.24045 365.883 0.000201086
74.7018 28.6777 8.20896 367.292 0.000201086
74.9474 28.6528 8.17801 368.691 0.000201086
75.193 28.6282 8.14742 370.081 0.000201086
75.4386 28.604 8.11727 371.462 0.000201086
75.6842 28.5802 8.08756 372.835 0.000201086
75.9298 28.5567 8.05821 374.198 0.000201086
76.1754 28.5335 8.0292 375.553 0.000201086
76.4211 28.5106 8.00053 376.899 0.000201086
76.6667 28.4881 7.97231 378.237 0.000201086
76.9123 28.4658 7.94433 379.565 0.000201086
77.1579 28.4439 7.91679 380.886 0.000201086
77.4035 28.4222 7.88951 382.198 0.000201086
77.6491 28.401 7.86275 383.502 0.000201086
77.8947 28.38 7.83624 384.798 0.000201086
78.1404 28.3594 7.81017 386.086 0.000201086
78.386 28.3391 7.78444 387.365 0.000201086
78.6316 28.3192 7.75915 388.637 0.000201086
78.8772 28.2995 7.73411 389.9 0.000201086
79.1228 28.2801 7.7094 391.156 0.000201086
79.3684 28.2611 7.68515 392.404 0.000201086
79.614 28.2422 7.66103 393.645 0.000201086
79.8596 28.2236 7.63725 394.878 0.000201086
80.1053 28.2052 7.61371 396.103 0.000201086
80.3509 28.1871 7.59052 397.321 0.000201086
80.5965 28.1691 7.56746 398.532 0.000201086
80.8421 28.1514 7.54474 399.735 0.000201086
81.0877 28.1339 7.52226 400.931 0.000201086
81.3333 28.1166 7.50002 402.119 0.000201086
81.5789 28.0995 7.47801 403.301 0.000201086
81.8246 28.0827 7.45635 404.476 0.000201086
82.0702 28.066 7.43481 405.643 0.000201086
82.3158 28.0496 7.41362 406.804 0.000201086
82.5614 28.0334 7.39267 407.957 0.000201086
82.807 28.0175 7.37206 409.104 0.000201086
83.0526 28.0019 7.3518 410.244 0.000201086
83.2982 27.9864 7.33167 411.378 0.000201086
83.5439 27.971 7.31166 412.505 0.000201086
83.7895 27.9559 7.292 413.625 0.000201086
84.0351 27.941 7.27258 414.738 0.000201086
84.2807 27.9262 7.25329 415.846 0.000201086
84.5263 27.9117 7.23435 416.946 0.000201086
84.7719 27.8972 7.21542 418.041 0.000201086
85.0175 27.883 7.19684 419.129 0.000201086
85.2632 27.8689 7.17839 420.211 0.000201086
85.5088 27.8549 7.16006 421.286 0.000201086
85.7544 27.841 7.14185 422.356 0.000201086
86 27.8275 7.12411 423.419 0.000201086
86.2456 27.814 7.10638 424.477 0.000201086
86.4912 27.8006 7.08878 425.528 0.000201086
86.7368 27.7875 7.07153 426.573 0.000201086
86.9825 27.7744 7.05428 427.613 0.000201086
87.2281 27.7616 7.0374 428.647 0.000201086
87.4737 27.7489 7.02064 429.675 0.000201086
87.7193 27.7364 7.00412 430.697 0.000201086
87.9649 27.724 6.98773 431.713 0.000201086
88.2105 27.7117 6.97146 432.724 0.000201086
88.4561 27.6996 6.95543 433.729 0.000201086
88.7018 27.6876 6.93953 434.729 0.000201086
88.9474 27.6757 6.92375 435.724 0.000201086
89.193 27.664 6.90821 436.712 0.000201086
89.4386 27.6523 6.89267 437.696 0.000201086
89.6842 27.6409 6.87751 438.673 0.000201086
89.9298 27.6295 6.86234 439.646 0.000201086
90.1754 27.6182 6.8473 440.613 0.000201086
90.4211 27.6071 6.83251 441.576 0.000201086
90.6667 27.596 6.81771 442.532 0.000201086
90.9123 27.585 6.80303 443.484 0.000201086
91.1579 27.5743 6.78873 444.431 0.000201086
91.4035 27.5636 6.77443 445.372 0.000201086
91.6491 27.553 6.76025 446.309 0.000201086
91.8947 27.5424 6.74606 447.24 0.000201086
92.1404 27.5321 6.73227 448.167 0.000201086
92.386 27.5219 6.71859 449.089 0.000201086
92.6316 27.5117 6.70491 450.005 0.000201086
92.8772 27.5017 6.69149 450.917 0.000201086
93.1228 27.4917 6.67805 451.824 0.000201086
93.3684 27.482 6.66502 452.727 0.000201086
93.614 27.4722 6.65184 453.624 0.000201086
93.8596 27.4626 6.63892 454.517 0.000201086
94.1053 27.453 6.62599 455.406 0.000201086
94.3509 27.4435 6.61318 456.289 0.000201086
94.5965 27.4342 6.60065 457.168 0.000201086
94.8421 27.4249 6.5881 458.043 0.000201086
95.0877 27.4157 6.57567 458.913 0.000201086
95.3333 27.4066 6.56338 459.778 0.000201086
95.5789 27.3976 6.55121 460.639 0.000201086
95.8246 27.3887 6.53918 461.496 0.000201086
96.0702 27.3798 6.52713 462.349 0.000201086
96.3158 27.371 6.51521 463.197 0.000201086
96.5614 27.3623 6.50341 464.04 0.000201086
96.807 27.3537 6.49175 464.88 0.000201086
97.0526 27.3451 6.48008 465.715 0.000201086
97.2982 27.3366 6.46853 466.546 0.000201086
97.5439 27.3282 6.45712 467.373 0.000201086
97.7895 27.32 6.44598 468.196 0.000201086
98.0351 27.3117 6.43468 469.014 0.000201086
98.2807 27.3036 6.42367 469.828 0.000201086
98.5263 27.2955 6.41264 470.639 0.000201086
98.7719 27.2875 6.40174 471.445 0.000201086
99.0175 27.2796 6.39097 472.248 0.000201086
99.2632 27.2718 6.38035 473.046 0.000201086
99.5088 27.264 6.3697 473.841 0.000201086
99.7544 27.2563 6.35919 474.631 0.000201086
100 27.2487 6.34882 475.418 0.000201086
