2 23.1778 0.791482 5599.11 3.62724e-05
2.24561 23.1691 2.1075 4939.42 3.62724e-05
2.49123 23.1443 1.04652 4409.83 3.62724e-05
2.73684 23.1368 1.27212 3975.32 3.62724e-05
2.98246 23.1155 0.994961 3612.4 3.62724e-05
3.22807 23.1056 1.18961 3304.73 3.62724e-05
3.47368 23.091 1.32754 3040.59 3.62724e-05
3.7193 23.0695 1.18671 2811.35 3.62724e-05
3.96491 23.0523 1.29973 2610.54 3.62724e-05
4.21053 23.0339 1.46363 2433.17 3.62724e-05
4.45614 23.0231 1.47286 2275.37 3.62724e-05
4.70175 23.0053 1.55527 2134.07 3.62724e-05
4.94737 22.9828 1.69736 2006.82 3.62724e-05
5.19298 22.9677 1.74746 1891.63 3.62724e-05
5.4386 22.9511 1.84767 1786.85 3.62724e-05
5.68421 22.933 1.95367 1691.15 3.62724e-05
5.92982 22.9134 2.05807 1603.39 3.62724e-05
6.17544 22.8922 2.17202 1522.63 3.62724e-05
6.42105 22.8748 2.27909 1448.06 3.62724e-05
6.66667 22.8503 2.41259 1379 3.62724e-05
6.91228 22.8329 2.51044 1314.87 3.62724e-05
7.15789 22.8104 2.6355 1255.16 3.62724e-05
7.40351 22.7894 2.75563 1199.42 3.62724e-05
7.64912 22.7719 2.87883 1147.27 3.62724e-05
7.89474 22.7472 3.00432 1098.39 3.62724e-05
8.14035 22.7259 3.13541 1052.48 3.62724e-05
8.38596 22.7027 3.26949 1009.27 3.62724e-05
8.63158 22.6774 3.40748 968.53 3.62724e-05
8.87719 22.6585 3.55447 930.066 3.62724e-05
9.12281 22.6292 3.69237 893.689 3.62724e-05
9.36842 22.606 3.84066 859.237 3.62724e-05
9.61404 22.5806 3.99265 826.561 3.62724e-05
9.85965 22.5581 4.15483 795.532 3.62724e-05
10.1053 22.5282 4.30849 766.028 3.62724e-05
10.3509 22.5011 4.47252 737.942 3.62724e-05
10.5965 22.4747 4.64247 711.176 3.62724e-05
10.8421 22.4427 4.81252 685.641 3.62724e-05
11.0877 22.4163 4.99157 661.256 3.62724e-05
11.3333 22.3824 5.17237 637.947 3.62724e-05
11.5789 22.3509 5.36007 615.647 3.62724e-05
11.8246 22.3216 5.55221 594.293 3.62724e-05
12.0702 22.2927 5.75114 573.828 3.62724e-05
12.3158 22.261 5.95525 554.201 3.62724e-05
12.5614 22.2235 6.16339 535.362 3.62724e-05
12.807 22.1862 6.38 517.268 3.62724e-05
13.0526 22.1585 6.60173 499.878 3.62724e-05
13.2982 22.1202 6.82942 483.153 3.62724e-05
13.5439 22.0866 7.06539 467.058 3.62724e-05
13.7895 22.0424 7.30791 451.561 3.62724e-05
14.0351 22.0104 7.55724 436.632 3.62724e-05
14.2807 21.9678 7.81471 422.242 3.62724e-05
14.5263 21.9268 8.08054 408.366 3.62724e-05
14.7719 21.8901 8.35397 394.978 3.62724e-05
15.0175 21.8459 8.63674 382.058 3.62724e-05
15.2632 21.8032 8.92838 369.583 3.62724e-05
15.5088 21.7647 9.22892 357.533 3.62724e-05
15.7544 21.7161 9.53997 345.891 3.62724e-05
16 21.6761 9.86027 334.64 3.62724e-05
16.2456 21.629 10.1916 323.763 3.62724e-05
16.4912 21.5835 10.5338 313.245 3.62724e-05
16.7368 21.5424 10.8875 303.074 3.62724e-05
16.9825 21.4876 11.2527 293.235 3.62724e-05
17.2281 21.4418 11.6301 283.716 3.62724e-05
17.4737 21.3939 12.0202 274.508 3.62724e-05
17.7193 21.3443 12.4235 265.598 3.62724e-05
17.9649 21.2932 12.8403 256.977 3.62724e-05
18.2105 21.241 13.2712 248.637 3.62724e-05
18.4561 21.1989 13.7161 240.568 3.62724e-05
18.7018 21.1458 14.1759 232.763 3.62724e-05
18.9474 21.0932 14.6511 225.216 3.62724e-05
19.193 21.0479 15.1416 217.919 3.62724e-05
19.4386 20.998 15.648 210.866 3.62724e-05
19.6842 20.9442 16.1707 204.053 3.62724e-05
19.9298 20.9001 16.7093 197.473 3.62724e-05
20.1754 20.8542 17.2645 191.123 3.62724e-05
20.4211 20.8101 17.836 184.999 3.62724e-05
20.6667 20.7667 18.4238 179.097 3.62724e-05
20.9123 20.7279 19.0275 173.414 3.62724e-05
21.1579 20.6968 19.6469 167.948 3.62724e-05
21.4035 20.6577 20.281 162.696 3.62724e-05
21.6491 20.6384 20.9294 157.657 3.62724e-05
21.8947 20.6035 21.5905 152.828 3.62724e-05
22.1404 20.5868 22.2632 148.21 3.62724e-05
22.386 20.5751 22.9458 143.802 3.62724e-05
22.6316 20.5712 23.6361 139.602 3.62724e-05
22.8772 20.5741 24.3318 135.61 3.62724e-05
23.1228 20.5905 25.03 131.827 3.62724e-05
23.3684 20.6175 25.7277 128.253 3.62724e-05
23.614 20.6508 26.421 124.887 3.62724e-05
23.8596 20.691 27.1063 121.73 3.62724e-05
24.1053 20.7568 27.779 118.782 3.62724e-05
24.3509 20.8251 28.4348 116.042 3.62724e-05
24.5965 20.9105 29.0688 113.511 3.62724e-05
24.8421 21.0164 29.6761 111.189 3.62724e-05
25.0877 21.1324 30.2518 109.073 3.62724e-05
25.3333 21.2604 30.7911 107.162 3.62724e-05
25.5789 21.4134 31.2895 105.455 3.62724e-05
25.8246 21.5797 31.7429 103.949 3.62724e-05
26.0702 21.7539 32.1476 102.64 3.62724e-05
26.3158 21.9423 32.5007 101.525 3.62724e-05
26.5614 22.1497 32.7998 100.599 3.62724e-05
26.807 22.3658 33.0435 99.8574 3.62724e-05
27.0526 22.5834 33.2312 99.2933 3.62724e-05
27.2982 22.816 33.3631 98.9007 3.62724e-05
27.5439 23.0556 33.4403 98.6725 3.62724e-05
27.7895 23.2892 33.4644 98.6014 3.62724e-05
28.0351 23.5252 33.4379 98.6795 3.62724e-05
28.2807 23.7641 33.3638 98.8987 3.62724e-05
28.5263 23.9963 33.2454 99.251 3.62724e-05
28.7719 24.2259 33.0864 99.7279 3.62724e-05
29.0175 24.4491 32.8907 100.321 3.62724e-05
29.2632 24.6628 32.6622 101.023 3.62724e-05
29.5088 24.8711 32.405 101.825 3.62724e-05
29.7544 25.0661 32.1228 102.72 3.62724e-05
30 25.2374 31.8194 103.699 3.62724e-05
30.2456 25.4107 31.4982 104.756 3.62724e-05
30.4912 25.5707 31.1625 105.885 3.62724e-05
30.7368 25.717 30.8153 107.078 3.62724e-05
30.9825 25.8502 30.4594 108.329 3.62724e-05
31.2281 25.9722 30.0971 109.633 3.62724e-05
31.4737 26.0859 29.7307 110.984 3.62724e-05
31.7193 26.1836 29.362 112.378 3.62724e-05
31.9649 26.281 28.9928 113.809 3.62724e-05
32.2105 26.3637 28.6245 115.273 3.62724e-05
32.4561 26.4315 28.2584 116.767 3.62724e-05
32.7018 26.4939 27.8955 118.286 3.62724e-05
32.9474 26.5564 27.5367 119.827 3.62724e-05
33.193 26.6031 27.1828 121.387 3.62724e-05
33.4386 26.6419 26.8343 122.963 3.62724e-05
33.6842 26.6828 26.4918 124.553 3.62724e-05
33.9298 26.7139 26.1556 126.154 3.62724e-05
34.1754 26.7427 25.8261 127.764 3.62724e-05
34.4211 26.7598 25.5034 129.381 3.62724e-05
34.6667 26.7796 25.1877 131.002 3.62724e-05
34.9123 26.7951 24.8791 132.627 3.62724e-05
35.1579 26.8066 24.5777 134.254 3.62724e-05
35.4035 26.8117 24.2834 135.881 3.62724e-05
35.6491 26.8133 23.9962 137.507 3.62724e-05
35.8947 26.8196 23.7161 139.131 3.62724e-05
36.1404 26.8134 23.443 140.752 3.62724e-05
36.386 26.8112 23.1767 142.369 3.62724e-05
36.6316 26.8062 22.9173 143.981 3.62724e-05
36.8772 26.7948 22.6644 145.587 3.62724e-05
37.1228 26.7983 22.4181 147.187 3.62724e-05
37.3684 26.79 22.178 148.78 3.62724e-05
37.614 26.7713 21.9442 150.365 3.62724e-05
37.8596 26.7607 21.7164 151.942 3.62724e-05
38.1053 26.7475 21.4945 153.511 3.62724e-05
38.3509 26.7412 21.2783 155.07 3.62724e-05
38.5965 26.7289 21.0677 156.621 3.62724e-05
38.8421 26.7147 20.8625 158.161 3.62724e-05
39.0877 26.6928 20.6626 159.692 3.62724e-05
39.3333 26.6892 20.4676 161.213 3.62724e-05
39.5789 26.6689 20.2777 162.723 3.62724e-05
39.8246 26.6595 20.0925 164.222 3.62724e-05
40.0702 26.6345 19.912 165.711 3.62724e-05
40.3158 26.6213 19.736 167.189 3.62724e-05
40.5614 26.6067 19.5643 168.656 3.62724e-05
40.807 26.5912 19.3969 170.111 3.62724e-05
41.0526 26.5701 19.2336 171.556 3.62724e-05
41.2982 26.5665 19.0743 172.989 3.62724e-05
41.5439 26.5448 18.9187 174.411 3.62724e-05
41.7895 26.5282 18.7669 175.822 3.62724e-05
42.0351 26.5118 18.6188 177.221 3.62724e-05
42.2807 26.4959 18.4741 178.609 3.62724e-05
42.5263 26.4805 18.3328 179.985 3.62724e-05
42.7719 26.4658 18.1948 181.35 3.62724e-05
43.0175 26.4471 18.06 182.704 3.62724e-05
43.2632 26.434 17.9283 184.047 3.62724e-05
43.5088 26.4219 17.7995 185.378 3.62724e-05
43.7544 26.3985 17.6737 186.698 3.62724e-05
44 26.3886 17.5506 188.007 3.62724e-05
44.2456 26.3675 17.4304 189.305 3.62724e-05
44.4912 26.3598 17.3127 190.591 3.62724e-05
44.7368 26.3412 17.1975 191.867 3.62724e-05
44.9825 26.3239 17.085 193.132 3.62724e-05
45.2281 26.3199 16.9748 194.385 3.62724e-05
45.4737 26.3052 16.8669 195.629 3.62724e-05
45.7193 26.2844 16.7613 196.861 3.62724e-05
45.9649 26.2724 16.6579 198.083 3.62724e-05
46.2105 26.2616 16.5567 199.294 3.62724e-05
46.4561 26.2449 16.4575 200.495 3.62724e-05
46.7018 26.2251 16.3604 201.685 3.62724e-05
46.9474 26.2112 16.2653 202.865 3.62724e-05
47.193 26.2057 16.1719 204.035 3.62724e-05
47.4386 26.1828 16.0807 205.195 3.62724e-05
47.6842 26.1799 15.9909 206.345 3.62724e-05
47.9298 26.1711 15.9031 207.485 3.62724e-05
48.1754 26.1521 15.8169 208.615 3.62724e-05
48.4211 26.1416 15.7324 209.735 3.62724e-05
48.6667 26.1252 15.6496 210.846 3.62724e-05
48.9123 26.1214 15.5683 211.947 3.62724e-05
49.1579 26.1076 15.4885 213.039 3.62724e-05
49.4035 26.1019 15.4104 214.121 3.62724e-05
49.6491 26.0904 15.3335 215.194 3.62724e-05
49.8947 26.0621 15.2581 216.258 3.62724e-05
50.1404 26.053 15.1839 217.313 3.62724e-05
50.386 26.0451 15.1111 218.359 3.62724e-05
50.6316 26.0383 15.0396 219.396 3.62724e-05
50.8772 26.0215 14.9696 220.424 3.62724e-05
51.1228 26.0169 14.9006 221.444 3.62724e-05
51.3684 26.0023 14.8329 222.455 3.62724e-05
51.614 25.993 14.7663 223.457 3.62724e-05
51.8596 25.9806 14.701 224.451 3.62724e-05
52.1053 25.98 14.6367 225.437 3.62724e-05
52.3509 25.9696 14.5735 226.414 3.62724e-05
52.5965 25.9535 14.5113 227.384 3.62724e-05
52.8421 25.9451 14.4502 228.345 3.62724e-05
53.0877 25.931 14.3903 229.298 3.62724e-05
53.3333 25.9244 14.3311 230.243 3.62724e-05
53.5789 25.9121 14.2731 231.181 3.62724e-05
53.8246 25.9074 14.2158 232.111 3.62724e-05
54.0702 25.8969 14.1595 233.033 3.62724e-05
54.3158 25.8873 14.1042 233.948 3.62724e-05
54.5614 25.8851 14.0497 234.855 3.62724e-05
54.807 25.8772 13.9962 235.755 3.62724e-05
55.0526 25.8596 13.9434 236.647 3.62724e-05
55.2982 25.8598 13.8914 237.532 3.62724e-05
55.5439 25.8439 13.8402 238.41 3.62724e-05
55.7895 25.8392 13.7898 239.281 3.62724e-05
56.0351 25.8352 13.7402 240.145 3.62724e-05
56.2807 25.8216 13.6913 241.002 3.62724e-05
56.5263 25.8087 13.6433 241.853 3.62724e-05
56.7719 25.8133 13.5959 242.696 3.62724e-05
57.0175 25.8019 13.5491 243.533 3.62724e-05
57.2632 25.7848 13.5032 244.363 3.62724e-05
57.5088 25.7915 13.4579 245.187 3.62724e-05
57.7544 25.7821 13.4131 246.004 3.62724e-05
58 25.7671 13.3689 246.815 3.62724e-05
58.2456 25.7654 13.3255 247.619 3.62724e-05
58.4912 25.7517 13.2827 248.417 3.62724e-05
58.7368 25.7449 13.2405 249.209 3.62724e-05
58.9825 25.7387 13.1988 249.995 3.62724e-05
59.2281 25.7332 13.1578 250.775 3.62724e-05
59.4737 25.7282 13.1173 251.548 3.62724e-05
59.7193 25.7175 13.0774 252.316 3.62724e-05
59.9649 25.7137 13.038 253.078 3.62724e-05
60.2105 25.7104 12.9992 253.834 3.62724e-05
60.4561 25.6976 12.9609 254.584 3.62724e-05
60.7018 25.6892 12.9232 255.329 3.62724e-05
60.9474 25.6875 12.8858 256.068 3.62724e-05
61.193 25.6864 12.8491 256.802 3.62724e-05
61.4386 25.6695 12.8129 257.53 3.62724e-05
61.6842 25.6694 12.7768 258.252 3.62724e-05
61.9298 25.6697 12.7416 258.969 3.62724e-05
62.1754 25.6544 12.7066 259.681 3.62724e-05
62.4211 25.6556 12.6721 260.388 3.62724e-05
62.6667 25.6413 12.6381 261.089 3.62724e-05
62.9123 25.6434 12.6044 261.785 3.62724e-05
63.1579 25.6361 12.5712 262.476 3.62724e-05
63.4035 25.6331 12.5385 263.162 3.62724e-05
63.6491 25.6206 12.5061 263.843 3.62724e-05
63.8947 25.6146 12.4742 264.519 3.62724e-05
64.1404 25.6128 12.4425 265.19 3.62724e-05
64.386 25.6077 12.4114 265.856 3.62724e-05
64.6316 25.5969 12.3807 266.518 3.62724e-05
64.8772 25.6024 12.3504 267.174 3.62724e-05
65.1228 25.5924 12.3201 267.826 3.62724e-05
65.3684 25.5828 12.2904 268.474 3.62724e-05
65.614 25.5797 12.261 269.117 3.62724e-05
65.8596 25.5709 12.2321 269.755 3.62724e-05
66.1053 25.5782 12.2037 270.388 3.62724e-05
66.3509 25.5701 12.1751 271.018 3.62724e-05
66.5965 25.5624 12.147 271.642 3.62724e-05
66.8421 25.555 12.1193 272.263 3.62724e-05
67.0877 25.554 12.092 272.879 3.62724e-05
67.3333 25.5474 12.0649 273.491 3.62724e-05
67.5789 25.5411 12.0382 274.098 3.62724e-05
67.8246 25.5351 12.0117 274.702 3.62724e-05
68.0702 25.5354 11.9856 275.301 3.62724e-05
68.3158 25.53 11.9598 275.896 3.62724e-05
68.5614 25.525 11.9342 276.487 3.62724e-05
68.807 25.5203 11.9089 277.074 3.62724e-05
69.0526 25.5159 11.8839 277.657 3.62724e-05
69.2982 25.5177 11.8595 278.236 3.62724e-05
69.5439 25.5043 11.8347 278.811 3.62724e-05
69.7895 25.5008 11.8105 279.382 3.62724e-05
70.0351 25.4976 11.7866 279.949 3.62724e-05
70.2807 25.4946 11.7629 280.513 3.62724e-05
70.5263 25.4919 11.7395 281.073 3.62724e-05
70.7719 25.4895 11.7164 281.629 3.62724e-05
71.0175 25.4779 11.6934 282.181 3.62724e-05
71.2632 25.476 11.6707 282.73 3.62724e-05
71.5088 25.4802 11.6486 283.275 3.62724e-05
71.7544 25.4636 11.6262 283.816 3.62724e-05
72 25.4624 11.604 284.354 3.62724e-05
72.2456 25.4674 11.5825 284.889 3.62724e-05
72.4912 25.4515 11.5609 285.42 3.62724e-05
72.7368 25.4511 11.5394 285.947 3.62724e-05
72.9825 25.4568 11.5186 286.471 3.62724e-05
73.2281 25.4475 11.4973 286.992 3.62724e-05
73.4737 25.4478 11.4768 287.509 3.62724e-05
73.7193 25.4331 11.4564 288.023 3.62724e-05
73.9649 25.4339 11.4359 288.534 3.62724e-05
74.2105 25.4255 11.4161 289.041 3.62724e-05
74.4561 25.4267 11.3959 289.545 3.62724e-05
74.7018 25.4187 11.3765 290.046 3.62724e-05
74.9474 25.4204 11.3568 290.544 3.62724e-05
75.193 25.4222 11.3376 291.039 3.62724e-05
75.4386 25.4148 11.3183 291.53 3.62724e-05
75.6842 25.4077 11.2995 292.019 3.62724e-05
75.9298 25.4101 11.2807 292.504 3.62724e-05
76.1754 25.4035 11.2621 292.987 3.62724e-05
76.4211 25.4062 11.2439 293.466 3.62724e-05
76.6667 25.3999 11.2255 293.943 3.62724e-05
76.9123 25.3881 11.2077 294.416 3.62724e-05
77.1579 25.3914 11.1895 294.887 3.62724e-05
77.4035 25.3857 11.1718 295.354 3.62724e-05
77.6491 25.3894 11.1544 295.819 3.62724e-05
77.8947 25.384 11.1369 296.281 3.62724e-05
78.1404 25.3788 11.1196 296.74 3.62724e-05
78.386 25.3681 11.103 297.197 3.62724e-05
78.6316 25.3725 11.0856 297.65 3.62724e-05
78.8772 25.3678 11.0689 298.101 3.62724e-05
79.1228 25.3633 11.0523 298.549 3.62724e-05
79.3684 25.3682 11.036 298.995 3.62724e-05
79.614 25.3584 11.0195 299.437 3.62724e-05
79.8596 25.3544 11.0034 299.877 3.62724e-05
80.1053 25.3505 10.9874 300.315 3.62724e-05
80.3509 25.356 10.9715 300.75 3.62724e-05
80.5965 25.3468 10.9557 301.182 3.62724e-05
80.8421 25.3435 10.9401 301.612 3.62724e-05
81.0877 25.3402 10.9246 302.039 3.62724e-05
81.3333 25.3463 10.9095 302.464 3.62724e-05
81.5789 25.3377 10.894 302.886 3.62724e-05
81.8246 25.335 10.8789 303.306 3.62724e-05
82.0702 25.3323 10.864 303.723 3.62724e-05
82.3158 25.3242 10.8494 304.138 3.62724e-05
82.5614 25.331 10.8346 304.551 3.62724e-05
82.807 25.3287 10.82 304.961 3.62724e-05
83.0526 25.3267 10.8056 305.369 3.62724e-05
83.2982 25.3191 10.7911 305.774 3.62724e-05
83.5439 25.3173 10.7769 306.177 3.62724e-05
83.7895 25.3156 10.7628 306.578 3.62724e-05
84.0351 25.3084 10.7489 306.977 3.62724e-05
84.2807 25.307 10.735 307.373 3.62724e-05
84.5263 25.3057 10.7212 307.767 3.62724e-05
84.7719 25.299 10.7079 308.159 3.62724e-05
85.0175 25.2979 10.6942 308.548 3.62724e-05
85.2632 25.297 10.6807 308.936 3.62724e-05
85.5088 25.2906 10.6677 309.321 3.62724e-05
85.7544 25.299 10.6544 309.704 3.62724e-05
86 25.2984 10.6415 310.085 3.62724e-05
86.2456 25.2924 10.6282 310.464 3.62724e-05
86.4912 25.283 10.6154 310.84 3.62724e-05
86.7368 25.2918 10.6029 311.215 3.62724e-05
86.9825 25.2861 10.5899 311.588 3.62724e-05
87.2281 25.2861 10.5775 311.958 3.62724e-05
87.4737 25.2806 10.5648 312.327 3.62724e-05
87.7193 25.2719 10.5525 312.693 3.62724e-05
87.9649 25.2666 10.5405 313.058 3.62724e-05
88.2105 25.2671 10.528 313.42 3.62724e-05
88.4561 25.2676 10.5158 313.781 3.62724e-05
88.7018 25.2627 10.5039 314.139 3.62724e-05
88.9474 25.2634 10.4919 314.496 3.62724e-05
89.193 25.2587 10.4802 314.85 3.62724e-05
89.4386 25.2596 10.4683 315.203 3.62724e-05
89.6842 25.2606 10.4567 315.554 3.62724e-05
89.9298 25.2562 10.4451 315.903 3.62724e-05
90.1754 25.2575 10.4337 316.25 3.62724e-05
90.4211 25.2532 10.4223 316.596 3.62724e-05
90.6667 25.2547 10.4112 316.939 3.62724e-05
90.9123 25.2506 10.3998 317.281 3.62724e-05
91.1579 25.2433 10.3887 317.621 3.62724e-05
91.4035 25.2395 10.3778 317.959 3.62724e-05
91.6491 25.2412 10.3666 318.295 3.62724e-05
91.8947 25.2376 10.3558 318.63 3.62724e-05
92.1404 25.2395 10.3449 318.963 3.62724e-05
92.386 25.2416 10.3345 319.294 3.62724e-05
92.6316 25.2382 10.3237 319.623 3.62724e-05
92.8772 25.226 10.3134 319.951 3.62724e-05
93.1228 25.2283 10.3025 320.277 3.62724e-05
93.3684 25.2306 10.2921 320.601 3.62724e-05
93.614 25.2276 10.2817 320.924 3.62724e-05
93.8596 25.2301 10.2718 321.245 3.62724e-05
94.1053 25.2183 10.2614 321.564 3.62724e-05
94.3509 25.221 10.2511 321.882 3.62724e-05
94.5965 25.2183 10.241 322.198 3.62724e-05
94.8421 25.2211 10.2312 322.512 3.62724e-05
95.0877 25.2186 10.2213 322.825 3.62724e-05
95.3333 25.2073 10.2117 323.136 3.62724e-05
95.5789 25.2103 10.2015 323.446 3.62724e-05
95.8246 25.208 10.1918 323.754 3.62724e-05
96.0702 25.2112 10.1823 324.061 3.62724e-05
96.3158 25.2002 10.173 324.366 3.62724e-05
96.5614 25.2035 10.1631 324.669 3.62724e-05
96.807 25.2015 10.1536 324.972 3.62724e-05
97.0526 25.205 10.1444 325.272 3.62724e-05
97.2982 25.2031 10.1351 325.571 3.62724e-05
97.5439 25.1979 10.1257 325.869 3.62724e-05
97.7895 25.1962 10.1165 326.165 3.62724e-05
98.0351 25.1999 10.1077 326.459 3.62724e-05
98.2807 25.1895 10.0984 326.753 3.62724e-05
98.5263 25.1934 10.0893 327.044 3.62724e-05
98.7719 25.1919 10.0804 327.335 3.62724e-05
99.0175 25.1817 10.0719 327.624 3.62724e-05
99.2632 25.1858 10.0626 327.911 3.62724e-05
99.5088 25.1845 10.0538 328.197 3.62724e-05
99.7544 25.1887 10.0455 328.482 3.62724e-05
100 25.1788 10.0365 328.766 3.62724e-05
