13.2982 22.2047 6.94119 488.453 3.8897e-05
13.5439 22.1728 7.1665 472.637 3.8897e-05
13.7895 22.1402 7.39734 457.415 3.8897e-05
14.0351 22.1071 7.63542 442.749 3.8897e-05
14.2807 22.0734 7.88034 428.613 3.8897e-05
14.5263 22.0391 8.13236 414.98 3.8897e-05
14.7719 22.0042 8.39172 401.827 3.8897e-05
15.0175 21.9687 8.65869 389.132 3.8897e-05
15.2632 21.9326 8.9337 376.868 3.8897e-05
15.5088 21.8959 9.21662 365.026 3.8897e-05
15.7544 21.8587 9.50834 353.584 3.8897e-05
16 21.8209 9.80863 342.523 3.8897e-05
16.2456 21.7826 10.1181 331.829 3.8897e-05
16.4912 21.7436 10.4363 321.487 3.8897e-05
16.7368 21.7042 10.7646 311.482 3.8897e-05
16.9825 21.6642 11.1026 301.798 3.8897e-05
17.2281 21.6238 11.4509 292.431 3.8897e-05
17.4737 21.5829 11.8095 283.366 3.8897e-05
17.7193 21.5416 12.179 274.591 3.8897e-05
17.9649 21.5 12.5597 266.098 3.8897e-05
18.2105 21.458 12.9516 257.877 3.8897e-05
18.4561 21.4158 13.3554 249.919 3.8897e-05
18.7018 21.3734 13.7714 242.213 3.8897e-05
18.9474 21.3309 14.1994 234.759 3.8897e-05
19.193 21.2884 14.64 227.547 3.8897e-05
19.4386 21.2459 15.0931 220.569 3.8897e-05
19.6842 21.2037 15.5593 213.82 3.8897e-05
19.9298 21.1617 16.0384 207.295 3.8897e-05
20.1754 21.1202 16.5307 200.989 3.8897e-05
20.4211 21.0793 17.0364 194.895 3.8897e-05
20.6667 21.0393 17.5553 189.014 3.8897e-05
20.9123 21.0002 18.087 183.339 3.8897e-05
21.1579 20.9623 18.6317 177.868 3.8897e-05
21.4035 20.9258 19.1888 172.596 3.8897e-05
21.6491 20.891 19.7582 167.523 3.8897e-05
21.8947 20.8582 20.3392 162.646 3.8897e-05
22.1404 20.8277 20.9314 157.96 3.8897e-05
22.386 20.7998 21.5333 153.467 3.8897e-05
22.6316 20.7748 22.1443 149.166 3.8897e-05
22.8772 20.7532 22.763 145.054 3.8897e-05
23.1228 20.7354 23.388 141.13 3.8897e-05
23.3684 20.7218 24.0177 137.393 3.8897e-05
23.614 20.7128 24.6501 133.844 3.8897e-05
23.8596 20.709 25.2831 130.481 3.8897e-05
24.1053 20.7108 25.9144 127.302 3.8897e-05
24.3509 20.7188 26.5409 124.31 3.8897e-05
24.5965 20.7334 27.16 121.503 3.8897e-05
24.8421 20.7552 27.7686 118.88 3.8897e-05
25.0877 20.7846 28.3633 116.441 3.8897e-05
25.3333 20.8222 28.9407 114.183 3.8897e-05
25.5789 20.8685 29.4971 112.107 3.8897e-05
25.8246 20.9237 30.0293 110.21 3.8897e-05
26.0702 20.9883 30.533 108.492 3.8897e-05
26.3158 21.0627 31.005 106.948 3.8897e-05
26.5614 21.1468 31.4421 105.578 3.8897e-05
26.807 21.2411 31.8407 104.376 3.8897e-05
27.0526 21.3453 32.1985 103.341 3.8897e-05
27.2982 21.4595 32.5128 102.467 3.8897e-05
27.5439 21.5833 32.7819 101.75 3.8897e-05
27.7895 21.7165 33.0041 101.185 3.8897e-05
28.0351 21.8586 33.1786 100.767 3.8897e-05
28.2807 22.0089 33.3053 100.49 3.8897e-05
28.5263 22.1668 33.3844 100.348 3.8897e-05
28.7719 22.3314 33.417 100.335 3.8897e-05
29.0175 22.5018 33.4044 100.444 3.8897e-05
29.2632 22.6769 33.3488 100.67 3.8897e-05
29.5088 22.8558 33.2523 101.005 3.8897e-05
29.7544 23.0372 33.1178 101.442 3.8897e-05
30 23.2201 32.9484 101.976 3.8897e-05
30.2456 23.4033 32.7472 102.599 3.8897e-05
30.4912 23.5859 32.5175 103.306 3.8897e-05
30.7368 23.7666 32.2627 104.091 3.8897e-05
30.9825 23.9447 31.986 104.948 3.8897e-05
31.2281 24.1191 31.6909 105.87 3.8897e-05
31.4737 24.2891 31.3802 106.853 3.8897e-05
31.7193 24.454 31.0569 107.892 3.8897e-05
31.9649 24.6132 30.7236 108.981 3.8897e-05
32.2105 24.7662 30.3829 110.116 3.8897e-05
32.4561 24.9126 30.037 111.293 3.8897e-05
32.7018 25.0521 29.6877 112.508 3.8897e-05
32.9474 25.1845 29.3371 113.757 3.8897e-05
33.193 25.3098 28.9865 115.036 3.8897e-05
33.4386 25.4278 28.6373 116.342 3.8897e-05
33.6842 25.5386 28.2907 117.672 3.8897e-05
33.9298 25.6423 27.9476 119.023 3.8897e-05
34.1754 25.7391 27.6087 120.393 3.8897e-05
34.4211 25.8291 27.2747 121.779 3.8897e-05
34.6667 25.9125 26.9464 123.179 3.8897e-05
34.9123 25.9896 26.624 124.59 3.8897e-05
35.1579 26.0607 26.3078 126.011 3.8897e-05
35.4035 26.1259 25.9982 127.44 3.8897e-05
35.6491 26.1857 25.6952 128.875 3.8897e-05
35.8947 26.2403 25.399 130.315 3.8897e-05
36.1404 26.2899 25.1095 131.76 3.8897e-05
36.386 26.3349 24.8269 133.206 3.8897e-05
36.6316 26.3756 24.5511 134.653 3.8897e-05
36.8772 26.4122 24.2821 136.1 3.8897e-05
37.1228 26.445 24.0197 137.546 3.8897e-05
37.3684 26.4742 23.7639 138.99 3.8897e-05
37.614 26.5001 23.5145 140.432 3.8897e-05
37.8596 26.523 23.2714 141.87 3.8897e-05
38.1053 26.5429 23.0344 143.305 3.8897e-05
38.3509 26.5603 22.8034 144.734 3.8897e-05
38.5965 26.5752 22.5784 146.158 3.8897e-05
38.8421 26.5877 22.3591 147.577 3.8897e-05
39.0877 26.5982 22.1454 148.989 3.8897e-05
39.3333 26.6068 21.937 150.394 3.8897e-05
39.5789 26.6135 21.7339 151.793 3.8897e-05
39.8246 26.6187 21.5359 153.184 3.8897e-05
40.0702 26.6223 21.3428 154.568 3.8897e-05
40.3158 26.6245 21.1546 155.943 3.8897e-05
40.5614 26.6255 20.971 157.311 3.8897e-05
40.807 26.6253 20.7919 158.669 3.8897e-05
41.0526 26.624 20.6172 160.02 3.8897e-05
41.2982 26.6218 20.4467 161.361 3.8897e-05
41.5439 26.6186 20.2802 162.694 3.8897e-05
41.7895 26.6146 20.1178 164.018 3.8897e-05
42.0351 26.6099 19.9593 165.332 3.8897e-05
42.2807 26.6046 19.8045 166.637 3.8897e-05
42.5263 26.5986 19.6533 167.933 3.8897e-05
42.7719 26.5921 19.5056 169.22 3.8897e-05
43.0175 26.585 19.3613 170.497 3.8897e-05
43.2632 26.5775 19.2202 171.764 3.8897e-05
43.5088 26.5696 19.0824 173.022 3.8897e-05
43.7544 26.5613 18.9476 174.271 3.8897e-05
44 26.5527 18.8159 175.51 3.8897e-05
44.2456 26.5439 18.6871 176.739 3.8897e-05
44.4912 26.5347 18.5611 177.958 3.8897e-05
44.7368 26.5253 18.4378 179.169 3.8897e-05
44.9825 26.5157 18.3171 180.37 3.8897e-05
45.2281 26.506 18.1991 181.561 3.8897e-05
45.4737 26.4961 18.0836 182.742 3.8897e-05
45.7193 26.486 17.9704 183.914 3.8897e-05
45.9649 26.4759 17.8597 185.077 3.8897e-05
46.2105 26.4656 17.7512 186.231 3.8897e-05
46.4561 26.4553 17.645 187.375 3.8897e-05
46.7018 26.4449 17.5408 188.51 3.8897e-05
46.9474 26.4345 17.4388 189.635 3.8897e-05
47.193 26.424 17.3388 190.752 3.8897e-05
47.4386 26.4135 17.2408 191.859 3.8897e-05
47.6842 26.403 17.1448 192.958 3.8897e-05
47.9298 26.3925 17.0506 194.047 3.8897e-05
48.1754 26.382 16.9582 195.127 3.8897e-05
48.4211 26.3715 16.8676 196.199 3.8897e-05
48.6667 26.3611 16.7787 197.262 3.8897e-05
48.9123 26.3507 16.6915 198.316 3.8897e-05
49.1579 26.3403 16.6059 199.362 3.8897e-05
49.4035 26.3299 16.5219 200.399 3.8897e-05
49.6491 26.3196 16.4395 201.427 3.8897e-05
49.8947 26.3094 16.3586 202.447 3.8897e-05
50.1404 26.2992 16.2791 203.459 3.8897e-05
50.386 26.289 16.201 204.463 3.8897e-05
50.6316 26.279 16.1244 205.458 3.8897e-05
50.8772 26.2689 16.049 206.445 3.8897e-05
51.1228 26.259 15.975 207.424 3.8897e-05
51.3684 26.2492 15.9024 208.395 3.8897e-05
51.614 26.2393 15.8309 209.359 3.8897e-05
51.8596 26.2296 15.7607 210.314 3.8897e-05
52.1053 26.22 15.6916 211.262 3.8897e-05
52.3509 26.2105 15.6239 212.202 3.8897e-05
52.5965 26.201 15.5571 213.134 3.8897e-05
52.8421 26.1916 15.4915 214.059 3.8897e-05
53.0877 26.1822 15.4269 214.977 3.8897e-05
53.3333 26.173 15.3635 215.887 3.8897e-05
53.5789 26.1639 15.3011 216.789 3.8897e-05
53.8246 26.1548 15.2396 217.685 3.8897e-05
54.0702 26.1458 15.1792 218.574 3.8897e-05
54.3158 26.1369 15.1197 219.455 3.8897e-05
54.5614 26.1281 15.0612 220.329 3.8897e-05
54.807 26.1193 15.0035 221.196 3.8897e-05
55.0526 26.1107 14.9468 222.057 3.8897e-05
55.2982 26.1021 14.8909 222.911 3.8897e-05
55.5439 26.0937 14.836 223.758 3.8897e-05
55.7895 26.0853 14.7818 224.598 3.8897e-05
56.0351 26.077 14.7285 225.432 3.8897e-05
56.2807 26.0687 14.6759 226.259 3.8897e-05
56.5263 26.0606 14.6242 227.08 3.8897e-05
56.7719 26.0525 14.5732 227.894 3.8897e-05
57.0175 26.0445 14.523 228.702 3.8897e-05
57.2632 26.0367 14.4736 229.504 3.8897e-05
57.5088 26.0288 14.4247 230.299 3.8897e-05
57.7544 26.0211 14.3767 231.089 3.8897e-05
58 26.0134 14.3292 231.872 3.8897e-05
58.2456 26.0058 14.2825 232.649 3.8897e-05
58.4912 25.9984 14.2366 233.421 3.8897e-05
58.7368 25.9909 14.1911 234.186 3.8897e-05
58.9825 25.9836 14.1464 234.946 3.8897e-05
59.2281 25.9763 14.1022 235.7 3.8897e-05
59.4737 25.9691 14.0587 236.448 3.8897e-05
59.7193 25.962 14.0158 237.191 3.8897e-05
59.9649 25.9549 13.9734 237.928 3.8897e-05
60.2105 25.948 13.9317 238.659 3.8897e-05
60.4561 25.9411 13.8905 239.385 3.8897e-05
60.7018 25.9342 13.8497 240.106 3.8897e-05
60.9474 25.9275 13.8097 240.822 3.8897e-05
61.193 25.9208 13.7701 241.532 3.8897e-05
61.4386 25.9142 13.731 242.236 3.8897e-05
61.6842 25.9076 13.6924 242.936 3.8897e-05
61.9298 25.9011 13.6543 243.63 3.8897e-05
62.1754 25.8947 13.6168 244.319 3.8897e-05
62.4211 25.8883 13.5796 245.004 3.8897e-05
62.6667 25.882 13.543 245.683 3.8897e-05
62.9123 25.8758 13.5068 246.357 3.8897e-05
63.1579 25.8696 13.4711 247.027 3.8897e-05
63.4035 25.8636 13.4359 247.691 3.8897e-05
63.6491 25.8575 13.401 248.351 3.8897e-05
63.8947 25.8515 13.3666 249.006 3.8897e-05
64.1404 25.8456 13.3326 249.657 3.8897e-05
64.386 25.8398 13.2992 250.303 3.8897e-05
64.6316 25.834 13.266 250.944 3.8897e-05
64.8772 25.8282 13.2332 251.581 3.8897e-05
65.1228 25.8226 13.2009 252.213 3.8897e-05
65.3684 25.8169 13.1688 252.84 3.8897e-05
65.614 25.8114 13.1373 253.464 3.8897e-05
65.8596 25.8059 13.1061 254.083 3.8897e-05
66.1053 25.8004 13.0752 254.697 3.8897e-05
66.3509 25.795 13.0447 255.308 3.8897e-05
66.5965 25.7896 13.0145 255.914 3.8897e-05
66.8421 25.7844 12.9849 256.516 3.8897e-05
67.0877 25.7791 12.9553 257.113 3.8897e-05
67.3333 25.7739 12.9262 257.707 3.8897e-05
67.5789 25.7687 12.8973 258.296 3.8897e-05
67.8246 25.7637 12.869 258.882 3.8897e-05
68.0702 25.7586 12.8408 259.464 3.8897e-05
68.3158 25.7537 12.8131 260.041 3.8897e-05
68.5614 25.7486 12.7853 260.615 3.8897e-05
68.807 25.7438 12.7583 261.184 3.8897e-05
69.0526 25.7389 12.7313 261.75 3.8897e-05
69.2982 25.7341 12.7047 262.312 3.8897e-05
69.5439 25.7294 12.6784 262.871 3.8897e-05
69.7895 25.7246 12.6522 263.426 3.8897e-05
70.0351 25.72 12.6266 263.977 3.8897e-05
70.2807 25.7154 12.6012 264.524 3.8897e-05
70.5263 25.7107 12.5757 265.067 3.8897e-05
70.7719 25.7062 12.5508 265.607 3.8897e-05
71.0175 25.7017 12.5262 266.144 3.8897e-05
71.2632 25.6972 12.5016 266.677 3.8897e-05
71.5088 25.6929 12.4777 267.207 3.8897e-05
71.7544 25.6885 12.4537 267.733 3.8897e-05
72 25.6841 12.4299 268.255 3.8897e-05
72.2456 25.6798 12.4064 268.774 3.8897e-05
72.4912 25.6756 12.3834 269.29 3.8897e-05
72.7368 25.6714 12.3604 269.803 3.8897e-05
72.9825 25.6672 12.3376 270.312 3.8897e-05
73.2281 25.663 12.315 270.818 3.8897e-05
73.4737 25.6589 12.2928 271.321 3.8897e-05
73.7193 25.6549 12.2708 271.82 3.8897e-05
73.9649 25.6509 12.2491 272.317 3.8897e-05
74.2105 25.6468 12.2273 272.81 3.8897e-05
74.4561 25.6429 12.206 273.3 3.8897e-05
74.7018 25.639 12.1848 273.787 3.8897e-05
74.9474 25.6351 12.1638 274.271 3.8897e-05
75.193 25.6313 12.1431 274.752 3.8897e-05
75.4386 25.6275 12.1226 275.23 3.8897e-05
75.6842 25.6236 12.102 275.705 3.8897e-05
75.9298 25.6199 12.0819 276.177 3.8897e-05
76.1754 25.6162 12.0619 276.646 3.8897e-05
76.4211 25.6125 12.0421 277.112 3.8897e-05
76.6667 25.6089 12.0226 277.576 3.8897e-05
76.9123 25.6052 12.003 278.036 3.8897e-05
77.1579 25.6017 11.9839 278.494 3.8897e-05
77.4035 25.5981 11.9648 278.949 3.8897e-05
77.6491 25.5945 11.9457 279.401 3.8897e-05
77.8947 25.591 11.927 279.85 3.8897e-05
78.1404 25.5875 11.9084 280.297 3.8897e-05
78.386 25.5841 11.8901 280.741 3.8897e-05
78.6316 25.5807 11.8719 281.182 3.8897e-05
78.8772 25.5773 11.8539 281.621 3.8897e-05
79.1228 25.574 11.8361 282.057 3.8897e-05
79.3684 25.5706 11.8182 282.49 3.8897e-05
79.614 25.5673 11.8007 282.921 3.8897e-05
79.8596 25.564 11.7832 283.349 3.8897e-05
80.1053 25.5608 11.766 283.775 3.8897e-05
80.3509 25.5576 11.749 284.198 3.8897e-05
80.5965 25.5544 11.732 284.619 3.8897e-05
80.8421 25.5512 11.7151 285.037 3.8897e-05
81.0877 25.5481 11.6986 285.453 3.8897e-05
81.3333 25.5449 11.6819 285.866 3.8897e-05
81.5789 25.5419 11.6657 286.277 3.8897e-05
81.8246 25.5388 11.6494 286.686 3.8897e-05
82.0702 25.5357 11.6332 287.092 3.8897e-05
82.3158 25.5327 11.6173 287.496 3.8897e-05
82.5614 25.5297 11.6015 287.897 3.8897e-05
82.807 25.5268 11.5859 288.297 3.8897e-05
83.0526 25.5238 11.5703 288.693 3.8897e-05
83.2982 25.5209 11.5549 289.088 3.8897e-05
83.5439 25.518 11.5396 289.481 3.8897e-05
83.7895 25.5151 11.5244 289.871 3.8897e-05
84.0351 25.5122 11.5093 290.259 3.8897e-05
84.2807 25.5094 11.4944 290.645 3.8897e-05
84.5263 25.5065 11.4795 291.028 3.8897e-05
84.7719 25.5038 11.465 291.41 3.8897e-05
85.0175 25.501 11.4504 291.789 3.8897e-05
85.2632 25.4982 11.4358 292.166 3.8897e-05
85.5088 25.4955 11.4216 292.542 3.8897e-05
85.7544 25.4928 11.4074 292.915 3.8897e-05
86 25.4901 11.3933 293.286 3.8897e-05
86.2456 25.4874 11.3792 293.654 3.8897e-05
86.4912 25.4849 11.3657 294.021 3.8897e-05
86.7368 25.4822 11.3518 294.386 3.8897e-05
86.9825 25.4796 11.3381 294.749 3.8897e-05
87.2281 25.477 11.3246 295.11 3.8897e-05
87.4737 25.4744 11.3111 295.469 3.8897e-05
87.7193 25.4719 11.2978 295.826 3.8897e-05
87.9649 25.4694 11.2847 296.181 3.8897e-05
88.2105 25.4668 11.2714 296.534 3.8897e-05
88.4561 25.4644 11.2586 296.885 3.8897e-05
88.7018 25.4619 11.2456 297.235 3.8897e-05
88.9474 25.4594 11.2327 297.582 3.8897e-05
89.193 25.4569 11.2198 297.928 3.8897e-05
89.4386 25.4546 11.2075 298.271 3.8897e-05
89.6842 25.4521 11.1947 298.613 3.8897e-05
89.9298 25.4497 11.1823 298.953 3.8897e-05
90.1754 25.4474 11.1701 299.291 3.8897e-05
90.4211 25.445 11.1577 299.628 3.8897e-05
90.6667 25.4427 11.1457 299.963 3.8897e-05
90.9123 25.4403 11.1334 300.296 3.8897e-05
91.1579 25.438 11.1214 300.627 3.8897e-05
91.4035 25.4358 11.1098 300.956 3.8897e-05
91.6491 25.4335 11.0979 301.284 3.8897e-05
91.8947 25.4312 11.0861 301.61 3.8897e-05
92.1404 25.429 11.0745 301.934 3.8897e-05
92.386 25.4268 11.063 302.257 3.8897e-05
92.6316 25.4246 11.0516 302.578 3.8897e-05
92.8772 25.4224 11.0402 302.897 3.8897e-05
93.1228 25.4202 11.0289 303.215 3.8897e-05
93.3684 25.418 11.0176 303.531 3.8897e-05
93.614 25.4159 11.0066 303.845 3.8897e-05
93.8596 25.4138 10.9956 304.158 3.8897e-05
94.1053 25.4117 10.9847 304.469 3.8897e-05
94.3509 25.4095 10.9735 304.779 3.8897e-05
94.5965 25.4075 10.9629 305.087 3.8897e-05
94.8421 25.4054 10.9521 305.394 3.8897e-05
95.0877 25.4033 10.9414 305.699 3.8897e-05
95.3333 25.4012 10.9307 306.002 3.8897e-05
95.5789 25.3992 10.9202 306.304 3.8897e-05
95.8246 25.3972 10.9098 306.604 3.8897e-05
96.0702 25.3952 10.8995 306.903 3.8897e-05
96.3158 25.3931 10.8889 307.201 3.8897e-05
96.5614 25.3912 10.8789 307.497 3.8897e-05
96.807 25.3892 10.8686 307.791 3.8897e-05
97.0526 25.3873 10.8587 308.084 3.8897e-05
97.2982 25.3853 10.8485 308.376 3.8897e-05
97.5439 25.3834 10.8386 308.666 3.8897e-05
97.7895 25.3815 10.8288 308.954 3.8897e-05
98.0351 25.3795 10.8187 309.242 3.8897e-05
98.2807 25.3776 10.809 309.528 3.8897e-05
98.5263 25.3758 10.7995 309.812 3.8897e-05
98.7719 25.3739 10.7898 310.095 3.8897e-05
99.0175 25.3721 10.7803 310.377 3.8897e-05
99.2632 25.3702 10.7707 310.657 3.8897e-05
99.5088 25.3684 10.7614 310.936 3.8897e-05
99.7544 25.3666 10.752 311.214 3.8897e-05
100 25.3648 10.7427 311.49 3.8897e-05
