#S data
#N 4
#L f1  f2  size_at_f2  size_at_sample
2  23.2294  4362.33  4.30227 
2.098  23.2292  4173.09  4.30478 
2.196  23.2137  3998.53  4.32255 
2.294  23.2132  3836.99  4.32082 
2.392  23.2031  3687.05  4.33474 
2.49  23.2022  3547.49  4.33469 
2.588  23.1918  3417.26  4.34935 
2.686  23.1905  3295.44  4.35043 
2.784  23.1797  3181.24  4.36637 
2.882  23.1781  3073.96  4.36812 
2.98  23.167  2972.99  4.38597 
3.078  23.165  2877.77  4.38803 
3.176  23.1627  2787.84  4.39378 
3.274  23.1511  2702.75  4.41062 
3.372  23.1485  2622.13  4.41602 
3.47  23.1365  2545.63  4.43652 
3.568  23.1335  2472.94  4.44148 
3.666  23.1304  2403.79  4.44908 
3.764  23.1178  2337.91  4.47109 
3.862  23.1142  2275.08  4.47801 
3.96  23.1105  2215.1  4.48704 
4.058  23.1065  2157.77  4.49792 
4.156  23.0932  2102.92  4.5207 
4.254  23.0888  2050.39  4.53078 
4.352  23.0842  2000.05  4.54238 
4.45  23.0703  1951.74  4.5711 
4.548  23.0709  1905.36  4.57242 
4.646  23.0657  1860.79  4.5865 
4.744  23.0602  1817.93  4.60156 
4.842  23.0456  1776.67  4.62931 
4.94  23.0397  1736.94  4.64424 
5.038  23.0336  1698.64  4.66014 
5.136  23.0273  1661.71  4.67692 
5.234  23.0208  1626.06  4.69452 
5.332  23.0196  1591.64  4.70731 
5.43  23.0126  1558.38  4.72662 
5.528  22.9965  1526.23  4.75806 
5.626  22.9891  1495.12  4.77879 
5.724  22.9815  1465.02  4.80039 
5.822  22.9736  1435.86  4.82291 
5.92  22.971  1407.62  4.83603 
6.018  22.9626  1380.23  4.85977 
6.116  22.9541  1353.68  4.88446 
6.214  22.9453  1327.92  4.91021 
6.312  22.9417  1302.91  4.92779 
6.41  22.9324  1278.62  4.95457 
6.508  22.9229  1255.03  4.98264 
6.606  22.9131  1232.1  5.01214 
6.704  22.9085  1209.81  5.03233 
6.802  22.907  1188.12  5.05237 
6.9  22.8965  1167.02  5.08164 
6.998  22.8912  1146.48  5.10765 
7.096  22.8802  1126.48  5.13841 
7.194  22.8689  1107.01  5.17133 
7.292  22.8627  1088.02  5.1984 
7.39  22.851  1069.52  5.23358 
7.488  22.8476  1051.49  5.25822 
7.586  22.8407  1033.9  5.28866 
7.684  22.8281  1016.73  5.32486 
7.782  22.8153  999.984  5.36439 
7.88  22.8162  983.635  5.38658 
7.978  22.8028  967.67  5.42469 
8.076  22.7945  952.078  5.45899 
8.174  22.7892  936.845  5.49142 
8.272  22.7804  921.959  5.52755 
8.37  22.7659  907.409  5.56977 
8.468  22.765  893.183  5.60064 
8.566  22.75  879.271  5.64274 
8.664  22.7348  865.662  5.69027 
8.762  22.733  852.348  5.71989 
8.86  22.7172  839.319  5.76838 
8.958  22.7148  826.565  5.80077 
9.056  22.7036  814.078  5.84404 
9.154  22.6954  801.851  5.88529 
9.252  22.6836  789.875  5.93057 
9.35  22.6747  778.143  5.97362 
9.448  22.6624  766.647  6.02124 
9.546  22.6581  755.381  6.06131 
9.644  22.6483  744.338  6.10743 
9.742  22.6351  733.512  6.1571 
9.84  22.6247  722.895  6.20518 
9.938  22.6191  712.484  6.25017 
10.036  22.6049  702.271  6.30248 
10.134  22.5936  692.251  6.35365 
10.232  22.587  682.419  6.40136 
10.33  22.5719  672.77  6.45726 
10.428  22.5596  663.299  6.51191 
10.526  22.5521  654.002  6.56192 
10.624  22.5442  644.872  6.61388 
10.722  22.536  635.908  6.66756 
10.82  22.5275  627.103  6.72277 
10.918  22.5135  618.454  6.78081 
11.016  22.5043  609.957  6.8378 
11.114  22.4866  601.609  6.90064 
11.212  22.4767  593.405  6.95907 
11.31  22.4615  585.341  7.02325 
11.408  22.4509  577.416  7.08374 
11.506  22.44  569.624  7.14547 
11.604  22.4368  561.963  7.20336 
11.702  22.4252  554.43  7.26756 
11.8  22.4132  547.022  7.33282 
11.898  22.4009  539.736  7.39913 
11.996  22.3883  532.569  7.46655 
12.094  22.3753  525.518  7.53512 
12.192  22.362  518.581  7.60489 
12.29  22.3483  511.755  7.67593 
12.388  22.3422  505.037  7.74418 
12.486  22.3278  498.426  7.81702 
12.584  22.3131  491.919  7.89128 
12.682  22.298  485.513  7.96706 
12.78  22.2905  479.207  8.0397 
12.878  22.2747  472.998  8.1175 
12.976  22.2665  466.884  8.19309 
13.074  22.25  460.863  8.27304 
13.172  22.2333  454.934  8.35492 
13.27  22.2239  449.094  8.43356 
13.368  22.2065  443.342  8.51799 
13.466  22.2012  437.676  8.5972 
13.564  22.1831  432.094  8.68336 
13.662  22.1723  426.594  8.76758 
13.76  22.1535  421.175  8.85682 
13.858  22.1468  415.835  8.94145 
13.956  22.135  410.573  9.02998 
14.054  22.1153  405.387  9.12228 
14.152  22.1028  400.276  9.21313 
14.25  22.0947  395.238  9.30421 
14.348  22.074  390.272  9.40017 
14.446  22.0605  385.377  9.49515 
14.544  22.0467  380.551  9.59153 
14.642  22.0373  375.793  9.68803 
14.74  22.0228  371.102  9.78723 
14.838  22.0006  366.476  9.89029 
14.936  21.9902  361.916  9.99052 
15.034  21.9749  357.418  10.094 
15.132  21.9639  352.983  10.1976 
15.23  21.948  348.609  10.3038 
15.328  21.9364  344.295  10.4106 
15.426  21.9199  340.041  10.5197 
15.524  21.9077  335.844  10.6295 
15.622  21.8908  331.705  10.7415 
15.72  21.8736  327.622  10.855 
15.818  21.8606  323.595  10.9692 
15.916  21.843  319.622  11.0858 
16.014  21.8296  315.702  11.2031 
16.112  21.8115  311.836  11.3227 
16.21  21.7977  308.022  11.4431 
16.308  21.7792  304.258  11.566 
16.406  21.7651  300.546  11.6895 
16.504  21.7507  296.883  11.8146 
16.602  21.7318  293.269  11.9423 
16.7  21.7244  289.703  12.0695 
16.798  21.7052  286.185  12.2001 
16.896  21.6904  282.714  12.3318 
16.994  21.671  279.289  12.4659 
17.092  21.656  275.909  12.6009 
17.19  21.6366  272.575  12.7385 
17.288  21.6286  269.285  12.8756 
17.386  21.6135  266.039  13.0157 
17.484  21.5941  262.836  13.1581 
17.582  21.579  259.676  13.3016 
17.68  21.5598  256.558  13.4475 
17.778  21.5449  253.482  13.5944 
17.876  21.537  250.447  13.7424 
17.974  21.518  247.452  13.8932 
18.072  21.5035  244.498  14.0454 
18.17  21.485  241.584  14.1999 
18.268  21.4709  238.708  14.3556 
18.366  21.4528  235.872  14.5136 
18.464  21.4393  233.074  14.6728 
18.562  21.4218  230.314  14.8344 
18.66  21.409  227.591  14.9971 
18.758  21.3923  224.906  15.1622 
18.856  21.3802  222.258  15.3285 
18.954  21.3645  219.646  15.497 
19.052  21.3493  217.07  15.6673 
19.15  21.3387  214.53  15.839 
19.248  21.3247  212.025  16.0127 
19.346  21.3046  209.555  16.1889 
19.444  21.296  207.121  16.3657 
19.542  21.2774  204.72  16.5452 
19.64  21.2663  202.354  16.7258 
19.738  21.256  200.022  16.9081 
19.836  21.24  197.724  17.0927 
19.934  21.2251  195.459  17.2789 
20.032  21.2111  193.227  17.4667 
20.13  21.2089  191.028  17.6552 
20.228  21.1931  188.862  17.8463 
20.326  21.1827  186.728  18.0387 
20.424  21.1735  184.626  18.2327 
20.522  21.1592  182.556  18.4285 
20.62  21.1488  180.519  18.6257 
20.718  21.1374  178.512  18.8243 
20.816  21.1302  176.538  19.0241 
20.914  21.122  174.594  19.2254 
21.012  21.1117  172.682  19.4282 
21.11  21.1032  170.8  19.6321 
21.208  21.0966  168.95  19.8372 
21.306  21.0959  167.129  20.043 
21.404  21.0934  165.34  20.2501 
21.502  21.0826  163.58  20.4587 
21.6  21.078  161.851  20.6679 
21.698  21.0759  160.152  20.8779 
21.796  21.0722  158.483  21.0889 
21.894  21.0646  156.843  21.3008 
21.992  21.0701  155.234  21.5125 
22.09  21.0679  153.653  21.7253 
22.188  21.0685  152.103  21.9383 
22.286  21.0722  150.581  22.1516 
22.384  21.0684  149.089  22.3655 
22.482  21.0718  147.626  22.5792 
22.58  21.0745  146.192  22.7929 
22.678  21.0844  144.787  23.0062 
22.776  21.0835  143.411  23.2198 
22.874  21.0965  142.064  23.4324 
22.972  21.1003  140.746  23.6449 
23.07  21.1143  139.456  23.8564 
23.168  21.1217  138.194  24.0675 
23.266  21.1331  136.961  24.2774 
23.364  21.1485  135.756  24.4862 
23.462  21.1616  134.58  24.6939 
23.56  21.1748  133.431  24.9003 
23.658  21.1924  132.311  25.105 
23.756  21.212  131.219  25.3079 
23.854  21.2279  130.154  25.5092 
23.952  21.2524  129.117  25.7083 
24.05  21.2709  128.108  25.9054 
24.148  21.2983  127.127  26.0999 
24.246  21.3196  126.172  26.2922 
24.344  21.3417  125.246  26.4818 
24.442  21.3728  124.346  26.6684 
24.54  21.3979  123.473  26.8522 
24.638  21.428  122.628  27.0328 
24.736  21.4631  121.809  27.2099 
24.834  21.4965  121.017  27.3837 
24.932  21.5306  120.251  27.5539 
25.03  21.5629  119.512  27.7204 
25.128  21.6002  118.799  27.8829 
25.226  21.6383  118.111  28.0413 
25.324  21.6787  117.45  28.1956 
25.422  21.7268  116.815  28.3453 
25.52  21.7656  116.204  28.4909 
25.618  21.8094  115.62  28.6318 
25.716  21.8535  115.06  28.7681 
25.814  21.9069  114.525  28.8994 
25.912  21.9531  114.015  29.0259 
26.01  21.9994  113.529  29.1475 
26.108  22.0472  113.067  29.2641 
26.206  22.107  112.629  29.3752 
26.304  22.1587  112.215  29.4814 
26.402  22.2069  111.825  29.5823 
26.5  22.2668  111.457  29.6777 
26.598  22.3226  111.113  29.7679 
26.696  22.3822  110.791  29.8525 
26.794  22.4322  110.491  29.932 
26.892  22.4986  110.213  30.0057 
26.99  22.5548  109.958  30.0742 
27.088  22.6139  109.723  30.1372 
27.186  22.6755  109.51  30.1947 
27.284  22.7312  109.317  30.2469 
27.382  22.7974  109.145  30.2936 
27.48  22.8517  108.993  30.3352 
27.578  22.9216  108.861  30.3711 
27.676  22.9843  108.748  30.4019 
27.774  23.0425  108.654  30.4277 
27.872  23.1072  108.58  30.4482 
27.97  23.1668  108.523  30.4638 
28.068  23.2418  108.485  30.474 
28.166  23.3077  108.465  30.4796 
28.264  23.3676  108.461  30.4805 
28.362  23.4328  108.475  30.4766 
28.46  23.4913  108.506  30.4682 
28.558  23.5548  108.553  30.4552 
28.656  23.6108  108.616  30.438 
28.754  23.6815  108.695  30.4162 
28.852  23.7402  108.789  30.3905 
28.95  23.8072  108.897  30.3606 
29.048  23.8614  109.021  30.327 
29.146  23.9234  109.158  30.2895 
29.244  23.9827  109.31  30.2483 
29.342  24.0498  109.475  30.2034 
29.44  24.1026  109.653  30.1553 
29.538  24.1586  109.845  30.1039 
29.636  24.2151  110.048  30.0492 
29.734  24.2747  110.264  29.9915 
29.832  24.3302  110.492  29.9309 
29.93  24.3813  110.731  29.8675 
30.028  24.4396  110.982  29.8013 
30.126  24.4933  111.244  29.7327 
30.224  24.5496  111.516  29.6615 
30.322  24.5932  111.798  29.5882 
30.42  24.6517  112.09  29.5124 
30.518  24.6973  112.393  29.4348 
30.616  24.7451  112.704  29.3551 
30.714  24.7954  113.025  29.2735 
30.812  24.845  113.354  29.1901 
30.91  24.8888  113.692  29.1052 
31.008  24.9351  114.038  29.0186 
31.106  24.9754  114.393  28.9307 
31.204  25.0233  114.755  28.8413 
31.302  25.0653  115.124  28.7506 
31.4  25.1012  115.501  28.6589 
31.498  25.1395  115.885  28.5661 
31.596  25.1771  116.276  28.4723 
31.694  25.2174  116.673  28.3774 
31.792  25.2515  117.076  28.2818 
31.89  25.2884  117.486  28.1854 
31.988  25.3248  117.901  28.0883 
32.086  25.3551  118.322  27.9907 
32.184  25.3885  118.748  27.8925 
32.282  25.4215  119.18  27.7938 
32.38  25.4521  119.617  27.6947 
32.478  25.4825  120.058  27.5952 
32.576  25.5129  120.504  27.4954 
32.674  25.541  120.955  27.3954 
32.772  25.5693  121.41  27.2952 
32.87  25.6015  121.869  27.1947 
32.968  25.6183  122.332  27.0945 
33.066  25.649  122.798  26.9939 
33.164  25.6705  123.268  26.8935 
33.262  25.6902  123.742  26.7932 
33.36  25.7107  124.219  26.6929 
33.458  25.7422  124.699  26.5925 
33.556  25.7623  125.182  26.4925 
33.654  25.7836  125.668  26.3926 
33.752  25.8037  126.157  26.293 
33.85  25.8149  126.648  26.1938 
33.948  25.8315  127.142  26.0948 
34.046  25.8602  127.638  25.9958 
34.144  25.8779  128.136  25.8973 
34.242  25.8869  128.637  25.7994 
34.34  25.9125  129.139  25.7016 
34.438  25.9232  129.643  25.6044 
34.536  25.9402  130.149  25.5075 
34.634  25.9529  130.657  25.4112 
34.732  25.9615  131.166  25.3154 
34.83  25.9728  131.676  25.22 
34.928  25.9842  132.188  25.1251 
35.026  25.9986  132.701  25.0306 
35.124  26.0091  133.216  24.9368 
35.222  26.0161  133.731  24.8435 
35.32  26.0372  134.248  24.7505 
35.418  26.037  134.765  24.6585 
35.516  26.0445  135.283  24.5669 
35.614  26.0555  135.802  24.4757 
35.712  26.0745  136.321  24.385 
35.81  26.0723  136.842  24.2953 
35.908  26.0851  137.362  24.2059 
36.006  26.1019  137.883  24.117 
36.104  26.1089  138.405  24.0289 
36.202  26.1131  138.927  23.9415 
36.3  26.1146  139.449  23.8547 
36.398  26.1134  139.971  23.7687 
36.496  26.128  140.494  23.6829 
36.594  26.1217  141.016  23.5983 
36.692  26.1313  141.539  23.5138 
36.79  26.1387  142.062  23.43 
36.888  26.1437  142.584  23.3469 
36.986  26.1579  143.107  23.2643 
37.084  26.1516  143.629  23.1827 
37.182  26.1502  144.151  23.1017 
37.28  26.1653  144.673  23.0208 
37.378  26.1599  145.194  22.9411 
37.476  26.1641  145.716  22.8618 
37.574  26.1664  146.236  22.7832 
37.672  26.1741  146.757  22.7051 
37.77  26.1729  147.277  22.6278 
37.868  26.1772  147.796  22.551 
37.966  26.1728  148.315  22.475 
38.064  26.1854  148.833  22.3992 
38.162  26.1779  149.351  22.3246 
38.26  26.1761  149.868  22.2504 
38.358  26.1843  150.385  22.1765 
38.456  26.1841  150.9  22.1035 
38.554  26.1897  151.415  22.031 
38.652  26.1824  151.93  21.9593 
38.75  26.1855  152.443  21.888 
38.848  26.1874  152.956  21.8173 
38.946  26.1881  153.468  21.7473 
39.044  26.1877  153.979  21.6778 
39.142  26.1863  154.489  21.609 
39.24  26.1838  154.999  21.5408 
39.338  26.1803  155.507  21.4732 
39.436  26.1874  156.015  21.4058 
39.534  26.182  156.521  21.3394 
39.632  26.1828  157.027  21.2733 
39.73  26.1757  157.531  21.2081 
39.828  26.1792  158.035  21.143 
39.926  26.1705  158.537  21.079 
40.024  26.1795  159.039  21.0148 
40.122  26.1807  159.539  20.9515 
40.22  26.1768  160.039  20.8888 
40.318  26.1766  160.537  20.8266 
40.416  26.1642  161.034  20.7654 
40.514  26.1698  161.53  20.7039 
40.612  26.1677  162.025  20.6433 
40.71  26.1721  162.519  20.5831 
40.808  26.1687  163.012  20.5235 
40.906  26.1605  163.503  20.4647 
41.004  26.1561  163.994  20.4062 
41.102  26.1583  164.483  20.3479 
41.2  26.153  164.971  20.2905 
41.298  26.1542  165.458  20.2332 
41.396  26.155  165.943  20.1765 
41.494  26.1482  166.428  20.1205 
41.592  26.1482  166.911  20.0648 
41.69  26.1477  167.393  20.0095 
41.788  26.1398  167.873  19.955 
41.886  26.1386  168.353  19.9006 
41.984  26.13  168.831  19.8471 
42.082  26.1394  169.308  19.7933 
42.18  26.1372  169.784  19.7403 
42.278  26.1347  170.258  19.6878 
42.376  26.1248  170.731  19.636 
42.474  26.1217  171.203  19.5844 
42.572  26.1183  171.673  19.5333 
42.67  26.126  172.143  19.4822 
42.768  26.1152  172.611  19.4321 
42.866  26.1111  173.077  19.3822 
42.964  26.1068  173.543  19.3328 
43.062  26.1135  174.007  19.2834 
43.16  26.1018  174.47  19.235 
43.258  26.0969  174.931  19.1868 
43.356  26.1031  175.391  19.1385 
43.454  26.0978  175.85  19.0911 
43.552  26.0924  176.308  19.0441 
43.65  26.0799  176.764  18.9978 
43.748  26.0855  177.219  18.951 
43.846  26.0796  177.672  18.9052 
43.944  26.0848  178.125  18.8593 
44.042  26.0788  178.576  18.8141 
44.14  26.0726  179.025  18.7694 
44.238  26.0775  179.474  18.7246 
44.336  26.0642  179.921  18.6808 
44.434  26.0577  180.366  18.6372 
44.532  26.0623  180.811  18.5934 
44.63  26.0557  181.254  18.5504 
44.728  26.049  181.695  18.5079 
44.826  26.0533  182.136  18.4651 
44.924  26.0465  182.575  18.4232 
45.022  26.0507  183.013  18.3812 
45.12  26.037  183.449  18.3402 
45.218  26.0411  183.884  18.2988 
45.316  26.0341  184.318  18.2581 
45.414  26.0271  184.75  18.2179 
45.512  26.031  185.182  18.1774 
45.61  26.024  185.611  18.1377 
45.708  26.0279  186.04  18.098 
45.806  26.0208  186.467  18.0589 
45.904  26.0069  186.893  18.0206 
46.002  26.0107  187.318  17.9815 
46.1  26.0036  187.741  17.9435 
46.198  26.0074  188.163  17.9051 
46.296  26.0003  188.584  17.8676 
46.394  26.0041  189.003  17.8299 
46.492  25.997  189.421  17.7928 
46.59  25.9832  189.838  17.7566 
46.688  25.987  190.253  17.7196 
46.786  25.9799  190.668  17.6835 
46.884  25.9838  191.081  17.6471 
46.982  25.9768  191.492  17.6115 
47.08  25.9698  191.903  17.5762 
47.178  25.9737  192.312  17.5406 
47.276  25.9668  192.72  17.5058 
47.374  25.9707  193.126  17.4708 
47.472  25.9572  193.531  17.4369 
47.57  25.9612  193.935  17.4023 
47.668  25.9544  194.338  17.3685 
47.766  25.9477  194.74  17.3351 
47.864  25.9517  195.14  17.3013 
47.962  25.9451  195.539  17.2682 
48.06  25.9492  195.936  17.235 
48.158  25.936  196.333  17.2027 
48.256  25.9296  196.728  17.1705 
48.354  25.9338  197.122  17.1378 
48.452  25.9274  197.515  17.1059 
48.55  25.9211  197.906  17.0744 
48.648  25.9255  198.297  17.0424 
48.746  25.9193  198.686  17.0112 
48.844  25.9238  199.073  16.9799 
48.942  25.9111  199.46  16.9494 
49.04  25.905  199.845  16.9189 
49.138  25.9097  200.23  16.8881 
49.236  25.9037  200.612  16.858 
49.334  25.9085  200.994  16.8277 
49.432  25.8961  201.375  16.7983 
49.53  25.8904  201.754  16.7688 
49.628  25.8953  202.132  16.739 
49.726  25.8897  202.509  16.71 
49.824  25.8842  202.885  16.6811 
49.922  25.8892  203.259  16.6521 
50.02  25.8773  203.633  16.6239 
50.118  25.872  204.005  16.5956 
50.216  25.8772  204.376  16.567 
50.314  25.872  204.746  16.5391 
50.412  25.8669  205.115  16.5115 
50.51  25.8554  205.482  16.4845 
50.608  25.8609  205.849  16.4565 
50.706  25.856  206.214  16.4294 
50.804  25.8511  206.578  16.4024 
50.902  25.8568  206.941  16.3751 
51  25.8456  207.303  16.3489 
51.098  25.841  207.663  16.3225 
51.196  25.8469  208.023  16.2957 
51.294  25.8424  208.381  16.2696 
51.392  25.838  208.738  16.2437 
51.49  25.8272  209.094  16.2185 
51.588  25.8334  209.449  16.1923 
51.686  25.8292  209.803  16.1669 
51.784  25.8251  210.156  16.1417 
51.882  25.8146  210.508  16.1171 
51.98  25.821  210.858  16.0915 
52.078  25.8171  211.208  16.0668 
52.176  25.8133  211.556  16.0422 
52.274  25.8096  211.903  16.0178 
52.372  25.7995  212.25  15.9941 
52.47  25.8062  212.595  15.9692 
52.568  25.8027  212.939  15.9453 
52.666  25.7993  213.282  15.9215 
52.764  25.7895  213.624  15.8983 
52.862  25.7965  213.964  15.8741 
52.96  25.7933  214.304  15.8507 
53.058  25.7901  214.643  15.8275 
53.156  25.7807  214.98  15.8049 
53.254  25.7777  215.317  15.782 
53.352  25.7748  215.653  15.7592 
53.45  25.7822  215.987  15.7359 
53.548  25.7731  216.32  15.7138 
53.646  25.7703  216.653  15.6914 
53.744  25.7677  216.984  15.6692 
53.842  25.7588  217.315  15.6476 
53.94  25.7665  217.644  15.6249 
54.038  25.7641  217.972  15.6031 
54.136  25.7618  218.299  15.5814 
54.234  25.7532  218.626  15.5602 
54.332  25.751  218.951  15.5388 
54.43  25.7489  219.275  15.5175 
54.528  25.7405  219.598  15.4968 
54.626  25.7487  219.921  15.475 
54.724  25.7468  220.242  15.4541 
54.822  25.7387  220.562  15.4337 
54.92  25.7369  220.882  15.413 
55.018  25.7352  221.2  15.3924 
55.116  25.7335  221.517  15.372 
55.214  25.7257  221.834  15.3521 
55.312  25.7242  222.149  15.3319 
55.41  25.7166  222.463  15.3123 
55.508  25.7253  222.777  15.2915 
55.606  25.724  223.089  15.2717 
55.704  25.7228  223.401  15.252 
55.802  25.7154  223.711  15.2327 
55.9  25.7143  224.021  15.2132 
55.998  25.7133  224.33  15.1938 
56.096  25.7062  224.637  15.1749 
56.194  25.7053  224.944  15.1557 
56.292  25.7045  225.25  15.1366 
56.39  25.6975  225.555  15.118 
56.488  25.6969  225.859  15.0991 
56.586  25.6901  226.162  15.0809 
56.684  25.6895  226.464  15.0622 
56.782  25.689  226.766  15.0436 
56.88  25.6825  227.066  15.0256 
56.978  25.6821  227.365  15.0072 
57.076  25.6818  227.664  14.9889 
57.174  25.6754  227.962  14.9713 
57.272  25.6753  228.258  14.9532 
57.37  25.669  228.554  14.9357 
57.468  25.669  228.849  14.9178 
57.566  25.6691  229.143  14.9 
57.664  25.663  229.436  14.8828 
57.762  25.6632  229.729  14.8652 
57.86  25.6573  230.02  14.8483 
57.958  25.6576  230.311  14.8308 
58.056  25.6579  230.6  14.8134 
58.154  25.6522  230.889  14.7967 
58.252  25.6527  231.177  14.7795 
58.35  25.6532  231.464  14.7625 
58.448  25.6477  231.75  14.746 
58.546  25.6484  232.036  14.7291 
58.644  25.643  232.32  14.7129 
58.742  25.6437  232.604  14.6961 
58.84  25.6446  232.887  14.6796 
58.938  25.6394  233.169  14.6635 
59.036  25.6403  233.45  14.6471 
59.134  25.6352  233.73  14.6312 
59.232  25.6363  234.01  14.615 
59.33  25.6374  234.288  14.5989 
59.428  25.6325  234.566  14.5832 
59.526  25.6338  234.843  14.5673 
59.624  25.629  235.12  14.5517 
59.722  25.6205  235.395  14.5365 
59.82  25.6159  235.67  14.5213 
59.918  25.6173  235.943  14.5055 
60.016  25.6128  236.216  14.4904 
60.114  25.6144  236.489  14.4748 
60.212  25.61  236.76  14.4599 
60.31  25.6117  237.031  14.4445 
60.408  25.6134  237.3  14.4293 
60.506  25.6092  237.569  14.4144 
60.604  25.6012  237.838  14.4 
60.702  25.5971  238.105  14.3854 
60.8  25.5991  238.372  14.3704 
60.898  25.5951  238.638  14.3559 
60.996  25.5971  238.903  14.341 
61.094  25.5932  239.167  14.3267 
61.192  25.5954  239.431  14.312 
61.29  25.5819  239.694  14.2988 
61.388  25.5841  239.956  14.284 
61.486  25.5865  240.217  14.2695 
61.584  25.5828  240.478  14.2555 
61.682  25.5853  240.738  14.2411 
61.78  25.5817  240.997  14.2273 
61.878  25.5843  241.255  14.2132 
61.976  25.5711  241.513  14.2002 
62.074  25.5738  241.769  14.186 
62.172  25.5705  242.026  14.1724 
62.27  25.5732  242.281  14.1585 
62.368  25.57  242.536  14.145 
62.466  25.5728  242.789  14.1313 
62.564  25.56  243.043  14.1187 
62.662  25.563  243.295  14.1049 
62.76  25.56  243.547  14.0917 
62.858  25.563  243.798  14.0782 
62.956  25.5601  244.048  14.0651 
63.054  25.5535  244.298  14.0524 
63.152  25.5507  244.547  14.0395 
63.25  25.5539  244.795  14.0261 
63.348  25.5512  245.043  14.0133 
63.446  25.5545  245.289  14.0002 
63.544  25.5423  245.536  13.9882 
63.642  25.5457  245.781  13.9751 
63.74  25.5432  246.026  13.9625 
63.838  25.5467  246.27  13.9496 
63.936  25.5346  246.513  13.9379 
64.034  25.5323  246.756  13.9255 
64.132  25.5359  246.998  13.9126 
64.23  25.5336  247.239  13.9003 
64.328  25.5277  247.48  13.8885 
64.426  25.5255  247.72  13.8763 
64.524  25.5293  247.959  13.8636 
64.622  25.5272  248.198  13.8516 
64.72  25.5215  248.436  13.8399 
64.818  25.5195  248.673  13.828 
64.916  25.5235  248.91  13.8155 
65.014  25.5216  249.146  13.8037 
65.112  25.5101  249.381  13.7929 
65.21  25.5142  249.616  13.7805 
65.308  25.5124  249.85  13.7688 
65.406  25.5166  250.083  13.7567 
65.504  25.5054  250.316  13.746 
65.602  25.5096  250.548  13.7338 
65.7  25.508  250.779  13.7224 
65.798  25.5028  251.01  13.7113 
65.896  25.5013  251.241  13.6999 
65.994  25.5057  251.47  13.6881 
66.092  25.5043  251.699  13.6768 
66.19  25.4933  251.927  13.6665 
66.288  25.4979  252.155  13.6547 
66.386  25.4966  252.382  13.6435 
66.484  25.4917  252.609  13.6328 
66.582  25.4904  252.834  13.6217 
66.68  25.4951  253.06  13.6103 
66.778  25.494  253.284  13.5993 
66.876  25.4833  253.508  13.5893 
66.974  25.4881  253.732  13.5779 
67.072  25.4871  253.955  13.5671 
67.17  25.4825  254.177  13.5566 
67.268  25.4815  254.398  13.5459 
67.366  25.4865  254.619  13.5349 
67.464  25.4761  254.84  13.5249 
67.562  25.4753  255.06  13.5144 
67.66  25.4709  255.279  13.5042 
67.758  25.4701  255.497  13.4937 
67.856  25.4752  255.715  13.4827 
67.954  25.4746  255.933  13.4723 
68.052  25.4645  256.15  13.4629 
68.15  25.4697  256.366  13.4519 
68.248  25.4691  256.582  13.4417 
68.346  25.465  256.797  13.4317 
68.444  25.4645  257.011  13.4215 
68.542  25.4546  257.225  13.4125 
68.64  25.46  257.439  13.4016 
68.738  25.4596  257.652  13.3915 
68.836  25.4498  257.864  13.3826 
68.934  25.4553  258.076  13.3719 
69.032  25.455  258.287  13.3619 
69.13  25.4512  258.498  13.3523 
69.228  25.451  258.708  13.3425 
69.326  25.4566  258.917  13.3323 
69.424  25.447  259.126  13.3232 
69.522  25.4469  259.334  13.3134 
69.62  25.4433  259.542  13.3041 
69.718  25.4432  259.75  13.2944 
69.816  25.449  259.956  13.2844 
69.914  25.4397  260.163  13.2755 
70.012  25.4397  260.368  13.2659 
70.11  25.4456  260.573  13.2561 
70.208  25.4363  260.778  13.2473 
70.306  25.4365  260.982  13.2378 
70.404  25.4331  261.186  13.2287 
70.502  25.4333  261.389  13.2194 
70.6  25.4242  261.591  13.2112 
70.698  25.4303  261.793  13.2011 
70.796  25.4306  261.995  13.1918 
70.894  25.4274  262.196  13.1829 
70.992  25.4278  262.396  13.1737 
71.09  25.4188  262.596  13.1656 
71.188  25.4251  262.795  13.1558 
71.286  25.4255  262.994  13.1467 
71.384  25.4167  263.192  13.1386 
71.482  25.423  263.39  13.129 
71.58  25.4143  263.588  13.1209 
71.678  25.4148  263.784  13.1119 
71.776  25.4119  263.981  13.1033 
71.874  25.4126  264.177  13.0944 
71.972  25.419  264.372  13.0851 
72.07  25.4104  264.567  13.0771 
72.168  25.4112  264.761  13.0683 
72.266  25.4026  264.955  13.0606 
72.364  25.4092  265.148  13.0511 
72.462  25.41  265.341  13.0425 
72.56  25.4073  265.533  13.0341 
72.658  25.3989  265.725  13.0265 
72.756  25.3999  265.917  13.0178 
72.854  25.4066  266.107  13.0088 
72.952  25.3983  266.298  13.001 
73.05  25.3993  266.488  12.9925 
73.148  25.3967  266.677  12.9844 
73.246  25.3978  266.866  12.9759 
73.344  25.3896  267.055  12.9686 
73.442  25.3965  267.243  12.9595 
73.54  25.3884  267.43  12.9521 
73.638  25.3895  267.617  12.9437 
73.736  25.3964  267.804  12.9351 
73.834  25.3884  267.99  12.9275 
73.932  25.3897  268.176  12.9193 
74.03  25.3874  268.361  12.9114 
74.128  25.3887  268.546  12.9033 
74.226  25.3808  268.73  12.896 
74.324  25.3879  268.914  12.8874 
74.422  25.38  269.097  12.8801 
74.52  25.3814  269.28  12.8721 
74.618  25.3793  269.463  12.8644 
74.716  25.3808  269.645  12.8564 
74.814  25.3731  269.826  12.8494 
74.912  25.3803  270.007  12.8409 
75.01  25.3726  270.188  12.8338 
75.108  25.3742  270.368  12.8259 
75.206  25.3665  270.548  12.8191 
75.304  25.3738  270.727  12.8106 
75.402  25.3663  270.906  12.8037 
75.5  25.3679  271.085  12.7958 
75.598  25.3661  271.263  12.7884 
75.696  25.3678  271.44  12.7807 
75.794  25.3604  271.617  12.774 
75.892  25.3678  271.794  12.7657 
75.99  25.3604  271.97  12.7589 
76.088  25.3622  272.146  12.7513 
76.186  25.3548  272.322  12.7448 
76.284  25.3624  272.497  12.7365 
76.382  25.3551  272.671  12.7299 
76.48  25.357  272.845  12.7223 
76.578  25.3554  273.019  12.7151 
76.676  25.3573  273.192  12.7077 
76.774  25.3501  273.365  12.7012 
76.872  25.3578  273.538  12.6932 
76.97  25.3506  273.71  12.6866 
77.068  25.3527  273.881  12.6793 
77.166  25.3512  274.053  12.6722 
77.264  25.3442  274.223  12.6659 
77.362  25.3463  274.394  12.6585 
77.46  25.3393  274.564  12.6524 
77.558  25.3471  274.733  12.6443 
77.656  25.3401  274.902  12.6381 
77.754  25.3423  275.071  12.6308 
77.852  25.3354  275.24  12.6248 
77.95  25.3432  275.408  12.6168 
78.048  25.3364  275.575  12.6106 
78.146  25.3387  275.742  12.6034 
78.244  25.3375  275.909  12.5967 
78.342  25.3398  276.075  12.5897 
78.44  25.333  276.241  12.5835 
78.538  25.341  276.407  12.5761 
78.636  25.3343  276.572  12.5698 
78.734  25.3276  276.737  12.5639 
78.832  25.33  276.901  12.5568 
78.93  25.3233  277.065  12.551 
79.028  25.3314  277.229  12.5433 
79.126  25.3248  277.392  12.5374 
79.224  25.3273  277.555  12.5304 
79.322  25.3264  277.718  12.5239 
79.42  25.3289  277.88  12.5171 
79.518  25.3224  278.041  12.5112 
79.616  25.3159  278.203  12.5056 
79.714  25.3241  278.364  12.498 
79.812  25.3176  278.524  12.4922 
79.91  25.3203  278.685  12.4854 
80.008  25.3195  278.844  12.4791 
80.106  25.3131  279.004  12.4735 
80.204  25.3158  279.163  12.4666 
80.302  25.3094  279.322  12.4612 
80.4  25.3178  279.48  12.4537 
80.498  25.3115  279.638  12.4481 
80.596  25.3143  279.796  12.4414 
80.694  25.308  279.953  12.4359 
80.792  25.3164  280.11  12.4288 
80.89  25.3102  280.266  12.4231 
80.988  25.313  280.422  12.4166 
81.086  25.3068  280.578  12.411 
81.184  25.3063  280.734  12.4049 
81.282  25.3092  280.889  12.3985 
81.38  25.3031  281.043  12.393 
81.478  25.2969  281.198  12.3878 
81.576  25.3055  281.352  12.3805 
81.674  25.2994  281.506  12.3751 
81.772  25.3024  281.659  12.3687 
81.87  25.302  281.812  12.3627 
81.968  25.296  281.964  12.3574 
82.066  25.2991  282.117  12.351 
82.164  25.2931  282.269  12.3459 
82.262  25.3018  282.42  12.339 
82.36  25.2958  282.571  12.3336 
82.458  25.2989  282.722  12.3274 
82.556  25.2931  282.873  12.3221 
82.654  25.2872  283.023  12.317 
82.752  25.2959  283.173  12.3101 
82.85  25.2901  283.322  12.3048 
82.948  25.2933  283.472  12.2987 
83.046  25.2875  283.62  12.2935 
83.144  25.2873  283.769  12.2878 
83.242  25.2906  283.917  12.2817 
83.34  25.2848  284.065  12.2766 
83.438  25.2791  284.213  12.2718 
83.536  25.288  284.36  12.2649 
83.634  25.2823  284.507  12.2598 
83.732  25.2856  284.653  12.2538 
83.83  25.28  284.799  12.2487 
83.928  25.2744  284.945  12.244 
84.026  25.2833  285.091  12.2372 
84.124  25.2777  285.236  12.2322 
84.222  25.2811  285.381  12.2262 
84.32  25.2756  285.525  12.2213 
84.418  25.2756  285.67  12.2158 
84.516  25.279  285.814  12.2099 
84.614  25.2735  285.957  12.205 
84.712  25.268  286.1  12.2004 
84.81  25.2771  286.243  12.1937 
84.908  25.2716  286.386  12.1888 
85.006  25.2752  286.528  12.1831 
85.104  25.2698  286.67  12.1782 
85.202  25.2699  286.812  12.1728 
85.3  25.2645  286.954  12.1682 
85.398  25.2681  287.095  12.1623 
85.496  25.2628  287.235  12.1577 
85.594  25.2719  287.376  12.1514 
85.692  25.2666  287.516  12.1465 
85.79  25.2613  287.656  12.1419 
85.888  25.265  287.795  12.1361 
85.986  25.2597  287.935  12.1316 
86.084  25.269  288.074  12.1254 
86.182  25.2637  288.212  12.1206 
86.28  25.2585  288.351  12.116 
86.378  25.2622  288.489  12.1104 
86.476  25.2571  288.626  12.1058 
86.574  25.2574  288.764  12.1006 
86.672  25.2612  288.901  12.0951 
86.77  25.2561  289.038  12.0905 
86.868  25.2509  289.174  12.0862 
86.966  25.2603  289.31  12.08 
87.064  25.2552  289.446  12.0754 
87.162  25.2501  289.582  12.071 
87.26  25.254  289.717  12.0654 
87.358  25.2489  289.853  12.061 
87.456  25.2439  289.987  12.0569 
87.554  25.2533  290.122  12.0505 
87.652  25.2483  290.256  12.0461 
87.75  25.2523  290.39  12.0407 
87.848  25.2473  290.524  12.0363 
87.946  25.2478  290.657  12.0313 
88.044  25.2429  290.79  12.027 
88.142  25.2469  290.923  12.0216 
88.24  25.242  291.055  12.0173 
88.338  25.2371  291.187  12.0133 
88.436  25.2466  291.319  12.0071 
88.534  25.2417  291.451  12.0027 
88.632  25.2369  291.582  11.9986 
88.73  25.2409  291.713  11.9932 
88.828  25.2416  291.844  11.9883 
88.926  25.2368  291.975  11.9841 
89.024  25.2409  292.105  11.9789 
89.122  25.2361  292.235  11.9747 
89.22  25.2314  292.365  11.9707 
89.318  25.241  292.494  11.9647 
89.416  25.2363  292.623  11.9605 
89.514  25.2315  292.752  11.9564 
89.612  25.2357  292.881  11.9512 
89.71  25.231  293.009  11.9471 
89.808  25.2263  293.137  11.9432 
89.906  25.236  293.265  11.9373 
90.004  25.2314  293.392  11.9331 
90.102  25.2267  293.52  11.9291 
90.2  25.231  293.647  11.9239 
90.298  25.2264  293.773  11.9199 
90.396  25.2272  293.9  11.9152 
90.494  25.2226  294.026  11.9114 
90.592  25.2269  294.152  11.9061 
90.69  25.2224  294.278  11.9023 
90.788  25.2178  294.403  11.8986 
90.886  25.2276  294.528  11.8926 
90.984  25.2231  294.653  11.8886 
91.082  25.2186  294.778  11.8848 
91.18  25.223  294.902  11.8796 
91.278  25.224  295.026  11.8751 
91.376  25.2195  295.15  11.8712 
91.474  25.2239  295.274  11.8663 
91.572  25.2194  295.397  11.8624 
91.67  25.215  295.52  11.8586 
91.768  25.2106  295.643  11.855 
91.866  25.2205  295.766  11.8491 
91.964  25.2161  295.888  11.8452 
92.062  25.2117  296.01  11.8416 
92.16  25.2162  296.132  11.8366 
92.258  25.2118  296.253  11.8328 
92.356  25.2075  296.375  11.8293 
92.454  25.2175  296.496  11.8236 
92.552  25.2131  296.617  11.8197 
92.65  25.2088  296.737  11.816 
92.748  25.2134  296.858  11.8112 
92.846  25.2091  296.978  11.8074 
92.944  25.2103  297.097  11.8031 
93.042  25.206  297.217  11.7994 
93.14  25.2106  297.336  11.7946 
93.238  25.2064  297.456  11.7909 
93.336  25.2021  297.574  11.7874 
93.434  25.2122  297.693  11.782 
93.532  25.208  297.812  11.7782 
93.63  25.2038  297.93  11.7746 
93.728  25.1996  298.048  11.7711 
93.826  25.2043  298.165  11.7662 
93.924  25.2001  298.283  11.7627 
94.022  25.196  298.4  11.7593 
94.12  25.2061  298.517  11.7538 
94.218  25.202  298.634  11.7501 
94.316  25.1979  298.75  11.7466 
94.414  25.2026  298.866  11.7419 
94.512  25.1985  298.982  11.7384 
94.61  25.1999  299.098  11.7342 
94.708  25.1958  299.214  11.7307 
94.806  25.2006  299.329  11.7261 
94.904  25.1965  299.444  11.7225 
95.002  25.1925  299.559  11.7191 
95.1  25.1885  299.674  11.7159 
95.198  25.1987  299.788  11.7104 
95.296  25.1947  299.902  11.7069 
95.394  25.1907  300.016  11.7035 
95.492  25.1955  300.13  11.6989 
95.59  25.1916  300.244  11.6955 
95.688  25.193  300.357  11.6914 
95.786  25.1891  300.47  11.688 
95.884  25.194  300.583  11.6835 
95.982  25.19  300.696  11.6801 
96.08  25.1861  300.808  11.6767 
96.178  25.1822  300.92  11.6736 
96.276  25.1925  301.032  11.6683 
96.374  25.1887  301.144  11.6648 
96.472  25.1848  301.255  11.6615 
96.57  25.1897  301.367  11.6571 
96.668  25.1859  301.478  11.6537 
96.766  25.182  301.589  11.6505 
96.864  25.1782  301.699  11.6473 
96.962  25.1886  301.81  11.6422 
97.06  25.1848  301.92  11.6387 
97.158  25.181  302.03  11.6355 
97.256  25.1772  302.14  11.6323 
97.354  25.1822  302.249  11.6278 
97.452  25.1784  302.359  11.6246 
97.55  25.18  302.468  11.6206 
97.648  25.1763  302.577  11.6175 
97.746  25.1813  302.685  11.6131 
97.844  25.1776  302.794  11.6099 
97.942  25.1739  302.902  11.6068 
98.04  25.1702  303.01  11.6038 
98.138  25.1806  303.118  11.5986 
98.236  25.1769  303.226  11.5953 
98.334  25.1733  303.333  11.5922 
98.432  25.1696  303.44  11.5892 
98.53  25.1747  303.548  11.5847 
98.628  25.171  303.654  11.5816 
98.726  25.1728  303.761  11.5778 
98.824  25.1692  303.867  11.5747 
98.922  25.1743  303.974  11.5704 
99.02  25.1707  304.08  11.5673 
99.118  25.1671  304.185  11.5643 
99.216  25.1635  304.291  11.5614 
99.314  25.174  304.396  11.5564 
99.412  25.1705  304.502  11.5532 
99.51  25.1669  304.607  11.5501 
99.608  25.1633  304.712  11.5471 
99.706  25.1685  304.816  11.5429 
99.804  25.165  304.921  11.5398 
99.902  25.1615  305.025  11.5369 
100  25.1579  305.129  11.5341 
