#S 1 spectral density
#N 2
#UFWHM 608.108
#L  abscissas [um]  spectral density
-1250  1.23727e+12
-1247.5  1.25562e+12
-1245  1.27481e+12
-1242.49  1.29836e+12
-1239.99  1.32323e+12
-1237.49  1.35523e+12
-1234.99  1.38681e+12
-1232.48  1.4214e+12
-1229.98  1.46306e+12
-1227.48  1.49784e+12
-1224.97  1.53878e+12
-1222.47  1.58115e+12
-1219.97  1.63287e+12
-1217.47  1.67837e+12
-1214.96  1.72829e+12
-1212.46  1.77936e+12
-1209.96  1.83266e+12
-1207.46  1.88417e+12
-1204.95  1.94029e+12
-1202.45  1.98942e+12
-1199.95  2.03423e+12
-1197.45  2.08398e+12
-1194.94  2.13458e+12
-1192.44  2.18582e+12
-1189.94  2.24183e+12
-1187.44  2.28644e+12
-1184.93  2.35019e+12
-1182.43  2.39629e+12
-1179.93  2.43406e+12
-1177.43  2.48674e+12
-1174.92  2.5267e+12
-1172.42  2.59143e+12
-1169.92  2.67942e+12
-1167.42  2.7477e+12
-1164.92  2.83595e+12
-1162.41  2.96705e+12
-1159.91  3.08343e+12
-1157.41  3.29322e+12
-1154.9  3.59149e+12
-1152.4  3.86237e+12
-1149.9  4.23664e+12
-1147.4  4.68504e+12
-1144.89  5.23496e+12
-1142.39  5.95428e+12
-1139.89  6.94616e+12
-1137.39  7.95163e+12
-1134.88  9.23809e+12
-1132.38  1.08267e+13
-1129.88  1.30996e+13
-1127.38  1.592e+13
-1124.88  1.89888e+13
-1122.37  2.31938e+13
-1119.87  2.79479e+13
-1117.37  3.42625e+13
-1114.87  4.20353e+13
-1112.36  5.20307e+13
-1109.86  6.31527e+13
-1107.36  7.78713e+13
-1104.86  9.58115e+13
-1102.35  1.18765e+14
-1099.85  1.46642e+14
-1097.35  1.79897e+14
-1094.85  2.22716e+14
-1092.34  2.75213e+14
-1089.84  3.38399e+14
-1087.34  4.15002e+14
-1084.83  5.11352e+14
-1082.33  6.28322e+14
-1079.83  7.71339e+14
-1077.33  9.41866e+14
-1074.83  1.15019e+15
-1072.32  1.404e+15
-1069.82  1.71062e+15
-1067.32  2.07558e+15
-1064.82  2.51219e+15
-1062.31  3.04352e+15
-1059.81  3.67294e+15
-1057.31  4.42291e+15
-1054.81  5.31765e+15
-1052.3  6.37787e+15
-1049.8  7.64511e+15
-1047.3  9.14867e+15
-1044.8  1.09284e+16
-1042.29  1.30489e+16
-1039.79  1.55618e+16
-1037.29  1.85429e+16
-1034.79  2.20781e+16
-1032.28  2.62819e+16
-1029.78  3.12721e+16
-1027.28  3.72168e+16
-1024.77  4.42988e+16
-1022.27  5.27249e+16
-1019.77  6.27887e+16
-1017.27  7.47906e+16
-1014.76  8.90918e+16
-1012.26  1.06168e+17
-1009.76  1.26517e+17
-1007.26  1.50757e+17
-1004.75  1.79575e+17
-1002.25  2.13866e+17
-999.75  2.54523e+17
-997.248  3.0263e+17
-994.745  3.59412e+17
-992.242  4.26315e+17
-989.74  5.04821e+17
-987.237  5.96621e+17
-984.735  7.03618e+17
-982.232  8.27774e+17
-979.73  9.71345e+17
-977.227  1.13647e+18
-974.725  1.32576e+18
-972.222  1.5415e+18
-969.72  1.7862e+18
-967.217  2.06242e+18
-964.715  2.37254e+18
-962.212  2.71884e+18
-959.71  3.10323e+18
-957.207  3.52777e+18
-954.705  3.99364e+18
-952.202  4.50165e+18
-949.7  5.05242e+18
-947.198  5.64567e+18
-944.695  6.28047e+18
-942.192  6.95516e+18
-939.69  7.66744e+18
-937.188  8.41398e+18
-934.685  9.19091e+18
-932.183  9.9934e+18
-929.68  1.08159e+19
-927.178  1.16525e+19
-924.675  1.24966e+19
-922.173  1.33415e+19
-919.67  1.41801e+19
-917.168  1.50055e+19
-914.665  1.58112e+19
-912.162  1.65912e+19
-909.66  1.73402e+19
-907.157  1.8054e+19
-904.655  1.87294e+19
-902.153  1.93651e+19
-899.65  1.99608e+19
-897.148  2.05181e+19
-894.645  2.10402e+19
-892.143  2.1532e+19
-889.64  2.19994e+19
-887.138  2.24499e+19
-884.635  2.2892e+19
-882.133  2.33347e+19
-879.63  2.37874e+19
-877.127  2.42594e+19
-874.625  2.47592e+19
-872.122  2.52946e+19
-869.62  2.58719e+19
-867.117  2.64959e+19
-864.615  2.71692e+19
-862.112  2.78927e+19
-859.61  2.86648e+19
-857.108  2.9482e+19
-854.605  3.03393e+19
-852.103  3.12295e+19
-849.6  3.21447e+19
-847.097  3.30765e+19
-844.595  3.40161e+19
-842.092  3.49553e+19
-839.59  3.58871e+19
-837.087  3.6806e+19
-834.585  3.77083e+19
-832.082  3.85929e+19
-829.58  3.94609e+19
-827.077  4.03157e+19
-824.575  4.11633e+19
-822.072  4.20111e+19
-819.57  4.28682e+19
-817.067  4.37442e+19
-814.565  4.46491e+19
-812.062  4.5592e+19
-809.56  4.6581e+19
-807.058  4.76222e+19
-804.555  4.87195e+19
-802.053  4.98742e+19
-799.55  5.10851e+19
-797.048  5.23485e+19
-794.545  5.36586e+19
-792.043  5.50081e+19
-789.54  5.63886e+19
-787.038  5.77922e+19
-784.535  5.92111e+19
-782.032  6.06393e+19
-779.53  6.20725e+19
-777.027  6.35098e+19
-774.525  6.49523e+19
-772.023  6.64042e+19
-769.52  6.78723e+19
-767.018  6.93655e+19
-764.515  7.08935e+19
-762.013  7.24672e+19
-759.51  7.40967e+19
-757.008  7.57907e+19
-754.505  7.7556e+19
-752.003  7.93968e+19
-749.5  8.13144e+19
-746.997  8.33071e+19
-744.495  8.53707e+19
-741.992  8.74989e+19
-739.49  8.96842e+19
-736.987  9.19187e+19
-734.485  9.41955e+19
-731.982  9.65092e+19
-729.48  9.88567e+19
-726.978  1.01238e+20
-724.475  1.03656e+20
-721.973  1.06118e+20
-719.47  1.08631e+20
-716.967  1.11208e+20
-714.465  1.13858e+20
-711.962  1.16594e+20
-709.46  1.19424e+20
-706.957  1.22358e+20
-704.455  1.25399e+20
-701.952  1.2855e+20
-699.45  1.31808e+20
-696.947  1.35169e+20
-694.445  1.38627e+20
-691.942  1.42174e+20
-689.44  1.45805e+20
-686.938  1.49512e+20
-684.435  1.53295e+20
-681.933  1.57152e+20
-679.43  1.61088e+20
-676.928  1.6511e+20
-674.425  1.69228e+20
-671.923  1.73453e+20
-669.42  1.77798e+20
-666.918  1.82276e+20
-664.415  1.86896e+20
-661.913  1.91666e+20
-659.41  1.9659e+20
-656.908  2.01669e+20
-654.405  2.06899e+20
-651.902  2.12277e+20
-649.4  2.17795e+20
-646.897  2.23448e+20
-644.395  2.29229e+20
-641.892  2.35138e+20
-639.39  2.41174e+20
-636.888  2.47343e+20
-634.385  2.53653e+20
-631.883  2.60116e+20
-629.38  2.66744e+20
-626.878  2.73552e+20
-624.375  2.80551e+20
-621.873  2.87752e+20
-619.37  2.95162e+20
-616.867  3.02783e+20
-614.365  3.10616e+20
-611.862  3.18656e+20
-609.36  3.26897e+20
-606.857  3.35334e+20
-604.355  3.43962e+20
-601.852  3.52777e+20
-599.35  3.61782e+20
-596.847  3.70982e+20
-594.345  3.80385e+20
-591.843  3.90003e+20
-589.34  3.99851e+20
-586.837  4.09942e+20
-584.335  4.20291e+20
-581.832  4.30905e+20
-579.33  4.41793e+20
-576.827  4.52955e+20
-574.325  4.64391e+20
-571.822  4.76096e+20
-569.32  4.88063e+20
-566.817  5.00287e+20
-564.315  5.12764e+20
-561.812  5.25494e+20
-559.31  5.3848e+20
-556.808  5.51731e+20
-554.305  5.65257e+20
-551.803  5.79072e+20
-549.3  5.93191e+20
-546.798  6.07628e+20
-544.295  6.22392e+20
-541.793  6.3749e+20
-539.29  6.52925e+20
-536.788  6.68693e+20
-534.285  6.84791e+20
-531.783  7.01211e+20
-529.28  7.17947e+20
-526.778  7.34995e+20
-524.275  7.52354e+20
-521.773  7.70029e+20
-519.27  7.88027e+20
-516.767  8.0636e+20
-514.265  8.25042e+20
-511.762  8.44087e+20
-509.26  8.63506e+20
-506.757  8.83308e+20
-504.255  9.03496e+20
-501.752  9.24068e+20
-499.25  9.45021e+20
-496.748  9.66346e+20
-494.245  9.88036e+20
-491.743  1.01008e+21
-489.24  1.03248e+21
-486.738  1.05524e+21
-484.235  1.07836e+21
-481.733  1.10185e+21
-479.23  1.12572e+21
-476.727  1.14999e+21
-474.225  1.17466e+21
-471.723  1.19975e+21
-469.22  1.22525e+21
-466.718  1.25117e+21
-464.215  1.27749e+21
-461.712  1.30421e+21
-459.21  1.33132e+21
-456.707  1.3588e+21
-454.205  1.38666e+21
-451.702  1.4149e+21
-449.2  1.44351e+21
-446.697  1.4725e+21
-444.195  1.50189e+21
-441.692  1.53169e+21
-439.19  1.56189e+21
-436.688  1.59252e+21
-434.185  1.62357e+21
-431.683  1.65502e+21
-429.18  1.68688e+21
-426.678  1.71913e+21
-424.175  1.75175e+21
-421.673  1.78474e+21
-419.17  1.81809e+21
-416.668  1.85179e+21
-414.165  1.88586e+21
-411.662  1.9203e+21
-409.16  1.95512e+21
-406.658  1.99032e+21
-404.155  2.02591e+21
-401.653  2.06189e+21
-399.15  2.09825e+21
-396.647  2.13498e+21
-394.145  2.17207e+21
-391.642  2.2095e+21
-389.14  2.24726e+21
-386.637  2.28533e+21
-384.135  2.32371e+21
-381.632  2.36241e+21
-379.13  2.40141e+21
-376.627  2.44074e+21
-374.125  2.4804e+21
-371.623  2.52038e+21
-369.12  2.56069e+21
-366.618  2.60132e+21
-364.115  2.64226e+21
-361.613  2.68348e+21
-359.11  2.72497e+21
-356.608  2.76672e+21
-354.105  2.80871e+21
-351.603  2.85093e+21
-349.1  2.89339e+21
-346.597  2.93607e+21
-344.095  2.97899e+21
-341.592  3.02215e+21
-339.09  3.06554e+21
-336.588  3.10918e+21
-334.085  3.15303e+21
-331.582  3.1971e+21
-329.08  3.24136e+21
-326.577  3.28579e+21
-324.075  3.33037e+21
-321.572  3.37509e+21
-319.07  3.41994e+21
-316.567  3.46491e+21
-314.065  3.51001e+21
-311.562  3.55524e+21
-309.06  3.60059e+21
-306.558  3.64607e+21
-304.055  3.69168e+21
-301.553  3.73739e+21
-299.05  3.78319e+21
-296.548  3.82907e+21
-294.045  3.87499e+21
-291.543  3.92094e+21
-289.04  3.9669e+21
-286.538  4.01288e+21
-284.035  4.05885e+21
-281.532  4.10483e+21
-279.03  4.15082e+21
-276.527  4.19681e+21
-274.025  4.24281e+21
-271.523  4.2888e+21
-269.02  4.33476e+21
-266.517  4.38069e+21
-264.015  4.42655e+21
-261.512  4.47233e+21
-259.01  4.518e+21
-256.507  4.56356e+21
-254.005  4.609e+21
-251.503  4.65432e+21
-249  4.69952e+21
-246.498  4.7446e+21
-243.995  4.78956e+21
-241.493  4.83439e+21
-238.99  4.87909e+21
-236.487  4.92363e+21
-233.985  4.96799e+21
-231.483  5.01216e+21
-228.98  5.05611e+21
-226.477  5.09983e+21
-223.975  5.1433e+21
-221.472  5.18654e+21
-218.97  5.22954e+21
-216.468  5.2723e+21
-213.965  5.31482e+21
-211.463  5.35711e+21
-208.96  5.39914e+21
-206.458  5.44092e+21
-203.955  5.48241e+21
-201.453  5.5236e+21
-198.95  5.56447e+21
-196.447  5.605e+21
-193.945  5.64519e+21
-191.442  5.68503e+21
-188.94  5.72452e+21
-186.438  5.76366e+21
-183.935  5.80247e+21
-181.432  5.84094e+21
-178.93  5.87907e+21
-176.428  5.91684e+21
-173.925  5.95423e+21
-171.422  5.99124e+21
-168.92  6.02783e+21
-166.418  6.064e+21
-163.915  6.09973e+21
-161.412  6.13502e+21
-158.91  6.16988e+21
-156.407  6.20431e+21
-153.905  6.23831e+21
-151.403  6.27189e+21
-148.9  6.30505e+21
-146.398  6.33777e+21
-143.895  6.37005e+21
-141.393  6.40186e+21
-138.89  6.43319e+21
-136.387  6.46403e+21
-133.885  6.49436e+21
-131.382  6.52418e+21
-128.88  6.5535e+21
-126.378  6.58231e+21
-123.875  6.61064e+21
-121.373  6.63849e+21
-118.87  6.66585e+21
-116.368  6.69272e+21
-113.865  6.71908e+21
-111.362  6.74493e+21
-108.86  6.77025e+21
-106.358  6.79501e+21
-103.855  6.81922e+21
-101.352  6.84287e+21
-98.85  6.86597e+21
-96.3475  6.88852e+21
-93.845  6.91053e+21
-91.3425  6.93202e+21
-88.84  6.95297e+21
-86.3375  6.9734e+21
-83.835  6.99328e+21
-81.3325  7.01261e+21
-78.83  7.03137e+21
-76.3275  7.04955e+21
-73.825  7.06714e+21
-71.3225  7.08413e+21
-68.82  7.10054e+21
-66.3175  7.11637e+21
-63.815  7.13163e+21
-61.3125  7.14633e+21
-58.81  7.16048e+21
-56.3075  7.17407e+21
-53.805  7.1871e+21
-51.3025  7.19955e+21
-48.8  7.21141e+21
-46.2975  7.22266e+21
-43.795  7.23331e+21
-41.2925  7.24334e+21
-38.79  7.25276e+21
-36.2875  7.26159e+21
-33.785  7.26983e+21
-31.2825  7.2775e+21
-28.78  7.2846e+21
-26.2775  7.29113e+21
-23.775  7.29708e+21
-21.2725  7.30244e+21
-18.77  7.3072e+21
-16.2675  7.31135e+21
-13.765  7.31488e+21
-11.2625  7.31778e+21
-8.76  7.32007e+21
-6.2575  7.32176e+21
-3.755  7.32285e+21
-1.2525  7.32337e+21
1.25  7.32331e+21
3.7525  7.32267e+21
6.255  7.32146e+21
8.7575  7.31965e+21
11.26  7.31724e+21
13.7625  7.31422e+21
16.265  7.31057e+21
18.7675  7.30631e+21
21.27  7.30143e+21
23.7725  7.29595e+21
26.275  7.28988e+21
28.7775  7.28323e+21
31.28  7.27601e+21
33.7825  7.26822e+21
36.285  7.25985e+21
38.7875  7.25091e+21
41.29  7.24136e+21
43.7925  7.23122e+21
46.295  7.22046e+21
48.7975  7.20909e+21
51.3  7.19711e+21
53.8025  7.18455e+21
56.305  7.1714e+21
58.8075  7.15769e+21
61.31  7.14342e+21
63.8125  7.1286e+21
66.315  7.11322e+21
68.8175  7.09728e+21
71.32  7.08076e+21
73.8225  7.06365e+21
76.325  7.04595e+21
78.8275  7.02766e+21
81.33  7.00879e+21
83.8325  6.98935e+21
86.335  6.96935e+21
88.8375  6.94881e+21
91.34  6.92774e+21
93.8425  6.90614e+21
96.345  6.88401e+21
98.8475  6.86135e+21
101.35  6.83814e+21
103.853  6.81439e+21
106.355  6.79007e+21
108.858  6.7652e+21
111.36  6.73978e+21
113.862  6.71382e+21
116.365  6.68735e+21
118.868  6.66037e+21
121.37  6.63291e+21
123.873  6.60496e+21
126.375  6.57652e+21
128.877  6.5476e+21
131.38  6.51818e+21
133.882  6.48826e+21
136.385  6.45783e+21
138.888  6.4269e+21
141.39  6.39548e+21
143.892  6.36357e+21
146.395  6.33119e+21
148.898  6.29837e+21
151.4  6.26511e+21
153.903  6.23144e+21
156.405  6.19734e+21
158.907  6.16282e+21
161.41  6.12787e+21
163.912  6.09249e+21
166.415  6.05667e+21
168.917  6.02042e+21
171.42  5.98374e+21
173.923  5.94666e+21
176.425  5.90918e+21
178.928  5.87132e+21
181.43  5.83311e+21
183.933  5.79456e+21
186.435  5.75567e+21
188.938  5.71644e+21
191.44  5.67688e+21
193.942  5.63696e+21
196.445  5.59671e+21
198.947  5.5561e+21
201.45  5.51516e+21
203.953  5.4739e+21
206.455  5.43234e+21
208.957  5.3905e+21
211.46  5.34839e+21
213.963  5.30604e+21
216.465  5.26345e+21
218.967  5.22063e+21
221.47  5.17757e+21
223.972  5.13427e+21
226.475  5.09074e+21
228.978  5.04697e+21
231.48  5.00297e+21
233.982  4.95875e+21
236.485  4.91433e+21
238.988  4.86974e+21
241.49  4.82499e+21
243.993  4.78011e+21
246.495  4.7351e+21
248.998  4.68997e+21
251.5  4.64473e+21
254.002  4.59937e+21
256.505  4.5539e+21
259.007  4.5083e+21
261.51  4.46259e+21
264.012  4.41678e+21
266.515  4.37088e+21
269.017  4.32492e+21
271.52  4.27892e+21
274.023  4.2329e+21
276.525  4.18688e+21
279.028  4.14085e+21
281.53  4.09484e+21
284.032  4.04883e+21
286.535  4.00284e+21
289.038  3.95684e+21
291.54  3.91086e+21
294.043  3.86489e+21
296.545  3.81896e+21
299.048  3.77307e+21
301.55  3.72725e+21
304.052  3.68153e+21
306.555  3.63591e+21
309.058  3.59041e+21
311.56  3.54505e+21
314.062  3.49981e+21
316.565  3.45471e+21
319.067  3.40973e+21
321.57  3.36489e+21
324.072  3.32017e+21
326.575  3.27559e+21
329.077  3.23116e+21
331.58  3.1869e+21
334.082  3.14284e+21
336.585  3.09898e+21
339.088  3.05535e+21
341.59  3.01196e+21
344.093  2.96881e+21
346.595  2.92589e+21
349.097  2.88322e+21
351.6  2.84078e+21
354.103  2.79857e+21
356.605  2.7566e+21
359.108  2.71487e+21
361.61  2.67339e+21
364.113  2.63218e+21
366.615  2.59126e+21
369.117  2.55065e+21
371.62  2.51036e+21
374.123  2.47039e+21
376.625  2.43075e+21
379.127  2.39145e+21
381.63  2.35246e+21
384.132  2.31379e+21
386.635  2.27543e+21
389.138  2.23739e+21
391.64  2.19966e+21
394.142  2.16226e+21
396.645  2.1252e+21
399.147  2.08849e+21
401.65  2.05216e+21
404.153  2.0162e+21
406.655  1.98064e+21
409.158  1.94546e+21
411.66  1.91068e+21
414.162  1.87627e+21
416.665  1.84223e+21
419.167  1.80856e+21
421.67  1.77524e+21
424.173  1.74229e+21
426.675  1.7097e+21
429.178  1.67749e+21
431.68  1.64567e+21
434.183  1.61424e+21
436.685  1.58323e+21
439.188  1.55264e+21
441.69  1.52246e+21
444.192  1.4927e+21
446.695  1.46334e+21
449.197  1.43438e+21
451.7  1.40581e+21
454.203  1.37762e+21
456.705  1.3498e+21
459.207  1.32235e+21
461.71  1.29528e+21
464.212  1.2686e+21
466.715  1.24231e+21
469.218  1.21643e+21
471.72  1.19096e+21
474.223  1.16591e+21
476.725  1.14127e+21
479.227  1.11704e+21
481.73  1.09321e+21
484.232  1.06976e+21
486.735  1.04668e+21
489.237  1.02396e+21
491.74  1.0016e+21
494.243  9.7959e+20
496.745  9.57941e+20
499.248  9.36655e+20
501.75  9.1574e+20
504.252  8.95204e+20
506.755  8.75052e+20
509.257  8.55286e+20
511.76  8.35902e+20
514.262  8.16892e+20
516.765  7.98245e+20
519.267  7.79948e+20
521.77  7.61987e+20
524.272  7.44351e+20
526.775  7.27031e+20
529.278  7.10022e+20
531.78  6.93326e+20
534.283  6.76944e+20
536.785  6.60884e+20
539.288  6.45152e+20
541.79  6.29752e+20
544.293  6.14687e+20
546.795  5.99956e+20
549.298  5.85552e+20
551.8  5.71465e+20
554.303  5.57682e+20
556.805  5.44189e+20
559.308  5.30973e+20
561.81  5.18023e+20
564.312  5.05329e+20
566.815  4.92888e+20
569.317  4.807e+20
571.82  4.68769e+20
574.322  4.57099e+20
576.825  4.45696e+20
579.327  4.34565e+20
581.83  4.23708e+20
584.332  4.13122e+20
586.835  4.02801e+20
589.337  3.92737e+20
591.84  3.82917e+20
594.343  3.73327e+20
596.845  3.63953e+20
599.348  3.54784e+20
601.85  3.4581e+20
604.352  3.37026e+20
606.855  3.28431e+20
609.357  3.20026e+20
611.86  3.11816e+20
614.362  3.03806e+20
616.865  2.96002e+20
619.367  2.88407e+20
621.87  2.81022e+20
624.373  2.73844e+20
626.875  2.66866e+20
629.378  2.6008e+20
631.88  2.53473e+20
634.383  2.47032e+20
636.885  2.40744e+20
639.388  2.34599e+20
641.89  2.28587e+20
644.393  2.22705e+20
646.895  2.16951e+20
649.397  2.11326e+20
651.9  2.05834e+20
654.402  2.00483e+20
656.905  1.95276e+20
659.408  1.90219e+20
661.91  1.85315e+20
664.413  1.80562e+20
666.915  1.75957e+20
669.418  1.71494e+20
671.92  1.67161e+20
674.423  1.62949e+20
676.925  1.58845e+20
679.428  1.54838e+20
681.93  1.50919e+20
684.433  1.4708e+20
686.935  1.43318e+20
689.438  1.39632e+20
691.94  1.36024e+20
694.442  1.32499e+20
696.945  1.29063e+20
699.447  1.25723e+20
701.95  1.22483e+20
704.452  1.19348e+20
706.955  1.16319e+20
709.457  1.13394e+20
711.96  1.1057e+20
714.462  1.0784e+20
716.965  1.05194e+20
719.467  1.02622e+20
721.97  1.00113e+20
724.473  9.76585e+19
726.975  9.52497e+19
729.478  9.28807e+19
731.98  9.05484e+19
734.482  8.82526e+19
736.985  8.59957e+19
739.487  8.37821e+19
741.99  8.16178e+19
744.492  7.95097e+19
746.995  7.74641e+19
749.497  7.54863e+19
752  7.35801e+19
754.502  7.17468e+19
757.005  6.9985e+19
759.508  6.82912e+19
762.01  6.66593e+19
764.513  6.50816e+19
767.015  6.35491e+19
769.518  6.20527e+19
772.02  6.05836e+19
774.523  5.9134e+19
777.025  5.76981e+19
779.527  5.62721e+19
782.03  5.48545e+19
784.532  5.34465e+19
787.035  5.20513e+19
789.538  5.0674e+19
792.04  4.93205e+19
794.543  4.79978e+19
797.045  4.67126e+19
799.548  4.54708e+19
802.05  4.42769e+19
804.553  4.31341e+19
807.055  4.2043e+19
809.558  4.10025e+19
812.06  4.00092e+19
814.562  3.90579e+19
817.065  3.81419e+19
819.567  3.72537e+19
822.07  3.63853e+19
824.572  3.55286e+19
827.075  3.46765e+19
829.577  3.38229e+19
832.08  3.29631e+19
834.582  3.20944e+19
837.085  3.1216e+19
839.587  3.03289e+19
842.09  2.94359e+19
844.592  2.85413e+19
847.095  2.76505e+19
849.597  2.67698e+19
852.1  2.59058e+19
854.603  2.50648e+19
857.105  2.42527e+19
859.608  2.34744e+19
862.11  2.27336e+19
864.613  2.20326e+19
867.115  2.13721e+19
869.617  2.07511e+19
872.12  2.01674e+19
874.622  1.9617e+19
877.125  1.9095e+19
879.627  1.85956e+19
882.13  1.81124e+19
884.632  1.76387e+19
887.135  1.7168e+19
889.638  1.66939e+19
892.14  1.62108e+19
894.643  1.57138e+19
897.145  1.51992e+19
899.648  1.46644e+19
902.15  1.41078e+19
904.653  1.35291e+19
907.155  1.29293e+19
909.658  1.23102e+19
912.16  1.16747e+19
914.662  1.10263e+19
917.165  1.03693e+19
919.668  9.70835e+18
922.17  9.04825e+18
924.673  8.39404e+18
927.175  7.75032e+18
929.678  7.12194e+18
932.18  6.51296e+18
934.683  5.9272e+18
937.185  5.36794e+18
939.688  4.83768e+18
942.19  4.33865e+18
944.692  3.87221e+18
947.195  3.4392e+18
949.697  3.03996e+18
952.2  2.67438e+18
954.703  2.34166e+18
957.205  2.04091e+18
959.707  1.7707e+18
962.21  1.5295e+18
964.712  1.31539e+18
967.215  1.12653e+18
969.717  9.60965e+17
972.22  8.16495e+17
974.722  6.91257e+17
977.225  5.83219e+17
979.728  4.90524e+17
982.23  4.1134e+17
984.733  3.44091e+17
987.235  2.87202e+17
989.738  2.39273e+17
992.24  1.99069e+17
994.743  1.65453e+17
997.245  1.37453e+17
999.748  1.14168e+17
1002.25  9.48515e+16
1004.75  7.88379e+16
1007.26  6.56101e+16
1009.76  5.46746e+16
1012.26  4.5629e+16
1014.76  3.81447e+16
1017.27  3.19382e+16
1019.77  2.67999e+16
1022.27  2.25158e+16
1024.77  1.89463e+16
1027.28  1.59579e+16
1029.78  1.34555e+16
1032.28  1.13459e+16
1034.78  9.56973e+15
1037.29  8.07119e+15
1039.79  6.79955e+15
1042.29  5.72343e+15
1044.79  4.80944e+15
1047.29  4.03346e+15
1049.8  3.37816e+15
1052.3  2.82514e+15
1054.8  2.35336e+15
1057.3  1.95546e+15
1059.81  1.62147e+15
1062.31  1.34078e+15
1064.81  1.10792e+15
1067.32  9.09716e+14
1069.82  7.46251e+14
1072.32  6.12134e+14
1074.82  4.9929e+14
1077.33  4.06631e+14
1079.83  3.30492e+14
1082.33  2.68928e+14
1084.83  2.17729e+14
1087.34  1.75842e+14
1089.84  1.42196e+14
1092.34  1.14776e+14
1094.84  9.26676e+13
1097.35  7.50167e+13
1099.85  6.0746e+13
1102.35  4.90921e+13
1104.85  4.01154e+13
1107.36  3.25281e+13
1109.86  2.65794e+13
1112.36  2.16163e+13
1114.86  1.7712e+13
1117.37  1.46391e+13
1119.87  1.21757e+13
1122.37  1.01514e+13
1124.87  8.61106e+12
1127.38  7.12132e+12
1129.88  6.07348e+12
1132.38  5.22151e+12
1134.88  4.54526e+12
1137.38  3.97207e+12
1139.89  3.52532e+12
1142.39  3.27676e+12
1144.89  2.96428e+12
1147.39  2.76151e+12
1149.9  2.58985e+12
1152.4  2.49253e+12
1154.9  2.39719e+12
1157.4  2.30057e+12
1159.91  2.23585e+12
1162.41  2.1542e+12
1164.91  2.12151e+12
1167.41  2.08312e+12
1169.92  2.06646e+12
1172.42  2.03102e+12
1174.92  2.01642e+12
1177.42  1.98515e+12
1179.93  1.96742e+12
1182.43  1.93447e+12
1184.93  1.91023e+12
1187.43  1.89212e+12
1189.94  1.86974e+12
1192.44  1.83929e+12
1194.94  1.81309e+12
1197.45  1.79328e+12
1199.95  1.77587e+12
1202.45  1.74933e+12
1204.95  1.73722e+12
1207.46  1.72002e+12
1209.96  1.70983e+12
1212.46  1.69926e+12
1214.96  1.69316e+12
1217.47  1.69047e+12
1219.97  1.68886e+12
1222.47  1.69283e+12
1224.97  1.69932e+12
1227.47  1.70945e+12
1229.98  1.72189e+12
1232.48  1.73552e+12
1234.98  1.75453e+12
1237.48  1.77282e+12
1239.99  1.79411e+12
1242.49  1.81767e+12
1244.99  1.84082e+12
1247.49  1.86747e+12
1250  1.89436e+12
