-1.161969360351562500e+03 0.000000000000000000e+00
-1.138781372070312500e+03 0.000000000000000000e+00
-1.115593505859375000e+03 0.000000000000000000e+00
-1.092405517578125000e+03 2.500000000000000000e-01
-1.069217651367187500e+03 1.500000000000000000e+00
-1.046029663085937500e+03 3.250000000000000000e+00
-1.022841735839843750e+03 8.250000000000000000e+00
-9.996538085937500000e+02 1.625000000000000000e+01
-9.764658203125000000e+02 2.025000000000000000e+01
-9.532778930664062500e+02 2.800000000000000000e+01
-9.300899658203125000e+02 2.800000000000000000e+01
-9.069020385742187500e+02 3.425000000000000000e+01
-8.837141113281250000e+02 4.300000000000000000e+01
-8.605261230468750000e+02 4.325000000000000000e+01
-8.373382568359375000e+02 5.400000000000000000e+01
-8.141502685546875000e+02 6.050000000000000000e+01
-7.909623413085937500e+02 7.800000000000000000e+01
-7.677744140625000000e+02 9.325000000000000000e+01
-7.445864257812500000e+02 1.117500000000000000e+02
-7.213985595703125000e+02 1.382500000000000000e+02
-6.982105712890625000e+02 1.747500000000000000e+02
-6.750226440429687500e+02 2.197500000000000000e+02
-6.518347167968750000e+02 2.697500000000000000e+02
-6.286467895507812500e+02 3.460000000000000000e+02
-6.054588623046875000e+02 4.387500000000000000e+02
-5.822708740234375000e+02 5.437500000000000000e+02
-5.590829467773437500e+02 6.940000000000000000e+02
-5.358950195312500000e+02 8.480000000000000000e+02
-5.127070922851562500e+02 1.013250000000000000e+03
-4.895191650390625000e+02 1.272750000000000000e+03
-4.663311767578125000e+02 1.560000000000000000e+03
-4.431432495117187500e+02 1.827750000000000000e+03
-4.199553222656250000e+02 2.179500000000000000e+03
-3.967673950195312500e+02 2.533750000000000000e+03
-3.735794677734375000e+02 2.975250000000000000e+03
-3.503914794921875000e+02 3.413500000000000000e+03
-3.272035522460937500e+02 3.871500000000000000e+03
-3.040156250000000000e+02 4.326750000000000000e+03
-2.808276977539062500e+02 4.914250000000000000e+03
-2.576397705078125000e+02 5.323500000000000000e+03
-2.344517822265625000e+02 5.727750000000000000e+03
-2.112638549804687500e+02 6.230750000000000000e+03
-1.880759277343750000e+02 6.598250000000000000e+03
-1.648880004882812500e+02 6.972500000000000000e+03
-1.417000732421875000e+02 7.394250000000000000e+03
-1.185120849609375000e+02 7.686250000000000000e+03
-9.532421875000000000e+01 7.867250000000000000e+03
-7.213623046875000000e+01 8.069250000000000000e+03
-4.894836425781250000e+01 8.146250000000000000e+03
-2.576037597656250000e+01 8.252500000000000000e+03
-2.572387695312500000e+00 8.339000000000000000e+03
2.061547851562500000e+01 8.233250000000000000e+03
4.380346679687500000e+01 8.160250000000000000e+03
6.699133300781250000e+01 7.897000000000000000e+03
9.017932128906250000e+01 7.695250000000000000e+03
1.133673095703125000e+02 7.396500000000000000e+03
1.365551757812500000e+02 7.090000000000000000e+03
1.597431640625000000e+02 6.664250000000000000e+03
1.829310302734375000e+02 6.331750000000000000e+03
2.061190185546875000e+02 5.821000000000000000e+03
2.293070068359375000e+02 5.389500000000000000e+03
2.524948730468750000e+02 4.951750000000000000e+03
2.756828613281250000e+02 4.427500000000000000e+03
2.988707275390625000e+02 3.991000000000000000e+03
3.220587158203125000e+02 3.504750000000000000e+03
3.452467041015625000e+02 3.063250000000000000e+03
3.684345703125000000e+02 2.644750000000000000e+03
3.916225585937500000e+02 2.267500000000000000e+03
4.148104248046875000e+02 1.931750000000000000e+03
4.379984130859375000e+02 1.604250000000000000e+03
4.611864013671875000e+02 1.294000000000000000e+03
4.843742675781250000e+02 1.092250000000000000e+03
5.075622558593750000e+02 8.860000000000000000e+02
5.307501220703125000e+02 7.130000000000000000e+02
5.539381103515625000e+02 5.690000000000000000e+02
5.771260986328125000e+02 4.580000000000000000e+02
6.003139648437500000e+02 3.627500000000000000e+02
6.235019531250000000e+02 2.840000000000000000e+02
6.466898193359375000e+02 2.197500000000000000e+02
6.698778076171875000e+02 1.912500000000000000e+02
6.930657958984375000e+02 1.442500000000000000e+02
7.162536621093750000e+02 1.222500000000000000e+02
7.394416503906250000e+02 9.500000000000000000e+01
7.626295166015625000e+02 8.250000000000000000e+01
7.858175048828125000e+02 6.950000000000000000e+01
8.090053710937500000e+02 5.100000000000000000e+01
8.321933593750000000e+02 4.725000000000000000e+01
8.553813476562500000e+02 3.750000000000000000e+01
8.785692138671875000e+02 3.400000000000000000e+01
9.017572021484375000e+02 2.775000000000000000e+01
9.249451904296875000e+02 3.075000000000000000e+01
9.481331787109375000e+02 2.400000000000000000e+01
9.713209228515625000e+02 2.000000000000000000e+01
9.945089111328125000e+02 1.050000000000000000e+01
1.017696899414062500e+03 2.750000000000000000e+00
1.040884887695312500e+03 7.500000000000000000e-01
1.064072631835937500e+03 7.500000000000000000e-01
1.087260620117187500e+03 0.000000000000000000e+00
1.110448608398437500e+03 0.000000000000000000e+00
1.133636596679687500e+03 0.000000000000000000e+00
