-1.143036254882812500e+03 0.000000000000000000e+00
-1.120138671875000000e+03 0.000000000000000000e+00
-1.097241088867187500e+03 0.000000000000000000e+00
-1.074343627929687500e+03 0.000000000000000000e+00
-1.051446044921875000e+03 0.000000000000000000e+00
-1.028548461914062500e+03 1.000000000000000000e+00
-1.005650878906250000e+03 1.800000000000000000e+01
-9.827532958984375000e+02 1.900000000000000000e+01
-9.598557739257812500e+02 2.625000000000000000e+01
-9.369582519531250000e+02 2.050000000000000000e+01
-9.140606689453125000e+02 1.825000000000000000e+01
-8.911630859375000000e+02 2.525000000000000000e+01
-8.682655029296875000e+02 2.350000000000000000e+01
-8.453679809570312500e+02 2.300000000000000000e+01
-8.224703979492187500e+02 4.675000000000000000e+01
-7.995728759765625000e+02 3.925000000000000000e+01
-7.766752929687500000e+02 4.175000000000000000e+01
-7.537777099609375000e+02 4.700000000000000000e+01
-7.308801879882812500e+02 5.875000000000000000e+01
-7.079826049804687500e+02 6.600000000000000000e+01
-6.850850830078125000e+02 7.150000000000000000e+01
-6.621875000000000000e+02 8.675000000000000000e+01
-6.392899169921875000e+02 8.800000000000000000e+01
-6.163923950195312500e+02 1.005000000000000000e+02
-5.934948120117187500e+02 1.365000000000000000e+02
-5.705972290039062500e+02 1.662500000000000000e+02
-5.476997070312500000e+02 1.925000000000000000e+02
-5.248021240234375000e+02 2.280000000000000000e+02
-5.019045410156250000e+02 2.637500000000000000e+02
-4.790070190429687500e+02 2.677500000000000000e+02
-4.561094360351562500e+02 2.800000000000000000e+02
-4.332119140625000000e+02 3.605000000000000000e+02
-4.103143310546875000e+02 5.150000000000000000e+02
-3.874167480468750000e+02 7.815000000000000000e+02
-3.645192260742187500e+02 1.165500000000000000e+03
-3.416216430664062500e+02 1.712000000000000000e+03
-3.187241210937500000e+02 2.383500000000000000e+03
-2.958265380859375000e+02 3.136500000000000000e+03
-2.729289550781250000e+02 3.888500000000000000e+03
-2.500314331054687500e+02 4.637000000000000000e+03
-2.271338500976562500e+02 5.387750000000000000e+03
-2.042362670898437500e+02 6.017000000000000000e+03
-1.813387451171875000e+02 6.657750000000000000e+03
-1.584411621093750000e+02 7.024000000000000000e+03
-1.355435791015625000e+02 7.491250000000000000e+03
-1.126459960937500000e+02 7.697250000000000000e+03
-8.974853515625000000e+01 7.988500000000000000e+03
-6.685095214843750000e+01 8.127500000000000000e+03
-4.395336914062500000e+01 8.202250000000000000e+03
-2.105578613281250000e+01 8.263250000000000000e+03
1.841796875000000000e+00 8.288000000000000000e+03
2.473925781250000000e+01 8.217500000000000000e+03
4.763684082031250000e+01 8.037750000000000000e+03
7.053442382812500000e+01 7.957750000000000000e+03
9.343200683593750000e+01 7.734750000000000000e+03
1.163295898437500000e+02 7.402250000000000000e+03
1.392271728515625000e+02 7.012750000000000000e+03
1.621246337890625000e+02 6.487500000000000000e+03
1.850222167968750000e+02 5.946500000000000000e+03
2.079197998046875000e+02 5.269750000000000000e+03
2.308173828125000000e+02 4.564750000000000000e+03
2.537149658203125000e+02 3.808250000000000000e+03
2.766124267578125000e+02 3.002000000000000000e+03
2.995100097656250000e+02 2.321250000000000000e+03
3.224075927734375000e+02 1.639000000000000000e+03
3.453051757812500000e+02 1.130250000000000000e+03
3.682027587890625000e+02 7.495000000000000000e+02
3.911002197265625000e+02 4.930000000000000000e+02
4.139978027343750000e+02 3.507500000000000000e+02
4.368953857421875000e+02 2.970000000000000000e+02
4.597929687500000000e+02 2.692500000000000000e+02
4.826905517578125000e+02 2.575000000000000000e+02
5.055880126953125000e+02 2.382500000000000000e+02
5.284855957031250000e+02 1.955000000000000000e+02
5.513831787109375000e+02 1.612500000000000000e+02
5.742807617187500000e+02 1.140000000000000000e+02
5.971783447265625000e+02 1.032500000000000000e+02
6.200759277343750000e+02 9.250000000000000000e+01
6.429733886718750000e+02 8.700000000000000000e+01
6.658709716796875000e+02 7.675000000000000000e+01
6.887685546875000000e+02 6.775000000000000000e+01
7.116661376953125000e+02 5.400000000000000000e+01
7.345637207031250000e+02 5.350000000000000000e+01
7.574611816406250000e+02 4.500000000000000000e+01
7.803587646484375000e+02 4.050000000000000000e+01
8.032563476562500000e+02 3.575000000000000000e+01
8.261539306640625000e+02 2.300000000000000000e+01
8.490515136718750000e+02 2.500000000000000000e+01
8.719490966796875000e+02 2.150000000000000000e+01
8.948465576171875000e+02 2.275000000000000000e+01
9.177442626953125000e+02 2.050000000000000000e+01
9.406417236328125000e+02 2.775000000000000000e+01
9.635391845703125000e+02 2.575000000000000000e+01
9.864368896484375000e+02 1.450000000000000000e+01
1.009334350585937500e+03 1.000000000000000000e+00
1.032232055664062500e+03 5.000000000000000000e-01
1.055129516601562500e+03 2.500000000000000000e-01
1.078026977539062500e+03 2.500000000000000000e-01
1.100924682617187500e+03 0.000000000000000000e+00
1.123822143554687500e+03 0.000000000000000000e+00
