10 119.159 4.33916e-06 0.0335972 0.0335972
11.875 111.471 4.33916e-06 0.0352224 0.0352224
13.75 103.784 4.33916e-06 0.0370125 0.0370125
15.625 103.784 4.33916e-06 0.0389926 0.0389926
17.5 96.096 4.33916e-06 0.0411931 0.0411934
19.375 88.4083 4.33916e-06 0.043652 0.0436526
21.25 80.7206 4.33916e-06 0.0464128 0.0464132
23.125 80.7206 4.33916e-06 0.0495403 0.0495403
25 73.033 4.33916e-06 0.0530999 0.0531042
26.875 65.3453 4.33916e-06 0.0571947 0.0572019
28.75 65.3453 4.33916e-06 0.0619459 0.0619506
30.625 57.6576 4.33916e-06 0.0675107 0.0675119
32.5 49.9699 4.33916e-06 0.0741114 0.0741114
34.375 42.2822 4.33916e-06 0.0820249 0.0820249
36.25 42.2822 4.33916e-06 0.0916393 0.0916393
38.125 34.5946 4.33916e-06 0.103467 0.103467
40 26.9069 4.33916e-06 0.118162 0.118162
41.875 26.9069 4.33916e-06 0.13644 0.13644
43.75 19.2192 4.33916e-06 0.158717 0.158717
45.625 19.2192 4.33916e-06 0.183929 0.183929
47.5 19.2192 4.33916e-06 0.207145 0.207145
49.375 11.5315 4.33916e-06 0.218588 0.218588
51.25 11.5315 4.33916e-06 0.211158 0.211158
53.125 19.2192 4.33916e-06 0.189648 0.189648
55 19.2192 4.33916e-06 0.164262 0.164262
56.875 26.9069 4.33916e-06 0.141134 0.141134
58.75 26.9069 4.33916e-06 0.121961 0.121961
60.625 34.5946 4.33916e-06 0.106513 0.106517
62.5 42.2822 4.33916e-06 0.0940999 0.0940999
64.375 42.2822 4.33916e-06 0.0840344 0.0840354
66.25 49.9699 4.33916e-06 0.075774 0.0757759
68.125 57.6576 4.33916e-06 0.0689084 0.0689084
70 57.6576 4.33916e-06 0.0631296 0.0631296
71 65.3453 4.33916e-06 0.0604106 0.0604106
78.1562 88.4083 4.33916e-06 0.0460535 0.0460535
85.3125 103.784 4.33916e-06 0.0371256 0.0371256
92.4688 126.847 4.33916e-06 0.0310669 0.0310669
99.625 149.91 4.33916e-06 0.0266952 0.0266952
106.781 172.973 4.33916e-06 0.0233959 0.0233959
113.938 188.348 4.33916e-06 0.0208191 0.0208192
121.094 211.411 4.33916e-06 0.018752 0.018752
128.25 234.474 4.33916e-06 0.0170568 0.0170568
135.406 257.537 4.33916e-06 0.0156421 0.0156421
142.562 280.6 4.33916e-06 0.0144436 0.0144436
149.719 303.663 4.33916e-06 0.0134151 0.0134151
156.875 319.039 4.33916e-06 0.0125235 0.0125236
164.031 342.102 4.33916e-06 0.0117426 0.0117426
171.188 365.165 4.33916e-06 0.0110534 0.0110534
178.344 388.228 4.33916e-06 0.0104403 0.0104407
185.5 411.291 4.33916e-06 0.00989241 0.00989241
192.656 426.666 4.33916e-06 0.00939841 0.00939841
199.812 449.729 4.33916e-06 0.00895103 0.00895155
206.969 472.792 4.33916e-06 0.00854494 0.00854494
214.125 495.855 4.33916e-06 0.00817395 0.00817395
221.281 518.918 4.33916e-06 0.00783339 0.00783346
228.438 541.981 4.33916e-06 0.00752042 0.00752048
235.594 557.357 4.33916e-06 0.00723155 0.00723155
242.75 580.42 4.33916e-06 0.00696357 0.00696378
249.906 603.483 4.33916e-06 0.00671529 0.00671548
257.062 626.546 4.33916e-06 0.0064837 0.0064837
264.219 649.609 4.33916e-06 0.00626785 0.00626785
271.375 664.984 4.33916e-06 0.00606556 0.00606571
278.531 688.047 4.33916e-06 0.00587631 0.00587631
285.688 711.11 4.33916e-06 0.00569852 0.00569852
292.844 734.173 4.33916e-06 0.0055307 0.0055307
300 757.236 4.33916e-06 0.00537277 0.00537277
301 757.236 4.33916e-06 0.00535158 0.00535158
307.219 780.3 4.33916e-06 0.00522244 0.00522244
313.438 795.675 4.33916e-06 0.00509946 0.00509946
319.656 811.05 4.33916e-06 0.00498197 0.00498205
325.875 834.113 4.33916e-06 0.00486964 0.00486978
332.094 849.489 4.33916e-06 0.00476264 0.00476305
338.312 872.552 4.33916e-06 0.0046602 0.00466021
344.531 887.927 4.33916e-06 0.00456161 0.00456203
350.75 910.99 4.33916e-06 0.00446795 0.0044681
356.969 926.365 4.33916e-06 0.00437745 0.00437776
363.188 949.428 4.33916e-06 0.00429053 0.00429053
369.406 964.804 4.33916e-06 0.0042068 0.0042076
375.625 980.179 4.33916e-06 0.00412701 0.00412716
381.844 1003.24 4.33916e-06 0.00404976 0.00404986
388.062 1018.62 4.33916e-06 0.00397539 0.00397544
394.281 1041.68 4.33916e-06 0.0039035 0.00390403
400.5 1057.06 4.33916e-06 0.00383438 0.0038348
406.719 1080.12 4.33916e-06 0.00376769 0.00376824
412.938 1095.49 4.33916e-06 0.00370357 0.00370357
419.156 1118.56 4.33916e-06 0.00364115 0.00364131
425.375 1133.93 4.33916e-06 0.00358079 0.00358096
431.594 1157 4.33916e-06 0.00352238 0.0035226
437.812 1172.37 4.33916e-06 0.00346622 0.00346622
444.031 1187.75 4.33916e-06 0.00341158 0.00341158
450.25 1210.81 4.33916e-06 0.00335869 0.00335869
456.469 1226.18 4.33916e-06 0.0033073 0.0033073
462.688 1249.25 4.33916e-06 0.00325735 0.00325755
468.906 1264.62 4.33916e-06 0.003209 0.00320934
475.125 1287.69 4.33916e-06 0.00316225 0.00316247
481.344 1303.06 4.33916e-06 0.00311671 0.00311691
487.562 1326.12 4.33916e-06 0.00307243 0.00307246
493.781 1341.5 4.33916e-06 0.00302917 0.00302967
500 1356.88 4.33916e-06 0.00298806 0.00298819
