-125  4.03883e+13  2.03614e+12
-124.75  5.40532e+13  2.43393e+12
-124.5  7.21379e+13  2.87788e+12
-124.249  9.60271e+13  3.36408e+12
-123.999  1.27529e+14  3.88506e+12
-123.749  1.69008e+14  4.42921e+12
-123.498  2.23511e+14  4.97943e+12
-123.248  2.94994e+14  5.51364e+12
-122.998  3.88551e+14  6.00534e+12
-122.748  5.10811e+14  6.42728e+12
-122.498  6.70324e+14  6.7555e+12
-122.247  8.78159e+14  6.97842e+12
-121.997  1.14854e+15  7.10944e+12
-121.747  1.49979e+15  7.20921e+12
-121.496  1.95544e+15  7.41682e+12
-121.246  2.54569e+15  7.99738e+12
-120.996  3.30918e+15  9.40836e+12
-120.746  4.29537e+15  1.23944e+13
-120.495  5.56732e+15  1.81178e+13
-120.245  7.20547e+15  2.83377e+13
-119.995  9.31203e+15  4.56526e+13
-119.745  1.20168e+16  7.38241e+13
-119.495  1.54842e+16  1.18209e+14
-119.244  1.99219e+16  1.86326e+14
-118.994  2.5592e+16  2.88592e+14
-118.744  3.28245e+16  4.39278e+14
-118.493  4.20336e+16  6.57737e+14
-118.243  5.37389e+16  9.69965e+14
-117.993  6.85894e+16  1.41059e+15
-117.743  8.73952e+16  2.02536e+15
-117.493  1.11164e+17  2.87425e+15
-117.242  1.41148e+17  4.03537e+15
-116.992  1.78896e+17  5.6097e+15
-116.742  2.26323e+17  7.72701e+15
-116.492  2.85789e+17  1.0553e+16
-116.241  3.60191e+17  1.42979e+16
-115.991  4.53085e+17  1.92273e+16
-115.741  5.68815e+17  2.56743e+16
-115.49  7.12677e+17  3.40548e+16
-115.24  8.91111e+17  4.4885e+16
-114.99  1.11192e+18  5.88027e+16
-114.74  1.38455e+18  7.65917e+16
-114.49  1.72037e+18  9.92102e+16
-114.239  2.13306e+18  1.27824e+17
-113.989  2.63899e+18  1.63845e+17
-113.739  3.25774e+18  2.08973e+17
-113.489  4.01263e+18  2.65247e+17
-113.238  4.93133e+18  3.351e+17
-112.988  6.0466e+18  4.21419e+17
-112.738  7.3971e+18  5.27617e+17
-112.487  9.02828e+18  6.57707e+17
-112.237  1.09934e+19  8.16385e+17
-111.987  1.33548e+19  1.00912e+18
-111.737  1.61848e+19  1.24223e+18
-111.487  1.95675e+19  1.52304e+18
-111.236  2.36e+19  1.85991e+18
-110.986  2.83942e+19  2.26239e+18
-110.736  3.40785e+19  2.74133e+18
-110.486  4.07995e+19  3.30896e+18
-110.235  4.87242e+19  3.979e+18
-109.985  5.80417e+19  4.76678e+18
-109.735  6.89656e+19  5.6893e+18
-109.485  8.17362e+19  6.7653e+18
-109.234  9.66218e+19  8.01529e+18
-108.984  1.13922e+20  9.46161e+18
-108.734  1.33967e+20  1.11284e+19
-108.484  1.57125e+20  1.30415e+19
-108.233  1.83795e+20  1.52284e+19
-107.983  2.14416e+20  1.77182e+19
-107.733  2.49463e+20  2.05411e+19
-107.483  2.8945e+20  2.37286e+19
-107.232  3.34927e+20  2.73127e+19
-106.982  3.86481e+20  3.13259e+19
-106.732  4.44733e+20  3.58003e+19
-106.481  5.10336e+20  4.07675e+19
-106.231  5.83971e+20  4.62578e+19
-105.981  6.66342e+20  5.22994e+19
-105.731  7.58172e+20  5.89179e+19
-105.48  8.60191e+20  6.61355e+19
-105.23  9.73137e+20  7.397e+19
-104.98  1.09774e+21  8.2434e+19
-104.73  1.2347e+21  9.15343e+19
-104.48  1.3847e+21  1.01271e+20
-104.229  1.5484e+21  1.11637e+20
-103.979  1.72636e+21  1.22616e+20
-103.729  1.91913e+21  1.34184e+20
-103.478  2.12712e+21  1.46308e+20
-103.228  2.35071e+21  1.58945e+20
-102.978  2.59012e+21  1.72044e+20
-102.728  2.84551e+21  1.85543e+20
-102.477  3.11686e+21  1.99374e+20
-102.227  3.40409e+21  2.13458e+20
-101.977  3.70693e+21  2.27713e+20
-101.727  4.02501e+21  2.42049e+20
-101.477  4.35784e+21  2.56373e+20
-101.226  4.7048e+21  2.70591e+20
-100.976  5.06519e+21  2.84609e+20
-100.726  5.4382e+21  2.98335e+20
-100.475  5.82296e+21  3.11686e+20
-100.225  6.21859e+21  3.24582e+20
-99.975  6.62418e+21  3.36957e+20
-99.7248  7.03884e+21  3.48758e+20
-99.4745  7.46175e+21  3.59946e+20
-99.2242  7.89217e+21  3.70501e+20
-98.974  8.32949e+21  3.80422e+20
-98.7237  8.77328e+21  3.89727e+20
-98.4735  9.22328e+21  3.98457e+20
-98.2233  9.67947e+21  4.06672e+20
-97.973  1.01421e+22  4.14453e+20
-97.7227  1.06116e+22  4.21899e+20
-97.4725  1.10889e+22  4.29125e+20
-97.2223  1.1575e+22  4.3626e+20
-96.972  1.20713e+22  4.43441e+20
-96.7218  1.25795e+22  4.50811e+20
-96.4715  1.31014e+22  4.58513e+20
-96.2212  1.36392e+22  4.66685e+20
-95.971  1.41952e+22  4.75456e+20
-95.7207  1.47719e+22  4.84939e+20
-95.4705  1.53716e+22  4.95228e+20
-95.2203  1.59969e+22  5.06393e+20
-94.97  1.665e+22  5.1848e+20
-94.7197  1.73331e+22  5.315e+20
-94.4695  1.80479e+22  5.4544e+20
-94.2193  1.87959e+22  5.60252e+20
-93.969  1.95781e+22  5.75863e+20
-93.7188  2.03951e+22  5.92172e+20
-93.4685  2.12471e+22  6.09058e+20
-93.2183  2.21335e+22  6.26384e+20
-92.968  2.30535e+22  6.44004e+20
-92.7177  2.40061e+22  6.61769e+20
-92.4675  2.49897e+22  6.79537e+20
-92.2173  2.60027e+22  6.9718e+20
-91.967  2.70436e+22  7.14588e+20
-91.7168  2.8111e+22  7.31681e+20
-91.4665  2.92037e+22  7.4841e+20
-91.2163  3.03209e+22  7.64765e+20
-90.966  3.14624e+22  7.8077e+20
-90.7157  3.26285e+22  7.9649e+20
-90.4655  3.38201e+22  8.12026e+20
-90.2153  3.50385e+22  8.2751e+20
-89.965  3.62856e+22  8.43098e+20
-89.7147  3.75636e+22  8.58964e+20
-89.4645  3.88746e+22  8.75288e+20
-89.2142  4.02211e+22  8.92249e+20
-88.964  4.16052e+22  9.10011e+20
-88.7138  4.30283e+22  9.28716e+20
-88.4635  4.44919e+22  9.48473e+20
-88.2132  4.59963e+22  9.69352e+20
-87.963  4.75415e+22  9.91379e+20
-87.7127  4.91266e+22  1.01453e+21
-87.4625  5.07501e+22  1.03875e+21
-87.2122  5.24101e+22  1.06392e+21
-86.962  5.41041e+22  1.08991e+21
-86.7117  5.58296e+22  1.11654e+21
-86.4615  5.75835e+22  1.14364e+21
-86.2112  5.93634e+22  1.17103e+21
-85.961  6.11666e+22  1.19853e+21
-85.7108  6.29909e+22  1.226e+21
-85.4605  6.48346e+22  1.25334e+21
-85.2103  6.66963e+22  1.28048e+21
-84.96  6.8575e+22  1.30743e+21
-84.7097  7.04702e+22  1.33421e+21
-84.4595  7.23819e+22  1.36094e+21
-84.2092  7.43104e+22  1.38776e+21
-83.959  7.62564e+22  1.41485e+21
-83.7088  7.8221e+22  1.44243e+21
-83.4585  8.02054e+22  1.47071e+21
-83.2082  8.2211e+22  1.49991e+21
-82.958  8.42395e+22  1.53021e+21
-82.7078  8.62926e+22  1.56177e+21
-82.4575  8.83718e+22  1.5947e+21
-82.2073  9.04784e+22  1.62903e+21
-81.957  9.26136e+22  1.66476e+21
-81.7067  9.47779e+22  1.70179e+21
-81.4565  9.69713e+22  1.73999e+21
-81.2062  9.91935e+22  1.7792e+21
-80.956  1.01443e+23  1.81918e+21
-80.7058  1.03719e+23  1.85974e+21
-80.4555  1.0602e+23  1.90065e+21
-80.2052  1.08342e+23  1.94175e+21
-79.955  1.10686e+23  1.98289e+21
-79.7048  1.1305e+23  2.024e+21
-79.4545  1.15434e+23  2.06508e+21
-79.2043  1.1784e+23  2.1062e+21
-78.954  1.2027e+23  2.14749e+21
-78.7037  1.22729e+23  2.18915e+21
-78.4535  1.25224e+23  2.23141e+21
-78.2032  1.2776e+23  2.27453e+21
-77.953  1.30347e+23  2.31878e+21
-77.7027  1.32991e+23  2.36438e+21
-77.4525  1.357e+23  2.41151e+21
-77.2023  1.38482e+23  2.46031e+21
-76.952  1.41341e+23  2.5108e+21
-76.7017  1.4428e+23  2.56296e+21
-76.4515  1.47299e+23  2.61668e+21
-76.2013  1.50397e+23  2.67176e+21
-75.951  1.5357e+23  2.72798e+21
-75.7007  1.56812e+23  2.78508e+21
-75.4505  1.60116e+23  2.84282e+21
-75.2002  1.63476e+23  2.90096e+21
-74.95  1.66884e+23  2.95935e+21
-74.6997  1.70334e+23  3.01788e+21
-74.4495  1.73822e+23  3.07655e+21
-74.1993  1.77345e+23  3.13546e+21
-73.949  1.80902e+23  3.19476e+21
-73.6987  1.84494e+23  3.2547e+21
-73.4485  1.88124e+23  3.31557e+21
-73.1983  1.91796e+23  3.37766e+21
-72.948  1.95515e+23  3.44126e+21
-72.6977  1.99283e+23  3.50662e+21
-72.4475  2.03105e+23  3.57391e+21
-72.1973  2.06983e+23  3.6432e+21
-71.947  2.10918e+23  3.71447e+21
-71.6967  2.14908e+23  3.7876e+21
-71.4465  2.18951e+23  3.86238e+21
-71.1963  2.23043e+23  3.93855e+21
-70.946  2.27182e+23  4.01582e+21
-70.6958  2.31363e+23  4.0939e+21
-70.4455  2.35584e+23  4.17253e+21
-70.1953  2.39844e+23  4.25155e+21
-69.945  2.44143e+23  4.33088e+21
-69.6947  2.48485e+23  4.41056e+21
-69.4445  2.52875e+23  4.49073e+21
-69.1943  2.57319e+23  4.57162e+21
-68.944  2.61826e+23  4.65354e+21
-68.6937  2.66403e+23  4.73684e+21
-68.4435  2.71057e+23  4.82184e+21
-68.1933  2.75796e+23  4.90882e+21
-67.943  2.80621e+23  4.998e+21
-67.6928  2.85536e+23  5.08947e+21
-67.4425  2.90537e+23  5.18321e+21
-67.1922  2.95623e+23  5.27907e+21
-66.942  3.00788e+23  5.37682e+21
-66.6917  3.06026e+23  5.47615e+21
-66.4415  3.11332e+23  5.57673e+21
-66.1912  3.16702e+23  5.67825e+21
-65.941  3.22135e+23  5.78044e+21
-65.6907  3.27629e+23  5.88315e+21
-65.4405  3.33189e+23  5.98635e+21
-65.1902  3.38819e+23  6.09013e+21
-64.94  3.44525e+23  6.1947e+21
-64.6898  3.50311e+23  6.30038e+21
-64.4395  3.56183e+23  6.40752e+21
-64.1893  3.62143e+23  6.5165e+21
-63.939  3.6819e+23  6.62764e+21
-63.6887  3.7432e+23  6.74119e+21
-63.4385  3.80525e+23  6.85727e+21
-63.1882  3.86795e+23  6.97587e+21
-62.938  3.9312e+23  7.09684e+21
-62.6878  3.99488e+23  7.21991e+21
-62.4375  4.0589e+23  7.34476e+21
-62.1872  4.12321e+23  7.47101e+21
-61.937  4.1878e+23  7.59833e+21
-61.6868  4.25269e+23  7.72646e+21
-61.4365  4.31797e+23  7.85525e+21
-61.1862  4.38377e+23  7.9847e+21
-60.936  4.45026e+23  8.11495e+21
-60.6857  4.51763e+23  8.24627e+21
-60.4355  4.58606e+23  8.37901e+21
-60.1852  4.65576e+23  8.51357e+21
-59.935  4.7269e+23  8.65032e+21
-59.6848  4.79961e+23  8.78957e+21
-59.4345  4.87401e+23  8.9315e+21
-59.1842  4.95014e+23  9.07615e+21
-58.934  5.02802e+23  9.22341e+21
-58.6837  5.10759e+23  9.37302e+21
-58.4335  5.18875e+23  9.52465e+21
-58.1833  5.2713e+23  9.6779e+21
-57.933  5.35504e+23  9.83243e+21
-57.6827  5.43967e+23  9.98792e+21
-57.4325  5.52488e+23  1.01442e+22
-57.1822  5.61031e+23  1.03013e+22
-56.932  5.69563e+23  1.04593e+22
-56.6818  5.7805e+23  1.06185e+22
-56.4315  5.86465e+23  1.07793e+22
-56.1812  5.94789e+23  1.09421e+22
-55.931  6.03015e+23  1.11072e+22
-55.6808  6.11146e+23  1.1275e+22
-55.4305  6.19199e+23  1.14455e+22
-55.1803  6.27208e+23  1.16189e+22
-54.93  6.35213e+23  1.17949e+22
-54.6797  6.43269e+23  1.19732e+22
-54.4295  6.51434e+23  1.21536e+22
-54.1793  6.59768e+23  1.23355e+22
-53.929  6.6833e+23  1.25186e+22
-53.6788  6.7717e+23  1.27027e+22
-53.4285  6.8633e+23  1.28876e+22
-53.1782  6.95836e+23  1.30735e+22
-52.928  7.05699e+23  1.32605e+22
-52.6778  7.15912e+23  1.3449e+22
-52.4275  7.26451e+23  1.36394e+22
-52.1773  7.37276e+23  1.38319e+22
-51.927  7.48333e+23  1.40271e+22
-51.6768  7.59556e+23  1.42251e+22
-51.4265  7.70875e+23  1.44258e+22
-51.1763  7.82218e+23  1.46293e+22
-50.926  7.93514e+23  1.48352e+22
-50.6757  8.04704e+23  1.50431e+22
-50.4255  8.15741e+23  1.52527e+22
-50.1752  8.26598e+23  1.54636e+22
-49.925  8.37267e+23  1.56754e+22
-49.6747  8.4776e+23  1.58882e+22
-49.4245  8.58112e+23  1.61019e+22
-49.1743  8.68372e+23  1.63167e+22
-48.924  8.78603e+23  1.6533e+22
-48.6737  8.88871e+23  1.67511e+22
-48.4235  8.99242e+23  1.69715e+22
-48.1732  9.09777e+23  1.71943e+22
-47.923  9.20519e+23  1.74198e+22
-47.6728  9.31499e+23  1.76481e+22
-47.4225  9.42725e+23  1.78788e+22
-47.1722  9.54191e+23  1.81119e+22
-46.922  9.65876e+23  1.83468e+22
-46.6717  9.77747e+23  1.85833e+22
-46.4215  9.89767e+23  1.88208e+22
-46.1713  1.0019e+24  1.90593e+22
-45.921  1.01412e+24  1.92986e+22
-45.6707  1.02639e+24  1.95388e+22
-45.4205  1.03872e+24  1.97802e+22
-45.1703  1.05109e+24  2.0023e+22
-44.92  1.06352e+24  2.02676e+22
-44.6698  1.07601e+24  2.05144e+22
-44.4195  1.08857e+24  2.07636e+22
-44.1692  1.10122e+24  2.10153e+22
-43.919  1.11396e+24  2.12695e+22
-43.6688  1.12678e+24  2.15259e+22
-43.4185  1.13966e+24  2.17841e+22
-43.1683  1.1526e+24  2.20439e+22
-42.918  1.16557e+24  2.23048e+22
-42.6677  1.17856e+24  2.25665e+22
-42.4175  1.19153e+24  2.2829e+22
-42.1673  1.20449e+24  2.30921e+22
-41.917  1.21742e+24  2.33561e+22
-41.6668  1.23035e+24  2.36211e+22
-41.4165  1.24328e+24  2.38877e+22
-41.1663  1.25626e+24  2.4156e+22
-40.916  1.26932e+24  2.44264e+22
-40.6658  1.28249e+24  2.46989e+22
-40.4155  1.29583e+24  2.49736e+22
-40.1653  1.30937e+24  2.52503e+22
-39.915  1.32315e+24  2.55287e+22
-39.6647  1.33717e+24  2.58083e+22
-39.4145  1.35144e+24  2.60889e+22
-39.1642  1.36595e+24  2.63701e+22
-38.914  1.38067e+24  2.66518e+22
-38.6638  1.39556e+24  2.69339e+22
-38.4135  1.41055e+24  2.72166e+22
-38.1632  1.42558e+24  2.75e+22
-37.913  1.44059e+24  2.77845e+22
-37.6627  1.45551e+24  2.80704e+22
-37.4125  1.4703e+24  2.83578e+22
-37.1623  1.4849e+24  2.86471e+22
-36.912  1.4993e+24  2.8938e+22
-36.6617  1.51351e+24  2.92305e+22
-36.4115  1.52755e+24  2.95243e+22
-36.1612  1.54146e+24  2.98191e+22
-35.911  1.55529e+24  3.01144e+22
-35.6608  1.56912e+24  3.041e+22
-35.4105  1.583e+24  3.07057e+22
-35.1602  1.59699e+24  3.10014e+22
-34.91  1.61115e+24  3.12974e+22
-34.6598  1.62549e+24  3.15937e+22
-34.4095  1.64004e+24  3.18906e+22
-34.1593  1.65478e+24  3.21885e+22
-33.909  1.66968e+24  3.24875e+22
-33.6587  1.68471e+24  3.27877e+22
-33.4085  1.69982e+24  3.30891e+22
-33.1583  1.71495e+24  3.33916e+22
-32.908  1.73008e+24  3.36948e+22
-32.6578  1.74517e+24  3.39984e+22
-32.4075  1.76022e+24  3.4302e+22
-32.1572  1.77521e+24  3.46055e+22
-31.907  1.79017e+24  3.49086e+22
-31.6568  1.80512e+24  3.52114e+22
-31.4065  1.82009e+24  3.55138e+22
-31.1562  1.83511e+24  3.58162e+22
-30.906  1.85019e+24  3.61188e+22
-30.6558  1.86534e+24  3.64217e+22
-30.4055  1.88053e+24  3.67253e+22
-30.1552  1.89573e+24  3.70294e+22
-29.905  1.91091e+24  3.73342e+22
-29.6547  1.92601e+24  3.76393e+22
-29.4045  1.94098e+24  3.79445e+22
-29.1543  1.95579e+24  3.82495e+22
-28.904  1.97041e+24  3.85539e+22
-28.6537  1.98484e+24  3.88576e+22
-28.4035  1.9991e+24  3.91603e+22
-28.1532  2.01324e+24  3.94622e+22
-27.903  2.02733e+24  3.97633e+22
-27.6528  2.04143e+24  4.00638e+22
-27.4025  2.05561e+24  4.03639e+22
-27.1523  2.06994e+24  4.06639e+22
-26.902  2.08446e+24  4.09638e+22
-26.6517  2.09919e+24  4.12637e+22
-26.4015  2.11411e+24  4.15635e+22
-26.1513  2.12919e+24  4.18629e+22
-25.901  2.14437e+24  4.21617e+22
-25.6507  2.15959e+24  4.24595e+22
-25.4005  2.17475e+24  4.27561e+22
-25.1502  2.18978e+24  4.30513e+22
-24.9  2.20463e+24  4.3345e+22
-24.6497  2.21925e+24  4.36373e+22
-24.3995  2.23363e+24  4.39282e+22
-24.1492  2.24778e+24  4.4218e+22
-23.899  2.26172e+24  4.45069e+22
-23.6487  2.27552e+24  4.4795e+22
-23.3985  2.28921e+24  4.50823e+22
-23.1483  2.30288e+24  4.5369e+22
-22.898  2.31655e+24  4.56547e+22
-22.6477  2.33026e+24  4.59393e+22
-22.3975  2.34402e+24  4.62225e+22
-22.1472  2.3578e+24  4.6504e+22
-21.897  2.37157e+24  4.67836e+22
-21.6468  2.38524e+24  4.70611e+22
-21.3965  2.39876e+24  4.73365e+22
-21.1463  2.41204e+24  4.76099e+22
-20.896  2.425e+24  4.78814e+22
-20.6457  2.43761e+24  4.81512e+22
-20.3955  2.44983e+24  4.84195e+22
-20.1453  2.46168e+24  4.86864e+22
-19.895  2.47319e+24  4.89518e+22
-19.6447  2.48442e+24  4.92158e+22
-19.3945  2.49545e+24  4.94781e+22
-19.1442  2.50637e+24  4.97385e+22
-18.894  2.51726e+24  4.99967e+22
-18.6438  2.52817e+24  5.02525e+22
-18.3935  2.53915e+24  5.05057e+22
-18.1432  2.5502e+24  5.07562e+22
-17.893  2.56131e+24  5.1004e+22
-17.6427  2.57245e+24  5.12493e+22
-17.3925  2.58356e+24  5.14921e+22
-17.1423  2.59463e+24  5.17326e+22
-16.892  2.60562e+24  5.19711e+22
-16.6418  2.61654e+24  5.22074e+22
-16.3915  2.62744e+24  5.24417e+22
-16.1412  2.63837e+24  5.26738e+22
-15.891  2.64944e+24  5.29035e+22
-15.6408  2.66073e+24  5.31305e+22
-15.3905  2.67234e+24  5.33546e+22
-15.1402  2.68434e+24  5.35756e+22
-14.89  2.69677e+24  5.37934e+22
-14.6397  2.70962e+24  5.40079e+22
-14.3895  2.72283e+24  5.42192e+22
-14.1393  2.73631e+24  5.44274e+22
-13.889  2.7499e+24  5.46328e+22
-13.6387  2.76346e+24  5.48353e+22
-13.3885  2.77682e+24  5.50352e+22
-13.1383  2.7898e+24  5.52324e+22
-12.888  2.8023e+24  5.54269e+22
-12.6377  2.8142e+24  5.56186e+22
-12.3875  2.82545e+24  5.58071e+22
-12.1372  2.83606e+24  5.59923e+22
-11.887  2.84607e+24  5.61739e+22
-11.6367  2.85553e+24  5.63519e+22
-11.3865  2.86454e+24  5.65262e+22
-11.1363  2.8732e+24  5.66967e+22
-10.886  2.8816e+24  5.68636e+22
-10.6357  2.88982e+24  5.7027e+22
-10.3855  2.89792e+24  5.71871e+22
-10.1352  2.90591e+24  5.73439e+22
-9.885  2.91379e+24  5.74976e+22
-9.63475  2.92151e+24  5.76482e+22
-9.3845  2.92901e+24  5.77954e+22
-9.13425  2.93622e+24  5.79392e+22
-8.884  2.94306e+24  5.80793e+22
-8.63375  2.94947e+24  5.82155e+22
-8.3835  2.95541e+24  5.83478e+22
-8.13325  2.96087e+24  5.84759e+22
-7.883  2.96584e+24  5.85998e+22
-7.63275  2.97037e+24  5.87198e+22
-7.3825  2.97448e+24  5.88357e+22
-7.13225  2.97822e+24  5.89479e+22
-6.882  2.98161e+24  5.90565e+22
-6.63175  2.98462e+24  5.91615e+22
-6.3815  2.98721e+24  5.9263e+22
-6.13125  2.9893e+24  5.93608e+22
-5.881  2.99079e+24  5.9455e+22
-5.63075  2.99155e+24  5.95452e+22
-5.3805  2.9915e+24  5.96313e+22
-5.13025  2.9906e+24  5.97132e+22
-4.88  2.98886e+24  5.97908e+22
-4.62975  2.9864e+24  5.98639e+22
-4.3795  2.98345e+24  5.99327e+22
-4.12925  2.98028e+24  5.99973e+22
-3.879  2.97727e+24  6.00577e+22
-3.62875  2.97479e+24  6.01142e+22
-3.3785  2.97321e+24  6.01669e+22
-3.12825  2.97281e+24  6.02158e+22
-2.878  2.97379e+24  6.02609e+22
-2.62775  2.9762e+24  6.03021e+22
-2.3775  2.97996e+24  6.03393e+22
-2.12725  2.98483e+24  6.03724e+22
-1.877  2.99051e+24  6.0401e+22
-1.62675  2.99659e+24  6.04253e+22
-1.3765  3.00271e+24  6.0445e+22
-1.12625  3.00851e+24  6.04602e+22
-0.876  3.01375e+24  6.04711e+22
-0.62575  3.01829e+24  6.04777e+22
-0.3755  3.02213e+24  6.04801e+22
-0.12525  3.02538e+24  6.04786e+22
0.125  3.02823e+24  6.04732e+22
0.37525  3.03091e+24  6.0464e+22
0.6255  3.03366e+24  6.04509e+22
0.87575  3.03664e+24  6.04337e+22
1.126  3.03992e+24  6.04124e+22
1.37625  3.04346e+24  6.03869e+22
1.6265  3.0471e+24  6.03569e+22
1.87675  3.05057e+24  6.03225e+22
2.127  3.05352e+24  6.02836e+22
2.37725  3.05561e+24  6.02403e+22
2.6275  3.05646e+24  6.01927e+22
2.87775  3.05581e+24  6.01411e+22
3.128  3.05346e+24  6.00854e+22
3.37825  3.04936e+24  6.00259e+22
3.6285  3.04355e+24  5.99626e+22
3.87875  3.03622e+24  5.98956e+22
4.129  3.02763e+24  5.98247e+22
4.37925  3.01812e+24  5.97498e+22
4.6295  3.00804e+24  5.96708e+22
4.87975  2.99771e+24  5.95877e+22
5.13  2.98743e+24  5.95003e+22
5.38025  2.97741e+24  5.94086e+22
5.6305  2.96779e+24  5.93126e+22
5.88075  2.95864e+24  5.92125e+22
6.131  2.94994e+24  5.91084e+22
6.38125  2.94162e+24  5.90006e+22
6.6315  2.93359e+24  5.8889e+22
6.88175  2.92574e+24  5.87739e+22
7.132  2.91797e+24  5.86552e+22
7.38225  2.91023e+24  5.8533e+22
7.6325  2.90246e+24  5.84071e+22
7.88275  2.89466e+24  5.82774e+22
8.133  2.88684e+24  5.81439e+22
8.38325  2.87906e+24  5.80065e+22
8.6335  2.87134e+24  5.78651e+22
8.88375  2.86372e+24  5.77197e+22
9.134  2.8562e+24  5.75705e+22
9.38425  2.84878e+24  5.74176e+22
9.6345  2.8414e+24  5.72612e+22
9.88475  2.83401e+24  5.71014e+22
10.135  2.82654e+24  5.69383e+22
10.3853  2.8189e+24  5.6772e+22
10.6355  2.81106e+24  5.66026e+22
10.8857  2.80297e+24  5.643e+22
11.136  2.79464e+24  5.6254e+22
11.3863  2.78611e+24  5.60747e+22
11.6365  2.77748e+24  5.58918e+22
11.8867  2.76883e+24  5.57055e+22
12.137  2.7603e+24  5.55156e+22
12.3872  2.75198e+24  5.53223e+22
12.6375  2.74397e+24  5.51257e+22
12.8878  2.73631e+24  5.4926e+22
13.138  2.72901e+24  5.47233e+22
13.3882  2.72202e+24  5.45177e+22
13.6385  2.71524e+24  5.43094e+22
13.8887  2.70852e+24  5.40984e+22
14.139  2.70171e+24  5.38847e+22
14.3892  2.69464e+24  5.36683e+22
14.6395  2.68714e+24  5.3449e+22
14.8897  2.67907e+24  5.32268e+22
15.14  2.67036e+24  5.30017e+22
15.3902  2.66096e+24  5.27735e+22
15.6405  2.65087e+24  5.25425e+22
15.8908  2.64015e+24  5.23086e+22
16.141  2.62887e+24  5.2072e+22
16.3912  2.61712e+24  5.1833e+22
16.6415  2.60502e+24  5.15916e+22
16.8917  2.59264e+24  5.1348e+22
17.142  2.58006e+24  5.11022e+22
17.3923  2.5673e+24  5.08544e+22
17.6425  2.55437e+24  5.06044e+22
17.8927  2.54126e+24  5.03522e+22
18.143  2.52793e+24  5.00977e+22
18.3932  2.51434e+24  4.98409e+22
18.6435  2.50047e+24  4.95817e+22
18.8937  2.48631e+24  4.93201e+22
19.144  2.47188e+24  4.90563e+22
19.3943  2.45722e+24  4.87904e+22
19.6445  2.4424e+24  4.85225e+22
19.8948  2.4275e+24  4.82528e+22
20.145  2.41261e+24  4.79815e+22
20.3953  2.39781e+24  4.77086e+22
20.6455  2.38318e+24  4.74342e+22
20.8957  2.36875e+24  4.71584e+22
21.146  2.35453e+24  4.68809e+22
21.3963  2.34049e+24  4.66019e+22
21.6465  2.32659e+24  4.63212e+22
21.8968  2.31276e+24  4.60388e+22
22.147  2.29892e+24  4.57546e+22
22.3972  2.28501e+24  4.54688e+22
22.6475  2.27095e+24  4.51815e+22
22.8977  2.25673e+24  4.48927e+22
23.148  2.24232e+24  4.46028e+22
23.3983  2.22775e+24  4.43117e+22
23.6485  2.21305e+24  4.40197e+22
23.8987  2.19829e+24  4.37268e+22
24.149  2.18352e+24  4.34331e+22
24.3992  2.1688e+24  4.31385e+22
24.6495  2.15418e+24  4.28429e+22
24.8998  2.13969e+24  4.25464e+22
25.15  2.12533e+24  4.22488e+22
25.4002  2.11107e+24  4.19502e+22
25.6505  2.09689e+24  4.16505e+22
25.9008  2.08272e+24  4.13498e+22
26.151  2.0685e+24  4.10483e+22
26.4013  2.05418e+24  4.07462e+22
26.6515  2.03968e+24  4.04435e+22
26.9017  2.02498e+24  4.01404e+22
27.152  2.01004e+24  3.9837e+22
27.4022  1.99486e+24  3.95334e+22
27.6525  1.97948e+24  3.92296e+22
27.9028  1.96391e+24  3.89255e+22
28.153  1.94823e+24  3.8621e+22
28.4032  1.93249e+24  3.83162e+22
28.6535  1.91675e+24  3.8011e+22
28.9037  1.90107e+24  3.77053e+22
29.154  1.8855e+24  3.73992e+22
29.4042  1.87006e+24  3.70928e+22
29.6545  1.85478e+24  3.67863e+22
29.9047  1.83963e+24  3.64797e+22
30.155  1.8246e+24  3.61733e+22
30.4053  1.80965e+24  3.58671e+22
30.6555  1.79474e+24  3.55612e+22
30.9058  1.77984e+24  3.52557e+22
31.156  1.76492e+24  3.49505e+22
31.4062  1.74995e+24  3.46457e+22
31.6565  1.73494e+24  3.4341e+22
31.9068  1.71989e+24  3.40366e+22
32.157  1.70482e+24  3.37322e+22
32.4072  1.68976e+24  3.34281e+22
32.6575  1.67475e+24  3.31241e+22
32.9078  1.6598e+24  3.28204e+22
33.158  1.64493e+24  3.25172e+22
33.4083  1.63014e+24  3.22145e+22
33.6585  1.61541e+24  3.19124e+22
33.9087  1.60071e+24  3.16112e+22
34.159  1.58601e+24  3.13109e+22
34.4093  1.57126e+24  3.10114e+22
34.6595  1.55643e+24  3.07128e+22
34.9097  1.54147e+24  3.0415e+22
35.16  1.52639e+24  3.01179e+22
35.4102  1.51118e+24  2.98215e+22
35.6605  1.49586e+24  2.95257e+22
35.9108  1.4805e+24  2.92306e+22
36.161  1.46513e+24  2.89362e+22
36.4112  1.44984e+24  2.86426e+22
36.6615  1.43468e+24  2.83498e+22
36.9117  1.41973e+24  2.80582e+22
37.162  1.40504e+24  2.77677e+22
37.4123  1.39063e+24  2.74784e+22
37.6625  1.37651e+24  2.71905e+22
37.9127  1.36267e+24  2.69038e+22
38.163  1.34908e+24  2.66184e+22
38.4132  1.33567e+24  2.63343e+22
38.6635  1.3224e+24  2.60513e+22
38.9138  1.30919e+24  2.57694e+22
39.164  1.29598e+24  2.54886e+22
39.4143  1.28272e+24  2.52088e+22
39.6645  1.26936e+24  2.49301e+22
39.9148  1.25587e+24  2.46526e+22
40.165  1.24226e+24  2.43763e+22
40.4153  1.22853e+24  2.41015e+22
40.6655  1.21471e+24  2.38282e+22
40.9158  1.20084e+24  2.35566e+22
41.166  1.18696e+24  2.32865e+22
41.4163  1.17311e+24  2.30181e+22
41.6665  1.15934e+24  2.27513e+22
41.9168  1.14567e+24  2.24861e+22
42.167  1.13213e+24  2.22223e+22
42.4173  1.11873e+24  2.196e+22
42.6675  1.10546e+24  2.1699e+22
42.9177  1.09233e+24  2.14394e+22
43.168  1.07933e+24  2.11812e+22
43.4183  1.06643e+24  2.09244e+22
43.6685  1.05363e+24  2.06692e+22
43.9188  1.04091e+24  2.04157e+22
44.169  1.02829e+24  2.01639e+22
44.4192  1.01574e+24  1.99139e+22
44.6695  1.00329e+24  1.96659e+22
44.9198  9.90946e+23  1.94196e+22
45.17  9.78709e+23  1.91753e+22
45.4203  9.66591e+23  1.89327e+22
45.6705  9.54595e+23  1.86919e+22
45.9207  9.42719e+23  1.84527e+22
46.171  9.3095e+23  1.82152e+22
46.4213  9.19273e+23  1.79792e+22
46.6715  9.07663e+23  1.77447e+22
46.9217  8.96092e+23  1.7512e+22
47.172  8.84532e+23  1.72809e+22
47.4222  8.72954e+23  1.70515e+22
47.6725  8.6134e+23  1.68241e+22
47.9228  8.49675e+23  1.65986e+22
48.173  8.3796e+23  1.6375e+22
48.4232  8.26206e+23  1.61535e+22
48.6735  8.14438e+23  1.5934e+22
48.9237  8.02693e+23  1.57165e+22
49.174  7.91017e+23  1.55008e+22
49.4242  7.79466e+23  1.5287e+22
49.6745  7.68094e+23  1.50749e+22
49.9247  7.56954e+23  1.48645e+22
50.175  7.46094e+23  1.46558e+22
50.4253  7.35548e+23  1.44488e+22
50.6755  7.25337e+23  1.42436e+22
50.9258  7.15462e+23  1.40401e+22
51.176  7.05908e+23  1.38385e+22
51.4263  6.96642e+23  1.36388e+22
51.6765  6.87616e+23  1.34411e+22
51.9268  6.78767e+23  1.32455e+22
52.177  6.7003e+23  1.30519e+22
52.4273  6.61335e+23  1.28604e+22
52.6775  6.52615e+23  1.26708e+22
52.9278  6.43814e+23  1.24832e+22
53.178  6.34888e+23  1.22973e+22
53.4282  6.25808e+23  1.21133e+22
53.6785  6.16564e+23  1.1931e+22
53.9288  6.07164e+23  1.17504e+22
54.179  5.9763e+23  1.15715e+22
54.4293  5.88002e+23  1.13943e+22
54.6795  5.78326e+23  1.12188e+22
54.9297  5.68659e+23  1.10453e+22
55.18  5.59058e+23  1.08736e+22
55.4303  5.49575e+23  1.07039e+22
55.6805  5.40262e+23  1.05362e+22
55.9308  5.31156e+23  1.03704e+22
56.181  5.22288e+23  1.02067e+22
56.4312  5.13672e+23  1.00449e+22
56.6815  5.05314e+23  9.88495e+21
56.9318  4.97206e+23  9.72682e+21
57.182  4.89331e+23  9.57044e+21
57.4322  4.81664e+23  9.41574e+21
57.6825  4.74176e+23  9.26268e+21
57.9327  4.66833e+23  9.11125e+21
58.183  4.59606e+23  8.96145e+21
58.4333  4.52463e+23  8.81333e+21
58.6835  4.4538e+23  8.66691e+21
58.9337  4.38335e+23  8.52226e+21
59.184  4.31315e+23  8.37943e+21
59.4342  4.24312e+23  8.23844e+21
59.6845  4.17324e+23  8.09933e+21
59.9347  4.10353e+23  7.96208e+21
60.185  4.03406e+23  7.82668e+21
60.4352  3.96494e+23  7.69307e+21
60.6855  3.89626e+23  7.5612e+21
60.9357  3.82816e+23  7.431e+21
61.186  3.76075e+23  7.30241e+21
61.4363  3.69413e+23  7.17536e+21
61.6865  3.6284e+23  7.04984e+21
61.9367  3.56363e+23  6.92581e+21
62.187  3.49986e+23  6.80327e+21
62.4373  3.43713e+23  6.68226e+21
62.6875  3.37544e+23  6.5628e+21
62.9377  3.31478e+23  6.44494e+21
63.188  3.25512e+23  6.32871e+21
63.4383  3.19643e+23  6.21414e+21
63.6885  3.13865e+23  6.10127e+21
63.9387  3.08173e+23  5.99008e+21
64.189  3.0256e+23  5.88055e+21
64.4393  2.97022e+23  5.77265e+21
64.6895  2.91552e+23  5.66634e+21
64.9397  2.86148e+23  5.56154e+21
65.19  2.80806e+23  5.4582e+21
65.4403  2.75525e+23  5.35626e+21
65.6905  2.70304e+23  5.25568e+21
65.9407  2.65144e+23  5.15643e+21
66.191  2.60048e+23  5.05849e+21
66.4412  2.55018e+23  4.96186e+21
66.6915  2.50058e+23  4.86657e+21
66.9418  2.45171e+23  4.77264e+21
67.192  2.40359e+23  4.68011e+21
67.4423  2.35626e+23  4.589e+21
67.6925  2.30974e+23  4.49934e+21
67.9428  2.26403e+23  4.41114e+21
68.193  2.21914e+23  4.3244e+21
68.4432  2.17507e+23  4.2391e+21
68.6935  2.1318e+23  4.15521e+21
68.9438  2.08932e+23  4.07269e+21
69.194  2.0476e+23  3.99148e+21
69.4442  2.00661e+23  3.91153e+21
69.6945  1.96631e+23  3.83279e+21
69.9447  1.92667e+23  3.75521e+21
70.195  1.88763e+23  3.67875e+21
70.4453  1.84917e+23  3.60341e+21
70.6955  1.81124e+23  3.52916e+21
70.9458  1.77379e+23  3.45601e+21
71.196  1.73681e+23  3.38399e+21
71.4462  1.70026e+23  3.31311e+21
71.6965  1.66413e+23  3.24339e+21
71.9468  1.62841e+23  3.17487e+21
72.197  1.59311e+23  3.10756e+21
72.4472  1.55824e+23  3.04146e+21
72.6975  1.52384e+23  2.97657e+21
72.9477  1.48992e+23  2.91287e+21
73.198  1.45652e+23  2.85034e+21
73.4483  1.42366e+23  2.78894e+21
73.6985  1.39138e+23  2.72863e+21
73.9488  1.3597e+23  2.66935e+21
74.199  1.32863e+23  2.61107e+21
74.4492  1.29817e+23  2.55373e+21
74.6995  1.26832e+23  2.49731e+21
74.9498  1.23908e+23  2.44178e+21
75.2  1.21042e+23  2.38712e+21
75.4502  1.18234e+23  2.33334e+21
75.7005  1.15481e+23  2.28043e+21
75.9507  1.12783e+23  2.22842e+21
76.201  1.10136e+23  2.17731e+21
76.4512  1.07542e+23  2.12713e+21
76.7015  1.04999e+23  2.0779e+21
76.9518  1.02506e+23  2.02963e+21
77.202  1.00064e+23  1.98232e+21
77.4522  9.76716e+22  1.93597e+21
77.7025  9.53299e+22  1.89057e+21
77.9527  9.3038e+22  1.84609e+21
78.203  9.07953e+22  1.80252e+21
78.4533  8.86011e+22  1.7598e+21
78.7035  8.6454e+22  1.71791e+21
78.9537  8.43526e+22  1.67679e+21
79.204  8.22951e+22  1.63643e+21
79.4543  8.02796e+22  1.59677e+21
79.7045  7.8304e+22  1.55779e+21
79.9548  7.63665e+22  1.51948e+21
80.205  7.4465e+22  1.48182e+21
80.4553  7.25977e+22  1.44481e+21
80.7055  7.07626e+22  1.40845e+21
80.9557  6.89582e+22  1.37275e+21
81.206  6.71832e+22  1.33772e+21
81.4563  6.54361e+22  1.30339e+21
81.7065  6.37158e+22  1.26976e+21
81.9567  6.20215e+22  1.23685e+21
82.207  6.03522e+22  1.20466e+21
82.4573  5.87076e+22  1.17319e+21
82.7075  5.7087e+22  1.14245e+21
82.9577  5.54902e+22  1.11242e+21
83.208  5.39171e+22  1.08307e+21
83.4583  5.23676e+22  1.05439e+21
83.7085  5.08417e+22  1.02635e+21
83.9587  4.93392e+22  9.98904e+20
84.209  4.78602e+22  9.72034e+20
84.4592  4.64045e+22  9.45703e+20
84.7095  4.49719e+22  9.19883e+20
84.9597  4.35621e+22  8.94547e+20
85.21  4.21747e+22  8.69677e+20
85.4603  4.08093e+22  8.45258e+20
85.7105  3.94658e+22  8.21284e+20
85.9607  3.81436e+22  7.97751e+20
86.211  3.68428e+22  7.74664e+20
86.4613  3.55633e+22  7.52031e+20
86.7115  3.43056e+22  7.29862e+20
86.9617  3.307e+22  7.0817e+20
87.212  3.18573e+22  6.86968e+20
87.4622  3.06684e+22  6.66266e+20
87.7125  2.95044e+22  6.46074e+20
87.9627  2.83662e+22  6.26397e+20
88.213  2.7255e+22  6.07235e+20
88.4633  2.61718e+22  5.88584e+20
88.7135  2.51172e+22  5.70435e+20
88.9637  2.40918e+22  5.52772e+20
89.214  2.3096e+22  5.35579e+20
89.4642  2.21297e+22  5.18834e+20
89.7145  2.11927e+22  5.02512e+20
89.9648  2.02846e+22  4.86588e+20
90.215  1.94047e+22  4.71036e+20
90.4652  1.85524e+22  4.55832e+20
90.7155  1.77268e+22  4.40953e+20
90.9657  1.69271e+22  4.26381e+20
91.216  1.61527e+22  4.12098e+20
91.4663  1.54029e+22  3.98092e+20
91.7165  1.46772e+22  3.84358e+20
91.9668  1.39753e+22  3.7089e+20
92.217  1.32969e+22  3.57689e+20
92.4672  1.26419e+22  3.44761e+20
92.7175  1.20102e+22  3.32111e+20
92.9678  1.14017e+22  3.1975e+20
93.218  1.08164e+22  3.07687e+20
93.4682  1.02542e+22  2.95935e+20
93.7185  9.7148e+21  2.84503e+20
93.9688  9.19806e+21  2.73402e+20
94.219  8.70355e+21  2.62638e+20
94.4693  8.23077e+21  2.52219e+20
94.7195  7.77913e+21  2.42145e+20
94.9698  7.34792e+21  2.32416e+20
95.22  6.93638e+21  2.23028e+20
95.4702  6.5437e+21  2.13975e+20
95.7205  6.16903e+21  2.05245e+20
95.9708  5.81152e+21  1.96827e+20
96.221  5.47034e+21  1.88705e+20
96.4712  5.14468e+21  1.80863e+20
96.7215  4.83379e+21  1.73282e+20
96.9718  4.53698e+21  1.65944e+20
97.222  4.25361e+21  1.5883e+20
97.4722  3.98309e+21  1.51922e+20
97.7225  3.72492e+21  1.45204e+20
97.9728  3.47864e+21  1.38659e+20
98.223  3.24383e+21  1.32274e+20
98.4732  3.02013e+21  1.26036e+20
98.7235  2.80723e+21  1.19938e+20
98.9737  2.60481e+21  1.13971e+20
99.224  2.4126e+21  1.08131e+20
99.4742  2.23035e+21  1.02416e+20
99.7245  2.05783e+21  9.68251e+19
99.9748  1.89478e+21  9.13608e+19
100.225  1.74097e+21  8.60263e+19
100.475  1.59618e+21  8.08265e+19
100.725  1.46016e+21  7.57676e+19
100.976  1.33267e+21  7.08561e+19
101.226  1.21346e+21  6.60992e+19
101.476  1.10226e+21  6.15043e+19
101.727  9.98817e+20  5.70784e+19
101.977  9.02834e+20  5.28281e+19
102.227  8.14024e+20  4.87595e+19
102.477  7.32083e+20  4.48775e+19
102.728  6.567e+20  4.11862e+19
102.978  5.87556e+20  3.76885e+19
103.228  5.24324e+20  3.4386e+19
103.478  4.66674e+20  3.12791e+19
103.728  4.14273e+20  2.8367e+19
103.979  3.66791e+20  2.56474e+19
104.229  3.23897e+20  2.31172e+19
104.479  2.85268e+20  2.0772e+19
104.73  2.50586e+20  1.86064e+19
104.98  2.19543e+20  1.66141e+19
105.23  1.91842e+20  1.47883e+19
105.48  1.67198e+20  1.31213e+19
105.731  1.45339e+20  1.1605e+19
105.981  1.2601e+20  1.0231e+19
106.231  1.08967e+20  8.99065e+18
106.481  9.39855e+19  7.87506e+18
106.731  8.08544e+19  6.87548e+18
106.982  6.9379e+19  5.98317e+18
107.232  5.93798e+19  5.1896e+18
107.482  5.0692e+19  4.48645e+18
107.733  4.31654e+19  3.86574e+18
107.983  3.66636e+19  3.31982e+18
108.233  3.1063e+19  2.84147e+18
108.483  2.62524e+19  2.42386e+18
108.733  2.2132e+19  2.06064e+18
108.984  1.86126e+19  1.74588e+18
109.234  1.5615e+19  1.47413e+18
109.484  1.30686e+19  1.24038e+18
109.734  1.09115e+19  1.04005e+18
109.985  9.0891e+18  8.69021e+17
110.235  7.55346e+18  7.23537e+17
110.485  6.26287e+18  6.0025e+17
110.736  5.18102e+18  4.96166e+17
110.986  4.27645e+18  4.08626e+17
111.236  3.522e+18  3.3528e+17
111.486  2.89431e+18  2.74062e+17
111.736  2.37335e+18  2.23165e+17
111.987  1.942e+18  1.81014e+17
112.237  1.58571e+18  1.46243e+17
112.487  1.29209e+18  1.17676e+17
112.737  1.05068e+18  9.42988e+16
112.988  8.52654e+17  7.52484e+16
113.238  6.90571e+17  5.97883e+16
113.488  5.58205e+17  4.72951e+16
113.739  4.50343e+17  3.72431e+16
113.989  3.6264e+17  2.91909e+16
114.239  2.91479e+17  2.27698e+16
114.489  2.3386e+17  1.7673e+16
114.739  1.87302e+17  1.36466e+16
114.99  1.49757e+17  1.04814e+16
115.24  1.19539e+17  8.00572e+15
115.49  9.52657e+16  6.07941e+15
115.74  7.5803e+16  4.58867e+15
115.991  6.02258e+16  3.4415e+15
116.241  4.77802e+16  2.5639e+15
116.491  3.78534e+16  1.89663e+15
116.741  2.99484e+16  1.39257e+15
116.992  2.36634e+16  1.01437e+15
117.242  1.8674e+16  7.32668e+14
117.492  1.47187e+16  5.2444e+14
117.743  1.15877e+16  3.71788e+14
117.993  9.11256e+15  2.60865e+14
118.243  7.15835e+15  1.81034e+14
118.493  5.6174e+15  1.24175e+14
118.744  4.40375e+15  8.41397e+13
118.994  3.449e+15  5.63035e+13
119.244  2.69873e+15  3.72197e+13
119.494  2.10978e+15  2.43407e+13
119.745  1.64792e+15  1.58025e+13
119.995  1.28608e+15  1.02551e+13
120.245  1.00284e+15  6.73289e+12
120.495  7.81322e+14  4.5537e+12
120.746  6.08219e+14  3.24337e+12
120.996  4.73057e+14  2.47796e+12
121.246  3.67596e+14  2.04093e+12
121.496  2.85372e+14  1.79121e+12
121.746  2.21308e+14  1.63995e+12
121.997  1.71434e+14  1.53372e+12
122.247  1.32636e+14  1.44243e+12
122.497  1.02481e+14  1.351e+12
122.747  7.90648e+13  1.25346e+12
122.998  6.09032e+13  1.14916e+12
123.248  4.68338e+13  1.04008e+12
123.498  3.59487e+13  9.2925e+11
123.749  2.75368e+13  8.19724e+11
123.999  2.1045e+13  7.14242e+11
124.249  1.6043e+13  6.1499e+11
124.499  1.21977e+13  5.23613e+11
124.749  9.24965e+12  4.4113e+11
125  6.99647e+12  3.67989e+11
