#S 1 spectral density
#N 2
#UFWHM 568.367
#L  abscissas [um]  spectral density
-590.543  0
-588.9  0
-587.257  0
-585.615  0
-583.972  0
-582.329  0
-580.687  0
-579.044  0
-577.401  0
-575.759  0
-574.116  0
-572.473  0
-570.831  0
-569.188  0
-567.545  0
-565.903  0
-564.26  0
-562.617  0
-560.975  0
-559.332  0
-557.689  0
-556.047  0
-554.404  0
-552.761  0
-551.119  0
-549.476  0
-547.833  0
-546.191  0
-544.548  0
-542.905  0
-541.262  0
-539.62  0
-537.977  0
-536.334  0
-534.692  0
-533.049  0
-531.406  0
-529.764  0
-528.121  0
-526.478  0
-524.836  0
-523.193  0
-521.55  0
-519.908  0
-518.265  0
-516.622  0
-514.98  0
-513.337  0
-511.694  0
-510.052  0
-508.409  0
-506.766  0
-505.124  0
-503.481  0
-501.838  0
-500.195  0
-498.553  0
-496.91  0
-495.267  0
-493.625  0
-491.982  0
-490.339  0
-488.697  0
-487.054  0
-485.411  0
-483.769  0
-482.126  0
-480.483  0
-478.841  0
-477.198  0
-475.555  0
-473.913  0
-472.27  0
-470.627  0
-468.985  0
-467.342  0
-465.699  0
-464.057  0
-462.414  0
-460.771  0
-459.129  0
-457.486  0
-455.843  0
-454.2  0
-452.558  0
-450.915  0
-449.272  0
-447.63  0
-445.987  0
-444.344  0
-442.702  0
-441.059  0
-439.416  0
-437.774  0
-436.131  0
-434.488  0
-432.846  0
-431.203  0
-429.56  0
-427.918  0
-426.275  0
-424.632  0
-422.99  0
-421.347  0
-419.704  0
-418.062  0
-416.419  0
-414.776  0
-413.134  0
-411.491  0
-409.848  0
-408.205  0
-406.563  0
-404.92  0
-403.277  0
-401.635  0
-399.992  0
-398.349  0
-396.707  0
-395.064  0
-393.421  2.12966e+21
-391.779  1.82394e+21
-390.136  2.23414e+21
-388.493  2.57186e+21
-386.851  2.21093e+21
-385.208  1.89552e+21
-383.565  2.28758e+21
-381.923  2.7097e+21
-380.28  2.42657e+21
-378.637  2.00173e+21
-376.995  2.2626e+21
-375.352  2.79208e+21
-373.709  2.69162e+21
-372.067  2.17779e+21
-370.424  2.18911e+21
-368.781  2.75777e+21
-367.138  2.97144e+21
-365.496  2.52699e+21
-363.853  2.20742e+21
-362.21  2.57151e+21
-360.568  3.08362e+21
-358.925  2.98294e+21
-357.282  2.46343e+21
-355.64  2.35541e+21
-353.997  2.85855e+21
-352.354  3.26664e+21
-350.712  3.01898e+21
-349.069  2.50932e+21
-347.426  2.49732e+21
-345.784  3.03314e+21
-344.141  3.41334e+21
-342.498  3.15873e+21
-340.856  2.65465e+21
-339.213  2.59427e+21
-337.57  3.07401e+21
-335.928  3.52444e+21
-334.285  3.42655e+21
-332.642  2.94736e+21
-331  2.70591e+21
-329.357  3.01732e+21
-327.714  3.57611e+21
-326.072  3.79821e+21
-324.429  3.47681e+21
-322.786  3.02627e+21
-321.143  2.98125e+21
-319.501  3.41946e+21
-317.858  3.92322e+21
-316.215  4.02574e+21
-314.573  3.66362e+21
-312.93  3.23133e+21
-311.287  3.16981e+21
-309.645  3.52422e+21
-308.002  3.96446e+21
-306.359  4.10385e+21
-304.717  3.81224e+21
-303.074  3.35015e+21
-301.431  3.095e+21
-299.789  3.21071e+21
-298.146  3.55949e+21
-296.503  3.83888e+21
-294.861  3.79997e+21
-293.218  3.44438e+21
-291.575  3.0445e+21
-289.933  2.87386e+21
-288.29  3.00942e+21
-286.647  3.3371e+21
-285.005  3.63804e+21
-283.362  3.70959e+21
-281.719  3.51289e+21
-280.077  3.22202e+21
-278.434  3.04371e+21
-276.791  3.0744e+21
-275.148  3.30687e+21
-273.506  3.64831e+21
-271.863  3.95021e+21
-270.22  4.07541e+21
-268.578  4.00932e+21
-266.935  3.84437e+21
-265.292  3.69787e+21
-263.65  3.65272e+21
-262.007  3.7663e+21
-260.364  4.04262e+21
-258.722  4.37857e+21
-257.079  4.64766e+21
-255.436  4.77721e+21
-253.794  4.7578e+21
-252.151  4.63133e+21
-250.508  4.46147e+21
-248.866  4.31631e+21
-247.223  4.27188e+21
-245.58  4.35652e+21
-243.938  4.51287e+21
-242.295  4.68363e+21
-240.652  4.83758e+21
-239.01  4.92694e+21
-237.367  4.9343e+21
-235.724  4.86812e+21
-234.081  4.73179e+21
-232.439  4.58651e+21
-230.796  4.46346e+21
-229.153  4.3588e+21
-227.511  4.28764e+21
-225.868  4.25334e+21
-224.225  4.26349e+21
-222.583  4.32019e+21
-220.94  4.41256e+21
-219.297  4.52664e+21
-217.655  4.64858e+21
-216.012  4.77315e+21
-214.369  4.88283e+21
-212.727  4.96061e+21
-211.084  5.00299e+21
-209.441  5.007e+21
-207.799  4.98173e+21
-206.156  4.94457e+21
-204.513  4.89068e+21
-202.871  4.83583e+21
-201.228  4.77766e+21
-199.585  4.72157e+21
-197.943  4.68192e+21
-196.3  4.64583e+21
-194.657  4.62516e+21
-193.015  4.61865e+21
-191.372  4.61612e+21
-189.729  4.6327e+21
-188.086  4.65179e+21
-186.444  4.67924e+21
-184.801  4.71518e+21
-183.158  4.74887e+21
-181.516  4.7897e+21
-179.873  4.82685e+21
-178.23  4.86613e+21
-176.588  4.90424e+21
-174.945  4.94012e+21
-173.302  4.97568e+21
-171.66  5.0084e+21
-170.017  5.03746e+21
-168.374  5.06565e+21
-166.732  5.08924e+21
-165.089  5.10848e+21
-163.446  5.1252e+21
-161.804  5.13532e+21
-160.161  5.14718e+21
-158.518  5.14502e+21
-156.876  5.14e+21
-155.233  5.1161e+21
-153.59  5.08401e+21
-151.948  5.04137e+21
-150.305  4.99039e+21
-148.662  4.93537e+21
-147.02  4.86861e+21
-145.377  4.80318e+21
-143.734  4.73014e+21
-142.091  4.66547e+21
-140.449  4.59926e+21
-138.806  4.54278e+21
-137.163  4.49259e+21
-135.521  4.44869e+21
-133.878  4.41583e+21
-132.235  4.39464e+21
-130.593  4.39194e+21
-128.95  4.40148e+21
-127.307  4.42757e+21
-125.665  4.46675e+21
-124.022  4.52218e+21
-122.379  4.59487e+21
-120.737  4.68084e+21
-119.094  4.78134e+21
-117.451  4.89128e+21
-115.809  5.00861e+21
-114.166  5.12122e+21
-112.523  5.23159e+21
-110.881  5.33149e+21
-109.238  5.42522e+21
-107.595  5.50077e+21
-105.953  5.56859e+21
-104.31  5.62499e+21
-102.667  5.68919e+21
-101.024  5.74106e+21
-99.3818  5.80284e+21
-97.7391  5.85544e+21
-96.0965  5.91732e+21
-94.4538  5.96778e+21
-92.8111  6.01642e+21
-91.1684  6.04281e+21
-89.5257  6.05455e+21
-87.8831  6.0463e+21
-86.2404  6.02505e+21
-84.5977  5.98854e+21
-82.955  5.9472e+21
-81.3123  5.90708e+21
-79.6697  5.87202e+21
-78.027  5.82784e+21
-76.3843  5.76625e+21
-74.7416  5.67563e+21
-73.099  5.55284e+21
-71.4563  5.39593e+21
-69.8136  5.23309e+21
-68.1709  5.07814e+21
-66.5282  4.9734e+21
-64.8856  4.93553e+21
-63.2429  4.97763e+21
-61.6002  5.06735e+21
-59.9575  5.17067e+21
-58.3148  5.23092e+21
-56.6722  5.21548e+21
-55.0295  5.12001e+21
-53.3868  4.96945e+21
-51.7441  4.83186e+21
-50.1014  4.76835e+21
-48.4588  4.83345e+21
-46.8161  5.005e+21
-45.1734  5.22866e+21
-43.5307  5.41761e+21
-41.8881  5.51102e+21
-40.2454  5.49612e+21
-38.6027  5.4064e+21
-36.96  5.32749e+21
-35.3173  5.3393e+21
-33.6747  5.46195e+21
-32.032  5.64581e+21
-30.3893  5.8129e+21
-28.7466  5.87946e+21
-27.1039  5.83038e+21
-25.4613  5.71663e+21
-23.8186  5.63209e+21
-22.1759  5.63402e+21
-20.5332  5.70059e+21
-18.8905  5.77939e+21
-17.2479  5.80562e+21
-15.6052  5.75073e+21
-13.9625  5.64161e+21
-12.3198  5.53747e+21
-10.6772  5.49076e+21
-9.03447  5.48552e+21
-7.3918  5.48288e+21
-5.74912  5.45456e+21
-4.10644  5.38036e+21
-2.46376  5.28903e+21
-0.821079  5.22101e+21
0.8216  5.2003e+21
2.46428  5.2083e+21
4.10696  5.20355e+21
5.74964  5.17946e+21
7.39232  5.14703e+21
9.035  5.12449e+21
10.6777  5.11958e+21
12.3204  5.12362e+21
13.963  5.11374e+21
15.6057  5.0823e+21
17.2484  5.0413e+21
18.8911  4.99926e+21
20.5337  4.97437e+21
22.1764  4.94954e+21
23.8191  4.91018e+21
25.4618  4.87435e+21
27.1045  4.84554e+21
28.7471  4.81465e+21
30.3898  4.78465e+21
32.0325  4.75568e+21
33.6752  4.72254e+21
35.3179  4.69613e+21
36.9605  4.66715e+21
38.6032  4.61206e+21
40.2459  4.56187e+21
41.8886  4.52779e+21
43.5313  4.48359e+21
45.1739  4.43338e+21
46.8166  4.385e+21
48.4593  4.33452e+21
50.102  4.3084e+21
51.7446  4.29403e+21
53.3873  4.26698e+21
55.03  4.24005e+21
56.6727  4.23019e+21
58.3154  4.24622e+21
59.958  4.25945e+21
61.6007  4.26953e+21
63.2434  4.29588e+21
64.8861  4.3437e+21
66.5288  4.40046e+21
68.1714  4.46085e+21
69.8141  4.52158e+21
71.4568  4.60917e+21
73.0995  4.69703e+21
74.7422  4.74284e+21
76.3848  4.82242e+21
78.0275  4.90477e+21
79.6702  4.93719e+21
81.3129  4.94441e+21
82.9556  4.96129e+21
84.5982  4.99246e+21
86.2409  4.9485e+21
87.8836  4.86328e+21
89.5263  4.85701e+21
91.1689  4.81901e+21
92.8116  4.70963e+21
94.4543  4.62785e+21
96.097  4.59648e+21
97.7397  4.54581e+21
99.3823  4.43836e+21
101.025  4.3788e+21
102.668  4.38006e+21
104.31  4.3155e+21
105.953  4.22527e+21
107.596  4.21864e+21
109.238  4.21271e+21
110.881  4.11478e+21
112.524  4.08508e+21
114.166  4.09312e+21
115.809  4.03804e+21
117.452  3.97383e+21
119.094  3.9931e+21
120.737  3.99367e+21
122.38  3.91388e+21
124.023  3.95826e+21
125.665  3.98438e+21
127.308  3.94199e+21
128.951  3.98059e+21
130.593  4.02078e+21
132.236  4.00504e+21
133.879  4.00529e+21
135.521  4.06102e+21
137.164  4.00808e+21
138.807  3.99727e+21
140.449  4.01756e+21
142.092  3.95173e+21
143.735  3.91058e+21
145.377  3.9063e+21
147.02  3.83278e+21
148.663  3.78088e+21
150.305  3.76929e+21
151.948  3.68846e+21
153.591  3.64228e+21
155.233  3.62344e+21
156.876  3.54487e+21
158.519  3.50666e+21
160.161  3.48308e+21
161.804  3.41228e+21
163.447  3.39196e+21
165.089  3.3658e+21
166.732  3.3123e+21
168.375  3.31675e+21
170.018  3.29373e+21
171.66  3.2778e+21
173.303  3.2927e+21
174.946  3.2751e+21
176.588  3.28489e+21
178.231  3.29493e+21
179.874  3.29176e+21
181.516  3.30373e+21
183.159  3.30462e+21
184.802  3.29805e+21
186.444  3.30427e+21
188.087  3.29096e+21
189.73  3.29479e+21
191.372  3.28116e+21
193.015  3.27793e+21
194.658  3.26844e+21
196.3  3.25319e+21
197.943  3.24758e+21
199.586  3.22406e+21
201.228  3.20327e+21
202.871  3.179e+21
204.514  3.13514e+21
206.156  3.1076e+21
207.799  3.05199e+21
209.442  3.02123e+21
211.085  2.96021e+21
212.727  2.92891e+21
214.37  2.86864e+21
216.013  2.83346e+21
217.655  2.78511e+21
219.298  2.74783e+21
220.941  2.7024e+21
222.583  2.67284e+21
224.226  2.61989e+21
225.869  2.5942e+21
227.511  2.54178e+21
229.154  2.51549e+21
230.797  2.46811e+21
232.439  2.44467e+21
234.082  2.40141e+21
235.725  2.38224e+21
237.367  2.35152e+21
239.01  2.3294e+21
240.653  2.31775e+21
242.295  2.29915e+21
243.938  2.29732e+21
245.581  2.29021e+21
247.223  2.29784e+21
248.866  2.29116e+21
250.509  2.30745e+21
252.151  2.30247e+21
253.794  2.30898e+21
255.437  2.31235e+21
257.08  2.30542e+21
258.722  2.30264e+21
260.365  2.29254e+21
262.008  2.27327e+21
263.65  2.26116e+21
265.293  2.22661e+21
266.936  2.21085e+21
268.578  2.16924e+21
270.221  2.14618e+21
271.864  2.11085e+21
273.506  2.08206e+21
275.149  2.06018e+21
276.792  2.02752e+21
278.434  2.02098e+21
280.077  1.99537e+21
281.72  1.9894e+21
283.362  1.97549e+21
285.005  1.96873e+21
286.648  1.95859e+21
288.29  1.95483e+21
289.933  1.94241e+21
291.576  1.94985e+21
293.218  1.92645e+21
294.861  1.94316e+21
296.504  1.91999e+21
298.146  1.94211e+21
299.789  1.90532e+21
301.432  1.93769e+21
303.075  1.90079e+21
304.717  1.91824e+21
306.36  1.88975e+21
308.003  1.89394e+21
309.645  1.87078e+21
311.288  1.86096e+21
312.931  1.8369e+21
314.573  1.81504e+21
316.216  1.80552e+21
317.859  1.74913e+21
319.501  1.75948e+21
321.144  1.68926e+21
322.787  1.69151e+21
324.429  1.63033e+21
326.072  1.61794e+21
327.715  1.56082e+21
329.357  1.53944e+21
331  1.50328e+21
332.643  1.45395e+21
334.285  1.44925e+21
335.928  1.3774e+21
337.571  1.38943e+21
339.213  1.3317e+21
340.856  1.32289e+21
342.499  1.29518e+21
344.142  1.26449e+21
345.784  1.27078e+21
347.427  1.22279e+21
349.07  1.23367e+21
350.712  1.19202e+21
352.355  1.19204e+21
353.998  1.17963e+21
355.64  1.14725e+21
357.283  1.16154e+21
358.926  1.10685e+21
360.568  1.11805e+21
362.211  1.10105e+21
363.854  1.05629e+21
365.496  1.06542e+21
367.139  1.01988e+21
368.782  1.0062e+21
370.424  9.85897e+20
372.067  9.52513e+20
373.71  9.427e+20
375.352  9.013e+20
376.995  8.95439e+20
378.638  8.78089e+20
380.28  8.46891e+20
381.923  8.53588e+20
383.566  8.31736e+20
385.208  8.23298e+20
386.851  8.21192e+20
388.494  7.97783e+20
390.137  8.06443e+20
391.779  7.99702e+20
393.422  7.8681e+20
395.065  0
396.707  0
398.35  0
399.993  0
401.635  0
403.278  0
404.921  0
406.563  0
408.206  0
409.849  0
411.491  0
413.134  0
414.777  0
416.419  0
418.062  0
419.705  0
421.347  0
422.99  0
424.633  0
426.275  0
427.918  0
429.561  0
431.203  0
432.846  0
434.489  0
436.132  0
437.774  0
439.417  0
441.06  0
442.702  0
444.345  0
445.988  0
447.63  0
449.273  0
450.916  0
452.558  0
454.201  0
455.844  0
457.486  0
459.129  0
460.772  0
462.414  0
464.057  0
465.7  0
467.342  0
468.985  0
470.628  0
472.27  0
473.913  0
475.556  0
477.199  0
478.841  0
480.484  0
482.127  0
483.769  0
485.412  0
487.055  0
488.697  0
490.34  0
491.983  0
493.625  0
495.268  0
496.911  0
498.553  0
500.196  0
501.839  0
503.481  0
505.124  0
506.767  0
508.409  0
510.052  0
511.695  0
513.337  0
514.98  0
516.623  0
518.265  0
519.908  0
521.551  0
523.194  0
524.836  0
526.479  0
528.122  0
529.764  0
531.407  0
533.05  0
534.692  0
536.335  0
537.978  0
539.62  0
541.263  0
542.906  0
544.548  0
546.191  0
547.834  0
549.476  0
551.119  0
552.762  0
554.404  0
556.047  0
557.69  0
559.332  0
560.975  0
562.618  0
564.26  0
565.903  0
567.546  0
569.189  0
570.831  0
572.474  0
574.117  0
575.759  0
577.402  0
579.045  0
580.687  0
582.33  0
583.973  0
585.615  0
587.258  0
588.901  0
590.543  0
