#S 1 scored data
#N 5
#L  distance  fwhm  total_intensity  on_axis_intensity  peak_intensity
10 449.551 4.2955e-06 0.0039439 0.0339262
10.04 442.347 4.2707e-06 0.014939 0.0355703
10.0801 447.75 4.26643e-06 0.00788659 0.032013
10.1201 448.65 4.25618e-06 0.0220633 0.0298046
10.1602 450.001 4.22421e-06 0.00909314 0.0268188
10.2002 448.2 4.19446e-06 0.0129413 0.0277744
10.2402 440.996 4.18082e-06 0.00929327 0.030459
10.2803 441.447 4.16963e-06 0.0116283 0.033362
10.3203 447.3 4.15946e-06 0.0142371 0.0288261
10.3604 445.499 4.14575e-06 0.0110674 0.0236727
10.4004 450.001 4.11841e-06 0.0181975 0.0227654
10.4404 447.75 4.07646e-06 0.0100801 0.025535
10.4805 449.551 4.04196e-06 0.0136093 0.0228248
10.5205 427.49 4.00539e-06 0.0051258 0.0219061
10.5606 425.238 3.9835e-06 0.0228929 0.0254445
10.6006 430.191 3.97643e-06 0.00908359 0.0245381
10.6406 431.992 3.97187e-06 0.0193476 0.0223103
10.6807 429.741 3.96258e-06 0.00402396 0.0232949
10.7207 427.49 3.94595e-06 0.0186997 0.0239602
10.7608 432.442 3.92537e-06 0.00472478 0.0225438
10.8008 357.254 3.89831e-06 0.0200752 0.0226841
10.8408 396.424 3.87514e-06 0.00535879 0.0250498
10.8809 402.277 3.84508e-06 0.0238594 0.0238842
10.9209 407.229 3.82742e-06 0.00602497 0.0232243
10.961 405.429 3.81959e-06 0.0179567 0.0240828
11.001 402.727 3.80723e-06 0.00390403 0.0244784
11.041 397.324 3.80788e-06 0.0204459 0.0238731
11.0811 384.718 3.81027e-06 0.00902848 0.0233663
11.1211 379.766 3.81003e-06 0.0234228 0.0258806
11.1612 387.87 3.8135e-06 0.0062572 0.0226665
11.2012 382.917 3.81522e-06 0.0181069 0.0223209
11.2412 388.32 3.80784e-06 0.00747983 0.0225002
11.2813 385.619 3.81118e-06 0.0189465 0.0250227
11.3213 373.012 3.8003e-06 0.00759661 0.0233675
11.3614 367.61 3.79461e-06 0.0183187 0.023281
11.4014 373.012 3.79128e-06 0.0110875 0.0226353
11.4414 370.761 3.78516e-06 0.0219482 0.024966
11.4815 368.51 3.78234e-06 0.00851122 0.0231099
11.5215 363.107 3.78242e-06 0.0146628 0.0225705
11.5616 360.856 3.78027e-06 0.00853028 0.0235657
11.6016 355.904 3.77771e-06 0.017995 0.0255988
11.6416 361.306 3.7776e-06 0.0128096 0.0224478
11.6817 358.605 3.76928e-06 0.0193518 0.0235194
11.7217 345.999 3.76541e-06 0.00987183 0.0239964
11.7618 351.401 3.7618e-06 0.0166056 0.0229773
11.8018 349.15 3.75456e-06 0.0113029 0.0230425
11.8418 343.297 3.75426e-06 0.017605 0.0229507
11.8819 341.046 3.75277e-06 0.00960446 0.0236126
11.9219 346.449 3.75071e-06 0.0150172 0.0233
11.962 341.046 3.74984e-06 0.01247 0.0231974
12.002 338.795 3.74931e-06 0.0208279 0.022409
12.042 333.392 3.74247e-06 0.0136024 0.023884
12.0821 331.141 3.74353e-06 0.0185925 0.0260006
12.1221 336.544 3.74109e-06 0.00874325 0.0223055
12.1622 323.487 3.73917e-06 0.0153789 0.0238908
12.2022 321.236 3.74267e-06 0.0120018 0.0232931
12.2422 326.639 3.73912e-06 0.020462 0.0249992
12.2823 313.132 3.73963e-06 0.0117664 0.0248224
12.3223 318.985 3.7366e-06 0.0186265 0.0235323
12.3624 316.734 3.73293e-06 0.0109009 0.0238133
12.4024 310.881 3.7305e-06 0.0211627 0.0251956
12.4424 308.63 3.73024e-06 0.0125633 0.0242004
12.4825 303.227 3.72728e-06 0.0214492 0.0255267
12.5225 308.63 3.72652e-06 0.00854085 0.0241317
12.5626 305.929 3.72487e-06 0.0171983 0.025162
12.6026 300.526 3.71885e-06 0.010078 0.024393
12.6426 298.275 3.71863e-06 0.0238123 0.0238266
12.6827 253.702 3.71654e-06 0.0130707 0.025463
12.7227 290.621 3.71459e-06 0.0243847 0.024405
12.7628 287.92 3.71577e-06 0.00924719 0.0250694
12.8028 251.001 3.71209e-06 0.0203737 0.0260068
12.8428 280.266 3.7112e-06 0.0097843 0.0245581
12.8829 285.668 3.70952e-06 0.0244152 0.0244247
12.9229 241.096 3.70907e-06 0.0110462 0.0260319
12.963 277.564 3.7081e-06 0.0219699 0.0249226
13.003 240.646 3.70963e-06 0.00829643 0.0255545
13.043 238.395 3.70698e-06 0.0207716 0.0255201
13.0831 235.693 3.7053e-06 0.0114626 0.0243475
13.1231 230.291 3.7059e-06 0.0272283 0.0272457
13.1632 263.157 3.70364e-06 0.0149034 0.0255485
13.2032 268.56 3.70456e-06 0.0233618 0.0237174
13.2432 227.589 3.70222e-06 0.0113509 0.0251483
13.2833 260.456 3.70047e-06 0.0187445 0.0254305
13.3233 222.637 3.69863e-06 0.0127218 0.026078
13.3634 252.352 3.69703e-06 0.0229004 0.0256993
13.4034 250.101 3.6969e-06 0.0176166 0.0247885
13.4434 213.182 3.69415e-06 0.0200618 0.0258181
13.4835 210.481 3.69407e-06 0.0155099 0.0285669
13.5235 247.399 3.69179e-06 0.0160014 0.0254854
13.5636 245.148 3.69043e-06 0.0175657 0.0264573
13.6036 242.897 3.69221e-06 0.0202176 0.026018
13.6436 237.044 3.6898e-06 0.0255278 0.0269693
13.6837 234.793 3.69032e-06 0.0188428 0.0283968
13.7237 240.196 3.68932e-06 0.0233817 0.0283619
13.7638 226.239 3.68855e-06 0.0121737 0.0268703
13.8038 232.092 3.68893e-06 0.020273 0.0286434
13.8438 194.273 3.68922e-06 0.013603 0.0292007
13.8839 223.537 3.68742e-06 0.0274418 0.027451
13.9239 189.32 3.68632e-06 0.0168182 0.0299253
13.964 219.035 3.68696e-06 0.027754 0.0277619
14.004 188.87 3.68518e-06 0.0131135 0.0286533
14.044 186.168 3.68525e-06 0.0215494 0.0305055
14.0841 183.467 3.68363e-06 0.0126121 0.0309855
14.1241 178.965 3.68168e-06 0.0262238 0.0287803
14.1642 211.831 3.68197e-06 0.020565 0.0290305
14.2042 174.012 3.68098e-06 0.0300924 0.0301032
14.2442 203.727 3.68027e-06 0.0231402 0.0282058
14.2843 172.662 3.67891e-06 0.0213675 0.031352
14.3243 183.017 3.67894e-06 0.0182689 0.0288931
14.3644 168.159 3.67913e-06 0.0171717 0.0314528
14.4044 197.874 3.67783e-06 0.0227531 0.0296469
14.4444 195.623 3.67947e-06 0.0223757 0.0329599
14.4845 158.254 3.67746e-06 0.0320948 0.0321017
14.5245 187.069 3.67866e-06 0.02105 0.0338014
14.5646 192.922 3.67934e-06 0.0278937 0.0322286
14.6046 155.103 3.67724e-06 0.0136103 0.0307242
14.6446 151.951 3.67819e-06 0.0224744 0.0366116
14.6847 150.15 3.67729e-06 0.0153203 0.0319393
14.7247 179.865 3.67723e-06 0.0311055 0.0326739
14.7648 148.8 3.67633e-06 0.0250752 0.0331012
14.8048 146.549 3.67498e-06 0.0347627 0.0351542
14.8448 169.06 3.67489e-06 0.0262743 0.0325994
14.8849 141.596 3.67386e-06 0.0235941 0.036088
14.9249 171.761 3.67454e-06 0.0201061 0.0333788
14.965 165.908 3.67328e-06 0.019105 0.0352552
15.005 131.691 3.67226e-06 0.0265198 0.037784
15.045 161.406 3.67414e-06 0.0272396 0.0362469
15.0851 126.288 3.67266e-06 0.0403127 0.0403281
15.1251 128.54 3.67334e-06 0.0290091 0.0367555
15.1652 125.838 3.67354e-06 0.0364252 0.0389902
15.2052 147.449 3.67341e-06 0.0195972 0.0357706
15.2452 120.435 3.67403e-06 0.0244202 0.0422268
15.2853 147.449 3.67316e-06 0.0171071 0.0367477
15.3253 119.76 3.67352e-06 0.0299149 0.0383034
15.3654 142.497 3.67298e-06 0.030895 0.0407801
15.4054 114.583 3.67348e-06 0.0397979 0.0414486
15.4454 112.331 3.67296e-06 0.0408955 0.0436837
15.4855 139.345 3.67131e-06 0.0311924 0.0406282
15.5255 107.829 3.67234e-06 0.0311891 0.0439217
15.5656 134.392 3.67168e-06 0.0175021 0.0420311
15.6056 103.327 3.6707e-06 0.0252402 0.0503019
15.6456 128.99 3.67138e-06 0.0217578 0.0423664
15.6857 123.587 3.67091e-06 0.0412163 0.0429206
15.7257 96.1233 3.67158e-06 0.0380808 0.0480981
15.7658 93.8721 3.67097e-06 0.0503738 0.0503803
15.8058 94.7726 3.67129e-06 0.0409825 0.0491664
15.8458 93.4219 3.67178e-06 0.0336257 0.0469364
15.8859 114.583 3.67171e-06 0.0272825 0.0511074
15.9259 88.4694 3.67288e-06 0.0199411 0.04798
15.966 84.4174 3.67177e-06 0.0283594 0.0580283
16.006 103.777 3.67266e-06 0.0312162 0.0497783
16.046 109.18 3.67296e-06 0.0525395 0.0525534
16.0861 78.1142 3.67153e-06 0.048014 0.0550528
16.1261 79.0147 3.67201e-06 0.060019 0.0602085
16.1662 76.7635 3.67199e-06 0.0439515 0.0566553
16.2062 99.7251 3.67167e-06 0.037065 0.0515652
16.2462 93.4219 3.67136e-06 0.0269416 0.0591527
16.2863 73.612 3.67123e-06 0.0241149 0.0594697
16.3263 67.3088 3.6719e-06 0.0333162 0.0674628
16.3664 93.4219 3.67116e-06 0.0415057 0.0571988
16.4064 64.6074 3.67142e-06 0.0641053 0.0641196
16.4464 88.4694 3.67235e-06 0.0598647 0.0599858
16.4865 57.4038 3.67205e-06 0.0709861 0.0715587
16.5265 62.8065 3.6732e-06 0.0512789 0.0671023
16.5666 84.8676 3.67317e-06 0.0430084 0.0595771
16.6066 79.0147 3.67327e-06 0.0308456 0.0676736
16.6466 72.2613 3.6741e-06 0.0291597 0.0722393
16.6867 73.612 3.67353e-06 0.0399855 0.0794521
16.7267 74.0622 3.67346e-06 0.0510042 0.0639602
16.7668 68.2092 3.67379e-06 0.0764604 0.0764826
16.8068 67.3088 3.67363e-06 0.0735116 0.0735116
16.8468 67.759 3.67347e-06 0.0849676 0.0849859
16.8869 61.9061 3.67321e-06 0.0645283 0.0789794
16.9269 63.707 3.67384e-06 0.053758 0.0695532
16.967 62.3563 3.67392e-06 0.0411134 0.082081
17.007 57.4038 3.67307e-06 0.0371354 0.0866027
17.047 56.0531 3.67448e-06 0.0504907 0.0930234
17.0871 57.854 3.67449e-06 0.0611971 0.0786941
17.1271 52.0011 3.67433e-06 0.0909819 0.0910001
17.1672 52.4513 3.67547e-06 0.0901304 0.0901326
17.2072 46.1482 3.67568e-06 0.102533 0.102551
17.2472 47.0486 3.67629e-06 0.0852144 0.0940241
17.2873 47.4988 3.67611e-06 0.0711991 0.0862045
17.3273 46.1482 3.67651e-06 0.061462 0.102837
17.3674 41.6459 3.67679e-06 0.053628 0.105035
17.4074 41.1957 3.67619e-06 0.0721087 0.115187
17.4474 41.1957 3.67655e-06 0.0814734 0.104058
17.4875 35.793 3.67673e-06 0.116212 0.116233
17.5275 35.793 3.67644e-06 0.119392 0.119398
17.5676 34.8925 3.67686e-06 0.129382 0.129405
17.6076 30.8405 3.67699e-06 0.118738 0.129521
17.6476 30.3903 3.67718e-06 0.0983204 0.115753
17.6877 29.4898 3.67798e-06 0.0958679 0.14745
17.7277 24.9875 3.67773e-06 0.087253 0.148801
17.7678 24.5373 3.6784e-06 0.119023 0.16172
17.8078 24.5373 3.67886e-06 0.138674 0.150081
17.8478 20.0351 3.6789e-06 0.185562 0.18557
17.8879 19.1346 3.6796e-06 0.206422 0.206436
17.9279 18.6844 3.67973e-06 0.21006 0.210078
17.968 15.5328 3.68038e-06 0.207736 0.215211
18.008 14.6323 3.68032e-06 0.169018 0.204379
18.048 13.2817 3.68027e-06 0.167017 0.270126
18.0881 11.4808 3.68092e-06 0.163972 0.307128
18.1281 9.22963 3.68063e-06 0.230024 0.340034
18.1682 8.77941 3.68036e-06 0.325717 0.339392
18.2082 7.42873 3.68112e-06 0.468138 0.468138
18.2482 3.3767 3.68105e-06 0.64616 0.646197
18.2883 2.92647 3.68094e-06 0.775585 0.775587
18.3283 2.92647 3.68171e-06 0.92756 0.927608
18.3684 2.92647 3.68205e-06 0.976518 0.976525
18.4084 2.92647 3.68265e-06 0.992133 0.992135
18.4484 2.92647 3.68288e-06 0.970577 0.97059
18.4885 3.3767 3.68369e-06 0.869704 0.869704
18.5285 3.3767 3.68426e-06 0.809638 0.809638
18.5686 3.82692 3.68377e-06 0.699063 0.699063
18.6086 3.82692 3.68457e-06 0.620952 0.620952
18.6486 4.27715 3.68491e-06 0.552455 0.552457
18.6887 4.72737 3.68438e-06 0.461415 0.461415
18.7287 7.87896 3.68473e-06 0.407011 0.407042
18.7688 9.67986 3.68516e-06 0.313531 0.31355
18.8088 10.1301 3.68489e-06 0.245973 0.265721
18.8488 10.1301 3.68514e-06 0.179904 0.267762
18.8889 10.1301 3.68556e-06 0.12778 0.26478
18.9289 15.0826 3.68603e-06 0.114744 0.2501
18.969 15.983 3.68629e-06 0.109861 0.200614
19.009 15.983 3.68655e-06 0.144085 0.186519
19.049 20.0351 3.68765e-06 0.165235 0.184102
19.0891 20.4853 3.68758e-06 0.194383 0.1944
19.1291 20.4853 3.68763e-06 0.203731 0.203756
19.1692 20.9355 3.68869e-06 0.181209 0.181219
19.2092 21.836 3.68862e-06 0.161408 0.161422
19.2492 26.7884 3.68852e-06 0.113106 0.131937
19.2893 26.7884 3.68919e-06 0.0820407 0.150057
19.3293 26.7884 3.68929e-06 0.0590379 0.151295
19.3694 30.8405 3.68921e-06 0.0524183 0.140055
19.4094 31.7409 3.68945e-06 0.0677597 0.123302
19.4494 37.1436 3.68977e-06 0.0809589 0.103162
19.4895 36.6934 3.69005e-06 0.108086 0.120242
19.5295 37.5939 3.69005e-06 0.112102 0.112111
19.5696 38.0441 3.6906e-06 0.111921 0.111934
19.6096 43.4468 3.69135e-06 0.102031 0.10204
19.6496 43.897 3.69109e-06 0.0766073 0.0972993
19.6897 43.897 3.69161e-06 0.0657361 0.096422
19.7297 49.2997 3.6925e-06 0.0499898 0.0862282
19.7698 49.2997 3.69217e-06 0.0517994 0.0890741
19.8098 50.2002 3.69257e-06 0.0577827 0.0886463
19.8498 49.75 3.69324e-06 0.064537 0.089332
19.8899 55.1527 3.69324e-06 0.0767964 0.0829975
19.9299 55.1527 3.69333e-06 0.0706565 0.0809902
19.97 55.6029 3.69367e-06 0.0681616 0.0833073
20.01 60.1052 3.69388e-06 0.0549582 0.077272
20.0501 61.0056 3.6939e-06 0.0412655 0.0762197
20.0901 61.4558 3.69401e-06 0.0378639 0.0769897
20.1301 66.4083 3.69454e-06 0.0345461 0.073156
20.1702 67.3088 3.69487e-06 0.0477341 0.0639047
20.2102 72.7115 3.69472e-06 0.0570498 0.0621882
20.2503 72.7115 3.69549e-06 0.0700032 0.0705059
20.2903 72.7115 3.69599e-06 0.0789201 0.0789304
20.3303 73.1617 3.69568e-06 0.0707753 0.0707816
20.3704 78.1142 3.69634e-06 0.0649959 0.0650089
20.4104 79.4649 3.69684e-06 0.0465154 0.0578523
20.4505 79.0147 3.69665e-06 0.0308208 0.0655938
20.4905 79.0147 3.69703e-06 0.0229877 0.0736564
20.5305 83.9671 3.6974e-06 0.0191084 0.0675095
20.5706 84.8676 3.69741e-06 0.0296014 0.0629424
20.6106 90.2703 3.69748e-06 0.0386199 0.0535735
20.6507 90.7205 3.69772e-06 0.053952 0.0587947
20.6907 90.7205 3.69789e-06 0.0630832 0.0630926
20.7307 90.7205 3.698e-06 0.0606982 0.0607034
20.7708 96.5735 3.69817e-06 0.0591615 0.0591737
20.8108 97.0237 3.69871e-06 0.0445999 0.0544776
20.8509 97.4739 3.69898e-06 0.0332618 0.0580001
20.8909 102.426 3.69902e-06 0.0259063 0.0561683
20.9309 102.877 3.6997e-06 0.0208774 0.0563374
20.971 102.877 3.69991e-06 0.027363 0.0553507
21.011 103.327 3.69979e-06 0.0318668 0.0520476
21.0511 108.279 3.70031e-06 0.041533 0.0593787
21.0911 108.73 3.7004e-06 0.0466634 0.0530632
21.1311 114.583 3.70024e-06 0.0430386 0.0521676
21.1712 115.483 3.7006e-06 0.0407762 0.0462696
21.2112 115.033 3.70065e-06 0.0295264 0.049723
21.2513 115.033 3.70045e-06 0.021821 0.0532354
21.2913 121.336 3.70066e-06 0.0183694 0.0493715
21.3313 121.786 3.7008e-06 0.0179187 0.0445097
21.3714 126.739 3.70065e-06 0.0272787 0.0431763
21.4114 127.189 3.70091e-06 0.0343693 0.047313
21.4515 127.639 3.70125e-06 0.0451012 0.0455817
21.4915 126.739 3.70148e-06 0.0514486 0.0514598
21.5315 132.592 3.70175e-06 0.0475707 0.0475757
21.5716 133.492 3.7021e-06 0.0442484 0.0442561
21.6116 133.492 3.70253e-06 0.0323272 0.045985
21.6517 139.795 3.70249e-06 0.0210124 0.0406601
21.6917 139.345 3.70255e-06 0.0149956 0.0473618
21.7317 139.795 3.70292e-06 0.0109729 0.044852
21.7718 145.648 3.70257e-06 0.0163714 0.0428247
21.8118 146.098 3.70233e-06 0.0224356 0.0382979
21.8519 145.648 3.70269e-06 0.031459 0.0421373
21.8919 151.051 3.70244e-06 0.0396275 0.0423216
21.9319 151.951 3.70191e-06 0.0388448 0.0391072
21.972 157.804 3.70219e-06 0.0382483 0.0382528
22.012 158.254 3.70221e-06 0.0311497 0.0391349
22.0521 157.804 3.7016e-06 0.0219827 0.0435661
22.0921 157.804 3.70176e-06 0.017899 0.0432882
22.1321 164.107 3.70205e-06 0.0139636 0.0390936
22.1722 164.558 3.70174e-06 0.0175951 0.0350483
22.2122 164.558 3.70183e-06 0.0231456 0.0366024
22.2523 169.51 3.70222e-06 0.028825 0.0386553
22.2923 169.96 3.70224e-06 0.0363867 0.0408926
22.3323 176.263 3.70207e-06 0.0355902 0.0362285
22.3724 176.714 3.70218e-06 0.0328843 0.0361385
22.4124 177.164 3.7022e-06 0.0274873 0.0356564
22.4525 182.567 3.7017e-06 0.0175219 0.0348425
22.4925 177.164 3.70142e-06 0.0124093 0.0371688
22.5325 183.017 3.70146e-06 0.00896598 0.0379912
22.5726 183.017 3.70101e-06 0.0108283 0.038619
22.6126 188.42 3.70052e-06 0.0176247 0.0358143
22.6527 189.32 3.70061e-06 0.0238732 0.0329939
22.6927 194.723 3.70042e-06 0.0330738 0.0337109
22.7327 195.173 3.69975e-06 0.0367218 0.0367272
22.7728 195.623 3.69967e-06 0.0352737 0.0352793
22.8128 196.073 3.69949e-06 0.033053 0.0330596
22.8529 201.476 3.69862e-06 0.0244197 0.0319826
22.8929 201.926 3.69833e-06 0.0171596 0.0343413
22.9329 201.926 3.69815e-06 0.0127363 0.0348042
22.973 207.779 3.6972e-06 0.00986882 0.0312659
23.013 208.23 3.69669e-06 0.0133891 0.0315657
23.0531 214.533 3.69656e-06 0.0174463 0.0294501
23.0931 214.082 3.6957e-06 0.0230447 0.033021
23.1331 207.779 3.69477e-06 0.0285324 0.0357178
23.1732 214.983 3.6945e-06 0.0276997 0.0315305
23.2132 220.611 3.69379e-06 0.0260958 0.0287896
23.2533 221.286 3.69262e-06 0.0212786 0.0287586
23.2933 221.286 3.69213e-06 0.0139068 0.0295539
23.3333 223.762 3.69176e-06 0.0103696 0.0314616
23.3734 227.139 3.69084e-06 0.00803299 0.0304978
23.4134 227.139 3.69023e-06 0.0103233 0.0310059
23.4535 227.589 3.69005e-06 0.0161715 0.0308213
23.4935 233.892 3.68943e-06 0.0215919 0.0294898
23.5335 233.892 3.68844e-06 0.029074 0.0307157
23.5736 233.892 3.68793e-06 0.0321222 0.0321287
23.6136 233.442 3.68729e-06 0.0306396 0.0306426
23.6537 240.196 3.68582e-06 0.0283684 0.0283737
23.6937 246.049 3.68473e-06 0.021146 0.0281837
23.7337 246.049 3.68405e-06 0.0142369 0.0293813
23.7738 246.499 3.6826e-06 0.0101401 0.0286229
23.8138 246.949 3.68112e-06 0.00728579 0.0290596
23.8539 253.027 3.68041e-06 0.00954905 0.0266678
23.8939 253.702 3.67926e-06 0.0133726 0.026366
23.9339 253.702 3.67756e-06 0.017978 0.0266478
23.974 187.069 3.67654e-06 0.0234756 0.030461
24.014 252.802 3.67551e-06 0.0241644 0.028968
24.0541 265.858 3.67368e-06 0.0229793 0.0259262
24.0941 266.309 3.67233e-06 0.0201468 0.0249768
24.1341 266.759 3.67138e-06 0.0139497 0.0243733
24.1742 266.309 3.66968e-06 0.00999573 0.0273136
24.2142 266.309 3.66817e-06 0.00772222 0.0268676
24.2543 272.612 3.66733e-06 0.00785194 0.0249836
24.2943 272.612 3.66597e-06 0.0123121 0.02572
24.3343 278.915 3.66422e-06 0.0168584 0.0260413
24.3744 272.162 3.6631e-06 0.0225875 0.0270361
24.4144 278.465 3.66195e-06 0.0274017 0.0274062
24.4545 279.365 3.6601e-06 0.0271382 0.0271427
24.4945 279.365 3.65855e-06 0.0256048 0.0256091
24.5345 286.119 3.65754e-06 0.0214 0.0247847
24.5746 285.218 3.65608e-06 0.0145246 0.0258651
24.6146 291.521 3.65453e-06 0.0100422 0.0256652
24.6547 291.972 3.65363e-06 0.00680299 0.024753
24.6947 291.521 3.65273e-06 0.00629958 0.0254896
24.7347 299.175 3.65133e-06 0.00944754 0.0236468
24.7748 299.175 3.65015e-06 0.0128801 0.0228242
24.8148 299.175 3.64933e-06 0.0177085 0.0244245
24.8549 262.707 3.64792e-06 0.0212449 0.0260509
24.8949 262.707 3.64617e-06 0.0209231 0.0252007
24.9349 305.478 3.64503e-06 0.0197974 0.0231617
24.975 312.232 3.64375e-06 0.0161562 0.0229535
25.015 312.682 3.64186e-06 0.0109961 0.022158
25.0551 311.782 3.64038e-06 0.00812972 0.0237782
25.0951 312.232 3.63932e-06 0.00635617 0.0234697
25.1351 312.682 3.63771e-06 0.00746168 0.0218769
25.1752 318.985 3.63593e-06 0.0115184 0.0217211
25.2152 318.535 3.63473e-06 0.0155493 0.0222609
25.2553 282.517 3.63327e-06 0.020696 0.024268
25.2953 282.517 3.63121e-06 0.024159 0.0241638
25.3353 282.517 3.62962e-06 0.0237177 0.0237215
25.3754 325.739 3.62822e-06 0.0222515 0.022254
25.4154 325.739 3.62618e-06 0.0182241 0.0212063
25.4555 295.573 3.62425e-06 0.0124475 0.0224198
25.4955 296.024 3.62287e-06 0.00863852 0.0226153
25.5355 338.795 3.62104e-06 0.00591195 0.0216542
25.5756 338.795 3.61874e-06 0.00562071 0.0221849
25.6156 302.327 3.61683e-06 0.00830942 0.0220272
25.6557 345.548 3.61495e-06 0.0113735 0.0212189
25.6957 338.795 3.61226e-06 0.0154782 0.0209125
25.7357 308.63 3.60948e-06 0.0186452 0.0227845
25.7758 309.53 3.60719e-06 0.018593 0.02126
25.8158 309.981 3.60447e-06 0.0175488 0.0208263
25.8559 352.302 3.60128e-06 0.0146281 0.0205557
25.8959 316.284 3.5986e-06 0.0100902 0.0207479
25.9359 359.505 3.5961e-06 0.00720087 0.0206008
25.976 322.587 3.59294e-06 0.0054983 0.0205223
26.016 323.037 3.58978e-06 0.00583948 0.0210329
26.0561 323.487 3.58711e-06 0.00906298 0.0193295
26.0961 372.562 3.58393e-06 0.0126897 0.0187519
26.1361 328.89 3.58014e-06 0.0170045 0.0211362
26.1762 329.791 3.57685e-06 0.0208462 0.0218132
26.2162 329.791 3.57371e-06 0.0213908 0.0213929
26.2563 336.094 3.56985e-06 0.0203844 0.0203865
26.2963 336.994 3.56625e-06 0.0178347 0.019269
26.3363 342.847 3.56342e-06 0.013012 0.0184501
26.3764 343.297 3.56037e-06 0.00903991 0.0198338
26.4164 343.297 3.55724e-06 0.00639815 0.0197908
26.4565 344.198 3.55493e-06 0.00505024 0.0185923
26.4965 344.198 3.55292e-06 0.00655138 0.0196689
26.5365 350.051 3.55071e-06 0.00920013 0.0193924
26.5766 350.501 3.54902e-06 0.0122852 0.0193747
26.6166 350.501 3.54795e-06 0.0157909 0.0194787
26.6567 357.254 3.5468e-06 0.0170272 0.0195811
26.6967 400.026 3.54593e-06 0.016317 0.0185973
26.7367 357.705 3.54571e-06 0.0147203 0.0179814
26.7768 363.107 3.54557e-06 0.0111385 0.0181733
26.8168 364.008 3.54549e-06 0.00749409 0.0183584
26.8569 364.008 3.54573e-06 0.00535128 0.0189252
26.8969 369.861 3.54591e-06 0.00425664 0.0190391
26.9369 370.761 3.54597e-06 0.0055383 0.0195723
26.977 413.983 3.54592e-06 0.00860777 0.0176868
27.017 413.983 3.54536e-06 0.0119324 0.0168395
27.0571 371.662 3.54442e-06 0.0158884 0.0190838
27.0971 377.064 3.54322e-06 0.0185414 0.0190959
27.1371 377.965 3.54111e-06 0.0186244 0.0186254
27.1772 384.718 3.53807e-06 0.0176533 0.0176555
27.2172 385.168 3.53468e-06 0.014972 0.0175014
27.2573 385.619 3.53021e-06 0.0108914 0.0177861
27.2973 385.619 3.52408e-06 0.00784667 0.0174726
27.3373 391.021 3.5173e-06 0.00578227 0.0185833
27.3774 391.922 3.50977e-06 0.00511777 0.0175273
27.4174 398.225 3.50024e-06 0.00679782 0.0166023
27.4575 398.675 3.48969e-06 0.00926228 0.016945
27.4975 399.125 3.47919e-06 0.0121267 0.0175432
27.5375 399.576 3.46746e-06 0.0151123 0.0173016
27.5776 400.026 3.45464e-06 0.0160897 0.0171256
27.6176 405.429 3.4426e-06 0.0153808 0.0168149
27.6577 405.879 3.43082e-06 0.0137687 0.0171703
27.6977 412.407 3.41846e-06 0.0104963 0.0162986
27.7377 413.082 3.40711e-06 0.00705463 0.0165343
27.7778 413.082 3.39719e-06 0.00483429 0.0175527
27.8178 413.533 3.38749e-06 0.00357836 0.0169832
27.8579 413.533 3.37873e-06 0.00423088 0.0170932
27.8979 419.836 3.37177e-06 0.00660524 0.0163148
27.9379 420.286 3.36558e-06 0.00937876 0.0156991
27.978 426.589 3.36004e-06 0.0126636 0.0162323
28.018 427.039 3.35598e-06 0.0152591 0.016818
28.0581 427.49 3.35254e-06 0.01576 0.0159361
28.0981 427.94 3.34908e-06 0.0151334 0.0158279
28.1381 433.793 3.34618e-06 0.0133059 0.0154816
28.1782 433.793 3.34305e-06 0.0100833 0.0165611
28.2182 434.243 3.33883e-06 0.00732719 0.0165469
28.2583 440.096 3.33408e-06 0.00557206 0.0168691
28.2983 440.996 3.32821e-06 0.00479327 0.0165808
28.3383 441.897 3.32026e-06 0.00596866 0.0153049
28.3784 442.347 3.31107e-06 0.00832685 0.0158107
28.4184 447.75 3.3007e-06 0.0109264 0.015826
28.4585 448.2 3.2881e-06 0.0138737 0.015552
28.4985 448.65 3.27421e-06 0.0157098 0.0157115
28.5385 448.65 3.26001e-06 0.0156202 0.0156228
28.5786 449.1 3.24456e-06 0.0145595 0.01564
28.6186 448.65 3.22838e-06 0.0122232 0.0159749
28.6587 448.65 3.21312e-06 0.00882846 0.0153664
28.6987 448.65 3.19833e-06 0.00605951 0.0151189
28.7387 385.168 3.18377e-06 0.00419645 0.0157311
28.7788 415.784 3.17103e-06 0.00342676 0.0149327
28.8188 391.021 3.16031e-06 0.00446936 0.0151598
28.8589 423.438 3.15071e-06 0.00649659 0.0142353
28.8989 423.438 3.14304e-06 0.00887721 0.0150055
28.9389 392.372 3.13765e-06 0.0115099 0.0155703
28.979 398.225 3.13345e-06 0.0130282 0.0152141
29.019 399.125 3.13036e-06 0.0129966 0.0149216
29.0591 400.026 3.12837e-06 0.0121435 0.0148115
29.0991 430.641 3.12643e-06 0.0101305 0.0137287
29.1391 405.879 3.12422e-06 0.00739319 0.0144262
29.1792 437.845 3.12162e-06 0.00534389 0.0143674
29.2192 437.395 3.11767e-06 0.00412145 0.0143207
29.2593 412.632 3.11237e-06 0.00400255 0.0139419
29.2993 444.148 3.10615e-06 0.00554441 0.0139323
29.3393 413.983 3.09832e-06 0.00788631 0.0141047
29.3794 414.433 3.0891e-06 0.0104842 0.0145255
29.4194 419.611 3.07971e-06 0.0132125 0.0146522
29.4595 420.286 3.06995e-06 0.014775 0.0147771
29.4995 421.186 3.05975e-06 0.0147551 0.0147579
29.5395 421.637 3.05052e-06 0.013836 0.0138393
29.5796 427.039 3.04258e-06 0.0117387 0.0140326
29.6196 427.94 3.03536e-06 0.00879923 0.013732
29.6597 428.39 3.0296e-06 0.00636963 0.0137596
29.6997 428.84 3.02568e-06 0.00469421 0.0140139
29.7397 434.693 3.02276e-06 0.0039552 0.0141027
29.7798 435.594 3.02069e-06 0.00475051 0.0135066
29.8198 436.044 3.01943e-06 0.00647244 0.0134052
29.8599 440.996 3.01798e-06 0.00849293 0.0133683
29.8999 441.447 3.01591e-06 0.0107344 0.0142836
29.9399 442.347 3.01302e-06 0.0121882 0.0135355
29.98 442.797 3.0083e-06 0.0122484 0.0134962
30.02 449.1 3.00158e-06 0.0114597 0.0129671
30.0601 449.551 2.99335e-06 0.00974803 0.0132479
30.1001 450.001 2.983e-06 0.00722047 0.0132062
30.1401 450.001 2.97063e-06 0.00501145 0.0130784
30.1802 450.001 2.95766e-06 0.00355865 0.0139897
30.2202 450.001 2.94429e-06 0.00294796 0.0133777
30.2603 450.001 2.93044e-06 0.0037025 0.0126313
30.3003 450.001 2.91759e-06 0.00548056 0.0127585
30.3403 448.65 2.9065e-06 0.00759788 0.01273
30.3804 430.191 2.89667e-06 0.00995448 0.0127734
30.4204 431.091 2.88863e-06 0.011798 0.0127083
30.4605 431.542 2.88282e-06 0.0123363 0.0125746
30.5005 431.542 2.87842e-06 0.0119315 0.0133234
30.5405 437.395 2.87504e-06 0.0106984 0.0131961
30.5806 438.745 2.87251e-06 0.00853535 0.0125533
30.6206 439.195 2.86987e-06 0.00635431 0.0125227
30.6607 438.745 2.86658e-06 0.00484152 0.0131217
30.7007 445.048 2.86255e-06 0.00400545 0.0131227
30.7407 445.949 2.85703e-06 0.00430541 0.0125242
30.7808 446.399 2.84987e-06 0.00578326 0.011602
30.8208 446.399 2.84174e-06 0.00770861 0.0121546
30.8609 446.399 2.83252e-06 0.00985327 0.0125098
30.9009 445.499 2.82229e-06 0.0118567 0.0122935
30.9409 426.589 2.81227e-06 0.0127811 0.0127823
30.981 427.49 2.803e-06 0.0125605 0.0128116
31.021 428.39 2.79435e-06 0.0115683 0.0117684
31.0611 432.892 2.7871e-06 0.00963737 0.0118881
31.1011 434.243 2.78184e-06 0.00719618 0.0119508
31.1411 434.693 2.77804e-06 0.00516699 0.0124127
31.1812 435.594 2.77552e-06 0.00375857 0.0121094
31.2212 436.044 2.77422e-06 0.00316514 0.0116463
31.2613 441.447 2.77328e-06 0.00376222 0.0116938
31.3013 441.897 2.77205e-06 0.00515302 0.0121966
31.3413 442.347 2.77018e-06 0.00684842 0.0118984
31.3814 442.797 2.76678e-06 0.00870558 0.012369
31.4214 448.65 2.76154e-06 0.0100639 0.0121177
31.4615 449.551 2.75475e-06 0.0103714 0.0122592
31.5015 450.001 2.74613e-06 0.00989421 0.0116626
31.5415 450.001 2.73577e-06 0.00870997 0.0119434
31.5816 450.001 2.72488e-06 0.00682079 0.011569
31.6216 450.001 2.71393e-06 0.00493904 0.0114171
31.6617 450.001 2.70303e-06 0.00362026 0.0117046
31.7017 430.641 2.69322e-06 0.0029366 0.0116737
31.7417 431.091 2.68519e-06 0.00322224 0.0114032
31.7818 437.395 2.67857e-06 0.00451971 0.011353
31.8218 438.295 2.67344e-06 0.00628307 0.011106
31.8619 438.745 2.66986e-06 0.00825365 0.0117514
31.9019 439.195 2.66702e-06 0.0101411 0.0114604
31.9419 439.646 2.6643e-06 0.0112174 0.011247
31.982 445.048 2.6614e-06 0.01129 0.0114953
32.022 445.499 2.65748e-06 0.0106505 0.0110766
32.0621 445.949 2.65212e-06 0.00923605 0.01107
32.1021 446.849 2.64552e-06 0.00727321 0.0107425
32.1421 450.001 2.63748e-06 0.00551566 0.0114355
32.1822 450.001 2.62804e-06 0.00429229 0.0117008
32.2222 450.001 2.6182e-06 0.00370477 0.0114313
32.2623 450.001 2.60847e-06 0.00409723 0.0107953
32.3023 450.001 2.59897e-06 0.00533977 0.0102824
32.3423 450.001 2.59059e-06 0.00692579 0.0110038
32.3824 433.343 2.58401e-06 0.00867596 0.0110706
32.4224 433.793 2.57894e-06 0.0102189 0.0108637
32.4625 434.243 2.57536e-06 0.0109202 0.0109218
32.5025 439.646 2.5733e-06 0.0107302 0.0111796
32.5425 440.996 2.57208e-06 0.00987609 0.0108248
32.5826 441.897 2.571e-06 0.00830281 0.0102683
32.6226 442.347 2.56967e-06 0.00632243 0.01042
32.6627 442.797 2.5674e-06 0.00459616 0.0108569
32.7027 447.75 2.56364e-06 0.00337184 0.0108925
32.7427 448.65 2.55851e-06 0.00278831 0.0106138
32.7828 449.551 2.55186e-06 0.00312363 0.0102163
32.8228 449.551 2.54373e-06 0.00419874 0.0106414
32.8629 449.551 2.53492e-06 0.00560156 0.0107951
32.9029 449.551 2.52605e-06 0.00715978 0.0102734
32.9429 448.65 2.51732e-06 0.00849283 0.0105179
32.983 434.693 2.50944e-06 0.00908248 0.0108669
33.023 436.494 2.50307e-06 0.00892933 0.0106083
33.0631 437.395 2.49804e-06 0.00819178 0.00976976
33.1031 437.845 2.49422e-06 0.00684725 0.00985419
33.1431 438.745 2.49161e-06 0.00522554 0.00981165
33.1832 444.148 2.48951e-06 0.00388528 0.0100476
33.2232 445.048 2.48724e-06 0.00303111 0.0102038
33.2633 445.949 2.48446e-06 0.00280602 0.00990503
33.3033 446.399 2.48056e-06 0.00343403 0.0104553
33.3433 450.001 2.47502e-06 0.00472207 0.0104739
33.3834 450.001 2.46808e-06 0.00628957 0.0101231
33.4234 450.001 2.45989e-06 0.00796524 0.0102639
33.4635 450.001 2.45055e-06 0.00938788 0.00990101
33.5035 450.001 2.44079e-06 0.0100719 0.0100743
33.5435 450.001 2.43149e-06 0.00999833 0.0100001
33.5836 450.001 2.42293e-06 0.00932182 0.00968001
33.6236 450.001 2.41551e-06 0.00802228 0.00949706
33.6637 433.793 2.40985e-06 0.00637832 0.00994647
33.7037 438.745 2.40579e-06 0.00492861 0.0101294
33.7437 439.195 2.40294e-06 0.00390946 0.0103739
33.7838 440.096 2.40108e-06 0.00344345 0.00996724
33.8238 440.546 2.39962e-06 0.00375904 0.00991212
33.8639 441.447 2.39779e-06 0.00475914 0.00950099
33.9039 447.3 2.3952e-06 0.00608218 0.00927324
33.9439 447.75 2.39153e-06 0.00753886 0.00973534
33.984 448.2 2.38637e-06 0.00886001 0.00975053
34.024 448.65 2.37993e-06 0.00958085 0.00958295
34.0641 448.65 2.37272e-06 0.0095685 0.00957002
34.1041 450.001 2.36492e-06 0.0089677 0.00922028
34.1441 450.001 2.35706e-06 0.00779376 0.00932878
34.1842 435.594 2.34999e-06 0.00619777 0.00920391
34.2242 436.044 2.34404e-06 0.0046494 0.00965284
34.2643 436.494 2.33926e-06 0.00346296 0.00961921
34.3043 437.845 2.3359e-06 0.00274903 0.00947989
34.3443 441.897 2.33379e-06 0.00270423 0.00955599
34.3844 443.247 2.33235e-06 0.00335862 0.00908107
34.4244 443.698 2.33116e-06 0.00442614 0.0094388
34.4645 444.148 2.32969e-06 0.00568354 0.00940795
34.5045 445.499 2.32723e-06 0.00693648 0.00889778
34.5445 450.001 2.32346e-06 0.00780419 0.00946062
34.5846 450.001 2.31838e-06 0.00803396 0.00965685
34.6246 450.001 2.3118e-06 0.00771606 0.00924873
34.6647 450.001 2.30393e-06 0.00690717 0.00897498
34.7047 450.001 2.29551e-06 0.00566567 0.00887924
34.7447 450.001 2.28701e-06 0.00434178 0.00882352
34.7848 450.001 2.27877e-06 0.00329724 0.00907401
34.8248 450.001 2.27145e-06 0.0026683 0.00938774
34.8649 437.845 2.2655e-06 0.00259745 0.00908292
34.9049 438.745 2.26085e-06 0.00320178 0.00895361
34.9449 439.195 2.25739e-06 0.00429709 0.00917178
34.985 440.096 2.25495e-06 0.00561784 0.00882564
35.025 445.048 2.253e-06 0.00699945 0.00872373
35.0651 445.949 2.25094e-06 0.00815177 0.00862297
35.1051 446.849 2.24841e-06 0.0087365 0.00878441
35.1451 447.3 2.24497e-06 0.00871294 0.00871339
35.1852 447.75 2.24032e-06 0.00817831 0.00877391
35.2252 450.001 2.23462e-06 0.0071571 0.00848359
35.2653 450.001 2.22811e-06 0.00583851 0.00905905
35.3053 450.001 2.22099e-06 0.0046097 0.00910913
35.3453 450.001 2.21384e-06 0.00371025 0.00916847
35.3854 450.001 2.20734e-06 0.00324515 0.00890111
35.4254 450.001 2.20178e-06 0.0033757 0.00854466
35.4655 435.594 2.19733e-06 0.00410657 0.00862724
35.5055 440.546 2.19426e-06 0.0051939 0.00829008
35.5455 441.447 2.1924e-06 0.00642935 0.00812368
35.5856 442.347 2.19127e-06 0.00764097 0.00827058
35.6256 442.797 2.19045e-06 0.00850813 0.00856961
35.6657 446.399 2.18946e-06 0.00879387 0.00879387
35.7057 448.65 2.18764e-06 0.00852991 0.00855466
35.7457 449.1 2.18466e-06 0.00778559 0.00861936
35.7858 450.001 2.18042e-06 0.00660478 0.00844879
35.8258 450.001 2.17478e-06 0.00523663 0.00834743
35.8659 450.001 2.16798e-06 0.00402647 0.00848069
35.9059 450.001 2.1606e-06 0.00313919 0.00817427
35.9459 450.001 2.15311e-06 0.00269116 0.00821595
35.986 450.001 2.14588e-06 0.00281567 0.00851525
36.026 450.001 2.1395e-06 0.00345492 0.00825998
36.0661 437.395 2.13438e-06 0.00438698 0.00796386
36.1061 438.295 2.13044e-06 0.00544321 0.00807383
36.1461 443.247 2.12755e-06 0.00643989 0.00817751
36.1862 444.148 2.12553e-06 0.00708635 0.00835315
36.2262 444.598 2.12385e-06 0.00723003 0.008493
36.2663 445.949 2.12193e-06 0.00691842 0.00814116
36.3063 448.65 2.11942e-06 0.00619766 0.00811917
36.3463 450.001 2.11597e-06 0.00514108 0.00841888
36.3864 450.001 2.11128e-06 0.0040047 0.00815528
36.4264 450.001 2.1055e-06 0.00306393 0.00836357
36.4665 450.001 2.09899e-06 0.00245328 0.00818145
36.5065 450.001 2.09197e-06 0.00228175 0.0080739
36.5465 450.001 2.08495e-06 0.00264155 0.00764098
36.5866 450.001 2.07853e-06 0.00343943 0.0076435
36.6266 450.001 2.07308e-06 0.00447078 0.00780586
36.6667 450.001 2.06869e-06 0.00558688 0.00786594
36.7067 439.646 2.0655e-06 0.00659563 0.00775126
36.7467 440.096 2.06338e-06 0.00723531 0.00795713
36.7868 440.546 2.06189e-06 0.0073923 0.00774298
36.8268 445.048 2.06059e-06 0.00711218 0.00797842
36.8669 446.399 2.05909e-06 0.00643999 0.0081519
36.9069 447.3 2.05689e-06 0.0054588 0.00785983
36.9469 447.75 2.05369e-06 0.00441636 0.00808292
36.987 448.65 2.04949e-06 0.00356426 0.00797123
37.027 450.001 2.04437e-06 0.00302453 0.00786845
37.0671 450.001 2.03847e-06 0.00290202 0.00758723
37.1071 450.001 2.03231e-06 0.00328156 0.00724848
37.1471 450.001 2.02641e-06 0.00407682 0.00738642
37.1872 450.001 2.02108e-06 0.00509705 0.00732627
37.2272 450.001 2.01663e-06 0.00619009 0.00749093
37.2673 440.996 2.01332e-06 0.00718284 0.00772221
37.3073 441.897 2.01108e-06 0.00783214 0.00790255
37.3473 442.347 2.00961e-06 0.00800577 0.00800577
37.3874 443.247 2.0086e-06 0.00773438 0.00773678
37.4274 444.148 2.00761e-06 0.00706564 0.00766757
37.4675 449.1 2.0061e-06 0.00606535 0.00740037
37.5075 450.001 2.00371e-06 0.00494523 0.00736253
37.5475 450.001 2.00027e-06 0.0039529 0.00739356
37.5876 450.001 1.99561e-06 0.00322567 0.00743281
37.6276 450.001 1.98986e-06 0.00286241 0.00729119
37.6677 450.001 1.98341e-06 0.00295816 0.0073686
37.7077 450.001 1.97669e-06 0.00347798 0.00758934
37.7477 450.001 1.97005e-06 0.00426029 0.00740734
37.7878 450.001 1.96395e-06 0.00515953 0.00725114
37.8278 437.845 1.95881e-06 0.00603054 0.0073623
37.8679 438.745 1.95475e-06 0.00666104 0.0071944
37.9079 440.546 1.95168e-06 0.00689563 0.00730521
37.9479 443.698 1.94948e-06 0.00672747 0.00760721
37.988 444.598 1.94785e-06 0.00619807 0.00743675
38.028 445.499 1.94632e-06 0.0053546 0.00744398
38.0681 445.949 1.94451e-06 0.00434771 0.00755921
38.1081 446.849 1.94215e-06 0.00340073 0.00733365
38.1481 450.001 1.93894e-06 0.0026704 0.00740191
38.1882 450.001 1.93485e-06 0.00224902 0.00718141
38.2282 450.001 1.93008e-06 0.0022266 0.00689638
38.2683 450.001 1.92486e-06 0.00261537 0.00678952
38.3083 450.001 1.91949e-06 0.00329767 0.00725993
38.3483 450.001 1.9144e-06 0.00413255 0.00730678
38.3884 450.001 1.90999e-06 0.0049928 0.00713254
38.4284 450.001 1.90641e-06 0.00570642 0.00720077
38.4685 440.546 1.90373e-06 0.00610507 0.00735833
38.5085 440.996 1.90193e-06 0.00612926 0.0073303
38.5485 442.347 1.90079e-06 0.00581721 0.00693267
38.5886 445.499 1.89987e-06 0.00520516 0.00688905
38.6286 447.3 1.89884e-06 0.00438733 0.00675415
38.6687 447.75 1.89732e-06 0.00355205 0.00684138
38.7087 448.65 1.89499e-06 0.00287901 0.00671036
38.7487 449.551 1.89166e-06 0.00246623 0.00669389
38.7888 450.001 1.88742e-06 0.0023961 0.00681131
38.8288 450.001 1.88241e-06 0.00271983 0.0067296
38.8689 450.001 1.87685e-06 0.00337507 0.006827
38.9089 450.001 1.87119e-06 0.00422436 0.00664932
38.9489 450.001 1.86586e-06 0.00514288 0.00691494
38.989 450.001 1.86117e-06 0.00599611 0.00680649
39.029 441.897 1.85729e-06 0.00660546 0.00692148
39.0691 442.797 1.85439e-06 0.00685593 0.006877
39.1091 443.698 1.85236e-06 0.00674118 0.00674151
39.1491 444.148 1.85094e-06 0.00630135 0.00680812
39.1892 445.048 1.8498e-06 0.00558464 0.00689322
39.2292 448.2 1.84859e-06 0.00472382 0.00667874
39.2693 450.001 1.84688e-06 0.00390759 0.00683257
39.3093 450.001 1.84438e-06 0.00327542 0.00665726
39.3493 450.001 1.84101e-06 0.00291462 0.00663678
39.3894 450.001 1.83674e-06 0.00290074 0.00659282
39.4294 450.001 1.83169e-06 0.0032541 0.00687088
39.4695 450.001 1.82615e-06 0.00388886 0.00680636
39.5095 450.001 1.82056e-06 0.00467511 0.00663585
39.5495 450.001 1.81525e-06 0.00549852 0.0066861
39.5896 450.001 1.81049e-06 0.00621888 0.00674417
39.6296 450.001 1.80656e-06 0.00667843 0.00674399
39.6697 439.195 1.80356e-06 0.0067916 0.0067927
39.7097 443.698 1.80137e-06 0.00656853 0.00656853
39.7497 445.048 1.79977e-06 0.00604167 0.00662169
39.7898 445.949 1.79849e-06 0.00526805 0.00656288
39.8298 446.849 1.7972e-06 0.00438467 0.00635429
39.8699 447.3 1.7955e-06 0.00356288 0.00644611
39.9099 449.1 1.79322e-06 0.00291971 0.00631521
39.9499 450.001 1.79024e-06 0.00253462 0.00635873
39.99 450.001 1.78652e-06 0.002476 0.00659215
40.03 450.001 1.78225e-06 0.00275054 0.00646611
40.0701 450.001 1.77774e-06 0.00327405 0.00649478
40.1101 450.001 1.77328e-06 0.0039351 0.00659568
40.1502 450.001 1.76914e-06 0.00462907 0.00648216
40.1902 450.001 1.76563e-06 0.00522582 0.00658629
40.2302 450.001 1.76293e-06 0.00559041 0.00652968
40.2703 441.447 1.76101e-06 0.00565894 0.00648876
40.3103 442.347 1.75972e-06 0.00543674 0.00625579
40.3504 446.399 1.75885e-06 0.00495608 0.00616059
40.3904 447.75 1.75807e-06 0.00427642 0.00624229
40.4304 448.65 1.75698e-06 0.0035189 0.00620626
40.4705 449.551 1.7553e-06 0.00283171 0.00608379
40.5105 450.001 1.75282e-06 0.00231895 0.00613464
40.5506 450.001 1.74943e-06 0.00205141 0.00616
40.5906 450.001 1.74515e-06 0.00208274 0.00616711
40.6306 450.001 1.74023e-06 0.00241429 0.00602046
40.6707 450.001 1.73498e-06 0.00296864 0.00609061
40.7107 450.001 1.72969e-06 0.00364498 0.00607125
40.7508 450.001 1.72475e-06 0.00434353 0.00611584
40.7908 450.001 1.72045e-06 0.00494682 0.00617762
40.8308 450.001 1.717e-06 0.00533612 0.00625666
40.8709 443.247 1.71438e-06 0.005448 0.00627538
40.9109 444.148 1.71252e-06 0.00529126 0.00605126
40.951 445.048 1.71123e-06 0.00489005 0.00583578
40.991 445.949 1.71016e-06 0.00430506 0.00610249
41.031 450.001 1.70896e-06 0.00364213 0.00608546
41.0711 450.001 1.70738e-06 0.00304039 0.00582767
41.1111 450.001 1.70517e-06 0.00259798 0.00608815
41.1512 450.001 1.70218e-06 0.0023839 0.0062593
41.1912 450.001 1.69845e-06 0.00244748 0.00613395
41.2312 450.001 1.69418e-06 0.00279854 0.00613505
41.2713 450.001 1.68959e-06 0.00336997 0.00626807
41.3113 450.001 1.68495e-06 0.00406681 0.00611733
41.3514 450.001 1.6806e-06 0.00479219 0.00621214
41.3914 450.001 1.67681e-06 0.00544152 0.00615403
41.4314 450.001 1.67372e-06 0.00589418 0.00615357
41.4715 439.195 1.67134e-06 0.00607703 0.0061062
41.5115 443.247 1.66963e-06 0.00598237 0.00598237
41.5516 445.048 1.66839e-06 0.0056352 0.00602536
41.5916 445.949 1.66733e-06 0.00507776 0.00590092
41.6316 446.849 1.66618e-06 0.00440065 0.00590314
41.6717 447.75 1.66468e-06 0.00373203 0.00590038
41.7117 450.001 1.66263e-06 0.00318097 0.00578829
41.7518 450.001 1.65992e-06 0.00282026 0.00566356
41.7918 450.001 1.65663e-06 0.00270755 0.00577691
41.8318 450.001 1.65289e-06 0.00286936 0.00563157
41.8719 450.001 1.64892e-06 0.00327381 0.00563293
41.9119 450.001 1.64497e-06 0.00383844 0.00560199
41.952 450.001 1.64136e-06 0.00447135 0.00564867
41.992 450.001 1.6383e-06 0.00508325 0.00569525
42.032 450.001 1.63588e-06 0.00556259 0.0057977
42.0721 450.001 1.63411e-06 0.00581994 0.00583954
42.1121 442.347 1.63291e-06 0.00581767 0.00581878
42.1522 445.499 1.63206e-06 0.00556795 0.00561618
42.1922 448.2 1.63127e-06 0.00509827 0.00566165
42.2322 449.551 1.63026e-06 0.00446696 0.00545516
42.2723 450.001 1.62877e-06 0.00377815 0.00552495
42.3123 450.001 1.62659e-06 0.00314479 0.00577837
42.3524 450.001 1.62364e-06 0.00265041 0.00578773
42.3924 450.001 1.61996e-06 0.00235499 0.00555187
42.4324 450.001 1.61571e-06 0.00230168 0.00578502
42.4725 450.001 1.61109e-06 0.00249457 0.00584252
42.5125 450.001 1.60641e-06 0.00288171 0.00564871
42.5526 450.001 1.602e-06 0.00338732 0.0057989
42.5926 450.001 1.59808e-06 0.00392952 0.00575529
42.6326 450.001 1.59482e-06 0.00441912 0.00576065
42.6727 442.797 1.59229e-06 0.00476456 0.00568916
42.7127 443.247 1.59046e-06 0.00489882 0.00567836
42.7528 444.148 1.58915e-06 0.00481098 0.00558376
42.7928 445.048 1.58811e-06 0.00451686 0.00532629
42.8328 446.849 1.58711e-06 0.00405008 0.00536131
42.8729 450.001 1.58588e-06 0.00347843 0.00538368
42.9129 450.001 1.58419e-06 0.00290034 0.00539586
42.953 450.001 1.58192e-06 0.00240891 0.00535925
42.993 450.001 1.57906e-06 0.00206858 0.00546948
43.033 450.001 1.57569e-06 0.00192772 0.00542721
43.0731 450.001 1.57197e-06 0.00201423 0.00537314
43.1131 450.001 1.56812e-06 0.00231207 0.00546364
43.1532 450.001 1.56442e-06 0.00276477 0.0054257
43.1932 450.001 1.56109e-06 0.00329866 0.00546317
43.2332 450.001 1.55825e-06 0.00383938 0.00530161
43.2733 439.646 1.556e-06 0.00430174 0.00540934
43.3133 441.447 1.55432e-06 0.00460744 0.00546752
43.3534 444.148 1.5531e-06 0.00471024 0.00550244
43.3934 445.499 1.55213e-06 0.00460828 0.00535282
43.4334 446.399 1.55119e-06 0.00432106 0.0052112
43.4735 447.3 1.55007e-06 0.00388806 0.005171
43.5135 448.2 1.54855e-06 0.00338092 0.00521774
43.5536 450.001 1.54653e-06 0.00289061 0.00524906
43.5936 450.001 1.54398e-06 0.00249765 0.00514814
43.6336 450.001 1.54097e-06 0.00226009 0.00518595
43.6737 450.001 1.53763e-06 0.00221876 0.00532145
43.7137 450.001 1.53416e-06 0.00239195 0.00524812
43.7538 450.001 1.53082e-06 0.00275765 0.00523904
43.7938 450.001 1.5278e-06 0.00325652 0.0053388
43.8338 450.001 1.52524e-06 0.0038206 0.0052298
43.8739 450.001 1.52322e-06 0.0043761 0.00532329
43.9139 442.347 1.52175e-06 0.00484178 0.00525736
43.954 443.247 1.52071e-06 0.00514451 0.00528784
43.994 445.499 1.51991e-06 0.00524484 0.00524995
44.034 448.2 1.51913e-06 0.0051394 0.00514028
44.0741 449.1 1.51815e-06 0.0048483 0.0052262
44.1141 450.001 1.51675e-06 0.0044101 0.00519339
44.1542 450.001 1.51477e-06 0.00389087 0.00514588
44.1942 450.001 1.51217e-06 0.00337913 0.00523036
44.2342 450.001 1.50898e-06 0.002952 0.0052393
44.2743 450.001 1.50532e-06 0.00266492 0.00508614
44.3143 450.001 1.50137e-06 0.00256021 0.00503524
44.3544 450.001 1.49739e-06 0.00265902 0.00512845
44.3944 450.001 1.4936e-06 0.00294573 0.00526704
44.4344 450.001 1.49021e-06 0.00336954 0.0052004
44.4745 450.001 1.48735e-06 0.00386562 0.00493972
44.5145 443.698 1.48509e-06 0.00436881 0.00502788
44.5546 443.698 1.48341e-06 0.00480307 0.00513997
44.5946 444.598 1.48216e-06 0.00509785 0.00514003
44.6346 445.048 1.48118e-06 0.00520684 0.00520684
44.6747 445.949 1.48026e-06 0.00512173 0.00512173
44.7147 450.001 1.47918e-06 0.00485469 0.00492564
44.7548 450.001 1.47777e-06 0.00443566 0.00480092
44.7948 450.001 1.47591e-06 0.00392072 0.00487644
44.8348 450.001 1.47357e-06 0.00338579 0.00497085
44.8749 450.001 1.4708e-06 0.00290668 0.00487796
44.9149 450.001 1.46769e-06 0.0025411 0.00473049
44.955 450.001 1.46445e-06 0.0023307 0.00473436
44.995 450.001 1.46126e-06 0.00230348 0.00474762
45.035 450.001 1.45831e-06 0.0024583 0.00488303
45.0751 450.001 1.45573e-06 0.0027587 0.00492434
45.1151 440.546 1.45362e-06 0.00315151 0.00497349
45.1552 442.797 1.452e-06 0.00357719 0.00492962
45.1952 444.598 1.45078e-06 0.00397225 0.00492418
45.2352 445.499 1.44984e-06 0.00426931 0.00492898
45.2753 446.399 1.449e-06 0.00441753 0.00482491
45.3153 446.849 1.44809e-06 0.00439878 0.00498206
45.3554 447.3 1.44691e-06 0.00421517 0.00503606
45.3954 448.65 1.44536e-06 0.00388905 0.00490402
45.4354 450.001 1.44337e-06 0.00345853 0.00500277
45.4755 450.001 1.44096e-06 0.00298611 0.00499119
45.5155 450.001 1.4382e-06 0.00253947 0.00491603
45.5556 450.001 1.43524e-06 0.00217829 0.00490387
45.5956 450.001 1.43227e-06 0.00194455 0.00479956
45.6356 450.001 1.42945e-06 0.0018695 0.00478466
45.6757 450.001 1.42695e-06 0.00196132 0.00475107
45.7157 450.001 1.42487e-06 0.00220251 0.00461568
45.7558 450.001 1.42325e-06 0.00255077 0.00462279
45.7958 443.698 1.42207e-06 0.00295296 0.00472273
45.8358 445.499 1.4212e-06 0.00335398 0.00471631
45.8759 447.75 1.4205e-06 0.00369627 0.00476191
45.9159 448.65 1.41977e-06 0.00392399 0.00486632
45.956 449.1 1.41883e-06 0.00400663 0.00493206
45.996 450.001 1.41751e-06 0.00393713 0.00483489
46.036 450.001 1.4157e-06 0.00372819 0.00463559
46.0761 450.001 1.41338e-06 0.00340628 0.0047267
46.1161 450.001 1.41057e-06 0.00301919 0.00473103
46.1562 450.001 1.40737e-06 0.0026264 0.00463685
46.1962 450.001 1.40396e-06 0.00228769 0.00455809
46.2362 450.001 1.40052e-06 0.00204902 0.00454151
46.2763 450.001 1.39725e-06 0.00194487 0.00463244
46.3163 450.001 1.3943e-06 0.00199604 0.00471822
46.3564 450.001 1.3918e-06 0.00219816 0.00464721
46.3964 450.001 1.38979e-06 0.00252375 0.00442586
46.4364 445.048 1.38825e-06 0.00292891 0.00442272
46.4765 445.499 1.38709e-06 0.00336232 0.00455511
46.5165 446.399 1.38615e-06 0.00376934 0.00453167
46.5566 448.65 1.38528e-06 0.00409664 0.00448459
46.5966 450.001 1.3843e-06 0.00429919 0.004632
46.6366 450.001 1.38306e-06 0.00435218 0.00469523
46.6767 450.001 1.38145e-06 0.00425848 0.00460319
46.7167 450.001 1.37944e-06 0.00403194 0.00468556
46.7568 450.001 1.37705e-06 0.00370442 0.00473189
46.7968 450.001 1.37436e-06 0.00332413 0.00462419
46.8368 450.001 1.37152e-06 0.00294745 0.00468341
46.8769 450.001 1.36867e-06 0.00263078 0.00462232
46.9169 450.001 1.36599e-06 0.00241615 0.0045655
46.957 450.001 1.36359e-06 0.00233224 0.00453374
46.997 450.001 1.36157e-06 0.00239744 0.0043803
47.037 450.001 1.35995e-06 0.00260516 0.00434497
47.0771 445.949 1.35871e-06 0.00292596 0.00436179
47.1171 446.849 1.35775e-06 0.00331655 0.0042822
47.1572 446.849 1.35694e-06 0.0037314 0.00437365
47.1972 447.3 1.35614e-06 0.00411595 0.00452682
47.2372 447.75 1.35519e-06 0.00441964 0.00452816
47.2773 448.65 1.35397e-06 0.00460056 0.00460056
47.3173 450.001 1.35241e-06 0.00463665 0.00463792
47.3574 450.001 1.35048e-06 0.00453013 0.00453013
47.3974 450.001 1.34823e-06 0.00429049 0.00455859
47.4374 450.001 1.34574e-06 0.00395103 0.00451552
47.4775 450.001 1.34315e-06 0.0035535 0.00438731
47.5175 450.001 1.34061e-06 0.003152 0.00442887
47.5576 450.001 1.33826e-06 0.00279862 0.00442429
47.5976 450.001 1.33622e-06 0.00253393 0.00443808
47.6376 450.001 1.33455e-06 0.00238877 0.00433907
47.6777 450.001 1.33327e-06 0.00238035 0.00424424
47.7177 450.001 1.33234e-06 0.00250737 0.00422603
47.7578 450.001 1.33164e-06 0.00274721 0.00414706
47.7978 450.001 1.33104e-06 0.00306234 0.00410299
47.8378 449.551 1.33038e-06 0.00340933 0.00431119
47.8779 450.001 1.32951e-06 0.00374097 0.00442032
47.9179 450.001 1.3283e-06 0.00401299 0.00440377
47.958 450.001 1.32667e-06 0.00418256 0.00426199
47.998 450.001 1.32459e-06 0.00422601 0.00422601
48.038 450.001 1.32212e-06 0.00413907 0.00423763
48.0781 450.001 1.31933e-06 0.00392925 0.00428739
48.1181 450.001 1.31636e-06 0.00362117 0.0043258
48.1582 450.001 1.31338e-06 0.00325117 0.00428868
48.1982 450.001 1.31054e-06 0.00286358 0.004283
48.2382 450.001 1.30797e-06 0.00250747 0.00433452
48.2783 450.001 1.30576e-06 0.00222081 0.00433416
48.3183 450.001 1.30398e-06 0.00203604 0.0042087
48.3584 450.001 1.30258e-06 0.00197184 0.00430426
48.3984 446.399 1.3015e-06 0.00203173 0.00434787
48.4384 450.001 1.30063e-06 0.00220229 0.00425815
48.4785 450.001 1.29981e-06 0.00245459 0.00424316
48.5185 450.001 1.29891e-06 0.00275042 0.00427885
48.5586 450.001 1.29781e-06 0.00305069 0.00419675
48.5986 450.001 1.29639e-06 0.00331288 0.00402698
48.6386 450.001 1.29463e-06 0.00350026 0.00417703
48.6787 450.001 1.29253e-06 0.00358418 0.00427407
48.7187 450.001 1.29015e-06 0.00355364 0.00424511
48.7588 450.001 1.28759e-06 0.00341484 0.00409874
48.7988 450.001 1.28499e-06 0.00318267 0.00413398
48.8388 450.001 1.28248e-06 0.00288269 0.00417556
48.8789 450.001 1.28017e-06 0.00255591 0.00422271
48.9189 450.001 1.27816e-06 0.00224297 0.00426417
48.959 450.001 1.27649e-06 0.00198335 0.00430097
48.999 450.001 1.27516e-06 0.00180638 0.00424151
49.039 446.849 1.27412e-06 0.00173359 0.00423471
49.0791 447.3 1.27326e-06 0.00177445 0.00415469
49.1191 447.75 1.27249e-06 0.00192258 0.00405956
49.1592 448.65 1.27167e-06 0.0021578 0.00400714
49.1992 449.551 1.27069e-06 0.00244723 0.0040928
49.2392 450.001 1.26945e-06 0.00275695 0.00405964
49.2793 450.001 1.26792e-06 0.00304833 0.00392112
49.3193 450.001 1.2661e-06 0.00328411 0.00396153
49.3594 450.001 1.26404e-06 0.00343362 0.00410466
49.3994 450.001 1.26183e-06 0.00348202 0.00413459
49.4394 450.001 1.25957e-06 0.00342567 0.00404956
49.4795 450.001 1.2574e-06 0.00327243 0.0040497
49.5195 450.001 1.25543e-06 0.00304435 0.0040766
49.5596 450.001 1.25374e-06 0.00276908 0.0039971
49.5996 450.001 1.25237e-06 0.00248669 0.00403314
49.6396 450.001 1.25132e-06 0.002235 0.00399841
49.6797 450.001 1.25056e-06 0.00204604 0.00395576
49.7197 450.001 1.24998e-06 0.00194483 0.00409892
49.7598 449.551 1.24947e-06 0.00194672 0.00412979
49.7998 450.001 1.2489e-06 0.00205498 0.00404876
49.8398 450.001 1.24814e-06 0.00225908 0.00402944
49.8799 450.001 1.2471e-06 0.00253407 0.00405453
49.9199 450.001 1.2457e-06 0.00284855 0.00397889
49.96 450.001 1.24393e-06 0.00316804 0.00389301
50 450.001 1.24183e-06 0.00345741 0.00384599
