#S 1 scored data
#N 5
#L  distance  fwhm  total_intensity  on_axis_intensity  peak_intensity
10 197.874 2.28948e-06 0.00988482 0.0117922
10.04 199.675 2.28293e-06 0.0108589 0.0116441
10.0801 206.429 2.27863e-06 0.00969342 0.0116611
10.1201 204.628 2.27518e-06 0.0116247 0.011626
10.1602 202.377 2.26809e-06 0.0102535 0.0116506
10.2002 213.182 2.26074e-06 0.0105243 0.0115243
10.2402 198.325 2.25674e-06 0.0106307 0.0116591
10.2803 196.524 2.25309e-06 0.0113196 0.0114594
10.3203 198.325 2.25021e-06 0.0107008 0.0116887
10.3604 205.078 2.24744e-06 0.0103427 0.011398
10.4004 202.827 2.24229e-06 0.0114601 0.0114611
10.4404 200.576 2.23599e-06 0.0110777 0.0116864
10.4805 190.22 2.23066e-06 0.0111428 0.0116214
10.5205 196.974 2.2258e-06 0.0102842 0.011844
10.5606 194.723 2.22288e-06 0.0120235 0.0120248
10.6006 183.467 2.22125e-06 0.0110384 0.0121425
10.6406 181.666 2.22007e-06 0.0115454 0.0120904
10.6807 188.87 2.21869e-06 0.0103731 0.0122165
10.7207 186.619 2.21678e-06 0.0123522 0.0123533
10.7608 183.917 2.21457e-06 0.0111925 0.0125072
10.8008 182.116 2.21169e-06 0.0118633 0.0123299
10.8408 180.316 2.20939e-06 0.0105524 0.0125266
10.8809 182.116 2.20704e-06 0.0125205 0.0125211
10.9209 167.259 2.20539e-06 0.0115322 0.0128054
10.961 174.463 2.20453e-06 0.0121863 0.0124585
11.001 175.813 2.20382e-06 0.0107774 0.0127427
11.041 174.012 2.20388e-06 0.0125077 0.0125087
11.0811 171.311 2.20395e-06 0.0119288 0.0130223
11.1211 182.116 2.20417e-06 0.0125974 0.0127653
11.1612 167.259 2.20434e-06 0.0111259 0.0129038
11.2012 178.064 2.20442e-06 0.0123923 0.0127982
11.2412 175.813 2.20415e-06 0.0122216 0.0130878
11.2813 161.406 2.20408e-06 0.0130536 0.0131418
11.3213 172.211 2.20351e-06 0.0116606 0.0129378
11.3614 169.96 2.20329e-06 0.0123048 0.0131695
11.4014 167.709 2.20292e-06 0.0123055 0.0129651
11.4414 165.458 2.20272e-06 0.0134328 0.0134339
11.4815 167.259 2.20266e-06 0.012429 0.0132512
11.5215 164.558 2.20262e-06 0.0124914 0.013379
11.5616 160.055 2.20263e-06 0.0122013 0.0134714
11.6016 160.956 2.20256e-06 0.0134597 0.0134605
11.6416 158.705 2.20245e-06 0.0132013 0.0136978
11.6817 169.51 2.20217e-06 0.0131638 0.0134072
11.7217 155.103 2.20192e-06 0.0123191 0.0137832
11.7618 152.402 2.20168e-06 0.0131511 0.0137363
11.8018 163.207 2.20146e-06 0.0134922 0.0138587
11.8418 151.951 2.20143e-06 0.0140192 0.0140198
11.8819 159.38 2.2014e-06 0.0130574 0.0137305
11.9219 156.904 2.20146e-06 0.0130872 0.0141913
11.962 154.202 2.2014e-06 0.013183 0.0141561
12.002 153.302 2.20142e-06 0.0143041 0.0143055
12.042 154.202 2.20126e-06 0.014087 0.0144705
12.0821 151.951 2.20121e-06 0.0139194 0.0140989
12.1221 150.15 2.20121e-06 0.0131279 0.0146346
12.1622 147.899 2.20122e-06 0.0138565 0.0146373
12.2022 145.648 2.20133e-06 0.0142908 0.0145992
12.2422 143.847 2.20135e-06 0.0150071 0.0150071
12.2823 144.748 2.20139e-06 0.0141674 0.0146847
12.3223 141.596 2.20126e-06 0.0140092 0.0150635
12.3624 140.696 2.20124e-06 0.0137437 0.0152257
12.4024 138.444 2.20116e-06 0.0149186 0.014919
12.4424 136.644 2.20115e-06 0.0151136 0.0154696
12.4825 134.843 2.20115e-06 0.0153812 0.0153823
12.5225 145.198 2.20112e-06 0.0143028 0.0152504
12.5626 142.947 2.20106e-06 0.0144779 0.0158176
12.6026 140.245 2.20094e-06 0.0145837 0.0156078
12.6426 138.895 2.20088e-06 0.0158802 0.0158802
12.6827 139.345 2.20086e-06 0.0157428 0.0161206
12.7227 137.094 2.20086e-06 0.0157579 0.0158315
12.7628 136.193 2.20088e-06 0.0146818 0.0160971
12.8028 133.042 2.20084e-06 0.0151296 0.0164614
12.8428 132.592 2.20087e-06 0.0154295 0.0160449
12.8829 129.44 2.20082e-06 0.0167036 0.0167041
12.9229 129.44 2.20088e-06 0.0164112 0.0167591
12.963 128.089 2.20093e-06 0.0162787 0.0163274
13.003 126.288 2.201e-06 0.0152779 0.0168396
13.043 124.037 2.20099e-06 0.0157706 0.0171549
13.0831 134.843 2.20097e-06 0.0162199 0.0166452
13.1231 120.886 2.20101e-06 0.0174377 0.0174377
13.1632 129.89 2.20102e-06 0.0172676 0.0174708
13.2032 131.241 2.20106e-06 0.0169925 0.0169925
13.2432 126.288 2.20103e-06 0.0160822 0.0175576
13.2833 127.189 2.20101e-06 0.0163279 0.0179649
13.3233 124.938 2.20098e-06 0.0169316 0.0174519
13.3634 123.587 2.20096e-06 0.0180746 0.0180756
13.4034 120.435 2.20098e-06 0.018325 0.018325
13.4434 120.435 2.20095e-06 0.0179446 0.0179917
13.4835 119.985 2.20094e-06 0.0171532 0.0182794
13.5235 116.383 2.20093e-06 0.0168851 0.0188589
13.5636 116.383 2.20093e-06 0.0175296 0.0185974
13.6036 114.132 2.20098e-06 0.0185445 0.0185445
13.6436 112.331 2.20099e-06 0.019426 0.0194271
13.6837 111.881 2.20104e-06 0.0191772 0.0192712
13.7237 109.63 2.20103e-06 0.0186064 0.0188206
13.7638 108.279 2.20108e-06 0.0177302 0.0196626
13.8038 105.578 2.20112e-06 0.0180657 0.020081
13.8438 105.128 2.20116e-06 0.0187835 0.0195471
13.8839 103.777 2.20118e-06 0.0202052 0.020206
13.9239 101.076 2.20116e-06 0.0205256 0.0205372
13.964 100.626 2.20119e-06 0.0204326 0.0204326
14.004 109.18 2.2012e-06 0.0193007 0.020113
14.044 109.18 2.2012e-06 0.0189141 0.0212605
14.0841 96.1233 2.20118e-06 0.0190139 0.0211953
14.1241 106.478 2.20117e-06 0.0203281 0.0205975
14.1642 105.578 2.20118e-06 0.0214559 0.0214559
14.2042 101.076 2.20118e-06 0.0221708 0.0221708
14.2442 101.976 2.20119e-06 0.0217035 0.0217237
14.2843 101.526 2.20119e-06 0.0207431 0.0215068
14.3243 97.9242 2.2012e-06 0.0200335 0.022679
14.3644 97.4739 2.20124e-06 0.0202148 0.0228673
14.4044 97.0237 2.20125e-06 0.0214811 0.0222255
14.4444 93.8721 2.20129e-06 0.0228645 0.0228645
14.4845 92.5214 2.20131e-06 0.0239087 0.0239087
14.5245 90.7205 2.20135e-06 0.0235636 0.0235816
14.5646 90.2703 2.20138e-06 0.0227208 0.0228081
14.6046 88.9196 2.20139e-06 0.0215196 0.0240888
14.6446 85.7681 2.20141e-06 0.0215125 0.0249752
14.6847 84.8676 2.20142e-06 0.0223394 0.0243892
14.7247 84.8676 2.20143e-06 0.0241874 0.0241874
14.7648 81.2658 2.20142e-06 0.0255383 0.025539
14.8048 80.3653 2.20141e-06 0.0260859 0.026086
14.8448 79.9151 2.20142e-06 0.0252856 0.0253378
14.8849 89.8201 2.20142e-06 0.0239807 0.0253715
14.9249 75.8631 2.20143e-06 0.0230841 0.0269082
14.965 74.9626 2.20143e-06 0.0233218 0.0272307
15.005 85.3178 2.20144e-06 0.0249125 0.0264563
15.045 84.8676 2.20146e-06 0.0268695 0.0268698
15.0851 80.3653 2.20148e-06 0.0285123 0.0285134
15.1251 80.3653 2.20151e-06 0.0286038 0.0286047
15.1652 80.8156 2.20153e-06 0.0276705 0.0277353
15.2052 77.664 2.20156e-06 0.025963 0.0281263
15.2452 75.8631 2.20158e-06 0.0251029 0.0299586
15.2853 75.4129 2.20159e-06 0.0254594 0.0302119
15.3253 73.1617 2.20161e-06 0.0274024 0.0292372
15.3654 72.2613 2.20162e-06 0.0298333 0.0298334
15.4054 70.9106 2.20163e-06 0.0317303 0.0317303
15.4454 67.759 2.20163e-06 0.0321535 0.0321547
15.4855 67.3088 2.20162e-06 0.0309377 0.0310141
15.5255 67.0837 2.20163e-06 0.0291084 0.0310858
15.5656 63.707 2.20163e-06 0.0276315 0.0332937
15.6056 62.3563 2.20162e-06 0.0278976 0.0342099
15.6456 62.3563 2.20163e-06 0.0297409 0.03317
15.6857 61.9061 2.20165e-06 0.0328154 0.032816
15.7257 57.854 2.20167e-06 0.0354094 0.0354111
15.7658 56.9536 2.20167e-06 0.0366497 0.0366497
15.8058 56.9536 2.20169e-06 0.0358381 0.0358391
15.8458 66.4083 2.20171e-06 0.0337114 0.0339642
15.8859 52.9016 2.20173e-06 0.0315927 0.0369985
15.9259 52.0011 2.20175e-06 0.0308053 0.0389363
15.966 60.5554 2.20176e-06 0.0322644 0.0389109
16.006 61.4558 2.20178e-06 0.0353902 0.0369662
16.046 56.5034 2.20178e-06 0.0392047 0.0392067
16.0861 56.0531 2.20178e-06 0.0417989 0.0418019
16.1261 55.6029 2.20178e-06 0.0424074 0.0424095
16.1662 52.9016 2.20178e-06 0.0407067 0.0407081
16.2062 52.9016 2.20178e-06 0.0379836 0.0402238
16.2462 51.5509 2.20178e-06 0.0358025 0.0439239
16.2863 50.2002 2.20179e-06 0.0356462 0.0457496
16.3263 47.4988 2.2018e-06 0.0380985 0.0451368
16.3664 47.9491 2.2018e-06 0.0423052 0.0425171
16.4064 46.5984 2.2018e-06 0.0468536 0.0468539
16.4464 42.5464 2.20182e-06 0.0497182 0.0497201
16.4865 42.0961 2.20184e-06 0.0501258 0.0501277
16.5265 42.5464 2.20186e-06 0.0480018 0.0480018
16.5666 42.5464 2.20187e-06 0.0449062 0.0480554
16.6066 38.4943 2.20188e-06 0.0426375 0.0524285
16.6466 37.1436 2.20189e-06 0.0428031 0.0546406
16.6867 37.1436 2.20189e-06 0.0459291 0.0540798
16.7267 38.0441 2.20189e-06 0.0510428 0.0513042
16.7668 37.1436 2.2019e-06 0.0565087 0.0565127
16.8068 32.1912 2.20189e-06 0.0601665 0.060168
16.8468 32.1912 2.20189e-06 0.0610942 0.0610962
16.8869 33.5418 2.20189e-06 0.0592461 0.0592461
16.9269 34.8925 2.2019e-06 0.0562129 0.0583732
16.967 34.4423 2.2019e-06 0.0539727 0.0635669
17.007 34.4423 2.2019e-06 0.054264 0.0667697
17.047 33.9921 2.20191e-06 0.0577834 0.0671075
17.0871 31.2907 2.20191e-06 0.063625 0.0649805
17.1271 29.94 2.20192e-06 0.0701389 0.0701395
17.1672 29.4898 2.20194e-06 0.075077 0.0750789
17.2072 29.0396 2.20195e-06 0.0773268 0.0773284
17.2472 26.3382 2.20196e-06 0.076737 0.0767398
17.2873 25.888 2.20197e-06 0.0747491 0.0751768
17.3273 25.4378 2.20197e-06 0.0734311 0.0806391
17.3674 24.9875 2.20197e-06 0.0745712 0.0851458
17.4074 24.0871 2.20196e-06 0.0790808 0.0870053
17.4474 21.836 2.20196e-06 0.08615 0.0866438
17.4875 20.4853 2.20196e-06 0.094181 0.0941835
17.5275 20.0351 2.20196e-06 0.100922 0.100926
17.5676 20.0351 2.20196e-06 0.105113 0.105118
17.6076 19.5848 2.20196e-06 0.106699 0.106701
17.6476 18.4593 2.20197e-06 0.107135 0.107375
17.6877 17.3337 2.20197e-06 0.108848 0.114282
17.7277 16.8835 2.20198e-06 0.113841 0.121069
17.7678 16.8835 2.20198e-06 0.123246 0.125852
17.8078 16.4332 2.20199e-06 0.136124 0.136124
17.8478 14.1821 2.20199e-06 0.150391 0.150391
17.8879 12.8314 2.202e-06 0.163242 0.163245
17.9279 12.3812 2.20201e-06 0.172801 0.172807
17.968 11.931 2.20201e-06 0.179229 0.179231
18.008 11.4808 2.20201e-06 0.184871 0.184874
18.048 10.1301 2.20201e-06 0.194293 0.197019
18.0881 9.22963 2.202e-06 0.212249 0.215059
18.1281 8.32918 2.202e-06 0.242631 0.242631
18.1682 6.9785 2.20199e-06 0.286396 0.286396
18.2082 5.62783 2.20199e-06 0.341111 0.341111
18.2482 4.72737 2.20199e-06 0.401304 0.401304
18.2883 3.82692 2.20199e-06 0.459347 0.459348
18.3283 3.82692 2.20199e-06 0.507944 0.507946
18.3684 3.3767 2.202e-06 0.541112 0.541113
18.4084 3.3767 2.202e-06 0.556033 0.556033
18.4484 3.3767 2.20201e-06 0.552952 0.552952
18.4885 3.82692 2.20202e-06 0.534466 0.534466
18.5285 3.82692 2.20202e-06 0.504835 0.504835
18.5686 4.27715 2.20201e-06 0.467984 0.467984
18.6086 4.27715 2.20201e-06 0.427323 0.427323
18.6486 4.72737 2.20201e-06 0.384958 0.384958
18.6887 5.1776 2.202e-06 0.342111 0.342111
18.7287 6.52828 2.202e-06 0.299907 0.299909
18.7688 7.87896 2.202e-06 0.259546 0.259553
18.8088 9.22963 2.20199e-06 0.222983 0.222984
18.8488 10.1301 2.20199e-06 0.19227 0.192277
18.8889 10.5803 2.20199e-06 0.169196 0.180294
18.9289 11.931 2.20199e-06 0.154549 0.169074
18.969 13.7319 2.20199e-06 0.147498 0.156166
19.009 14.6323 2.20199e-06 0.145876 0.14601
19.049 14.6323 2.202e-06 0.146416 0.146416
19.0891 14.6323 2.20199e-06 0.145912 0.145916
19.1291 15.0826 2.20199e-06 0.14196 0.141966
19.1692 16.4332 2.20199e-06 0.133685 0.13369
19.2092 19.1346 2.20199e-06 0.121952 0.121952
19.2492 20.4853 2.20198e-06 0.108767 0.108768
19.2893 20.9355 2.20198e-06 0.0967132 0.105285
19.3293 20.9355 2.20198e-06 0.08785 0.104269
19.3694 22.2862 2.20197e-06 0.0831563 0.0999644
19.4094 24.0871 2.20196e-06 0.0822774 0.0929646
19.4494 25.4378 2.20196e-06 0.0837121 0.0850395
19.4895 24.0871 2.20195e-06 0.0855449 0.0855451
19.5295 22.2862 2.20195e-06 0.0860239 0.0860266
19.5696 22.2862 2.20195e-06 0.0842525 0.0842546
19.6096 23.1866 2.20195e-06 0.0803214 0.0803214
19.6496 26.3382 2.20195e-06 0.0751194 0.0751197
19.6897 26.7884 2.20194e-06 0.0699619 0.0707706
19.7297 26.7884 2.20194e-06 0.0659113 0.0696275
19.7698 27.2387 2.20193e-06 0.0635022 0.0674465
19.8098 29.4898 2.20193e-06 0.0625143 0.0642667
19.8498 32.1912 2.20193e-06 0.0621923 0.0621925
19.8899 32.1912 2.20192e-06 0.061636 0.0616389
19.9299 32.6414 2.20192e-06 0.060168 0.0601692
19.97 33.0916 2.20191e-06 0.0576857 0.0576857
20.01 35.793 2.2019e-06 0.0546099 0.0562626
20.0501 37.1436 2.20189e-06 0.0517421 0.0564337
20.0901 37.5939 2.20188e-06 0.0498768 0.0558293
20.1301 38.4943 2.20188e-06 0.0494262 0.0539971
20.1702 39.845 2.20187e-06 0.0502765 0.0513647
20.2102 41.1957 2.20187e-06 0.0517514 0.0517521
20.2503 41.6459 2.20186e-06 0.0529137 0.0529157
20.2903 42.0961 2.20186e-06 0.0529048 0.0529053
20.3303 42.9966 2.20185e-06 0.0512585 0.0512603
20.3704 46.1482 2.20184e-06 0.0481394 0.0481419
20.4104 47.9491 2.20183e-06 0.0442175 0.0451902
20.4505 47.4988 2.20182e-06 0.0404832 0.0469522
20.4905 46.5984 2.20182e-06 0.037864 0.0476369
20.5305 46.1482 2.20181e-06 0.0368928 0.0467419
20.5706 52.0011 2.2018e-06 0.0375613 0.0443665
20.6106 53.802 2.20179e-06 0.0392998 0.0410992
20.6507 52.9016 2.20178e-06 0.041248 0.041248
20.6907 51.5509 2.20176e-06 0.0425301 0.0425302
20.7307 51.1007 2.20175e-06 0.0425767 0.0425779
20.7708 51.1007 2.20174e-06 0.0413057 0.0413081
20.8108 51.5509 2.20174e-06 0.0390883 0.0390883
20.8509 56.5034 2.20173e-06 0.0365981 0.0375014
20.8909 56.5034 2.20172e-06 0.0345308 0.0375522
20.9309 56.5034 2.20171e-06 0.0333392 0.0373298
20.971 57.4038 2.2017e-06 0.0331099 0.0362002
21.011 60.1052 2.20168e-06 0.0335389 0.0345277
21.0511 61.0056 2.20167e-06 0.0341018 0.0347675
21.0911 61.4558 2.20165e-06 0.0342674 0.0349421
21.1311 61.9061 2.20164e-06 0.0337178 0.0342888
21.1712 62.8065 2.20163e-06 0.0324752 0.0330007
21.2112 67.3088 2.20161e-06 0.0308693 0.0324616
21.2513 67.3088 2.2016e-06 0.0294135 0.0329954
21.2913 67.3088 2.20158e-06 0.0285825 0.033006
21.3313 67.3088 2.20156e-06 0.0286234 0.0322207
21.3714 67.759 2.20154e-06 0.0294631 0.0307392
21.4114 73.1617 2.20152e-06 0.0307121 0.0307123
21.4515 64.1572 2.2015e-06 0.0318189 0.0318197
21.4915 63.2568 2.20149e-06 0.0322601 0.0322618
21.5315 63.707 2.20148e-06 0.0317335 0.0317344
21.5716 64.6074 2.20146e-06 0.0302713 0.0302715
21.6116 69.5599 2.20144e-06 0.0282109 0.0282109
21.6517 69.1097 2.20142e-06 0.0260912 0.0288463
21.6917 69.1097 2.2014e-06 0.0244597 0.0296632
21.7317 69.5599 2.20137e-06 0.0236771 0.0296546
21.7718 71.811 2.20134e-06 0.0238233 0.0287827
21.8118 74.5124 2.20132e-06 0.0246664 0.0273128
21.8519 74.9626 2.2013e-06 0.0257735 0.0267082
21.8919 75.4129 2.20127e-06 0.0266662 0.0270595
21.9319 76.3133 2.20125e-06 0.026984 0.026984
21.972 79.9151 2.20122e-06 0.0266121 0.0266121
22.012 81.2658 2.20119e-06 0.0256849 0.0256855
22.0521 81.2658 2.20115e-06 0.0245364 0.025646
22.0921 81.716 2.20112e-06 0.0235502 0.0259783
22.1321 83.5169 2.20108e-06 0.0230162 0.0255989
22.1722 86.6685 2.20105e-06 0.0230283 0.0245707
22.2122 88.0192 2.20102e-06 0.0234531 0.0235601
22.2523 88.4694 2.20099e-06 0.0239921 0.0239921
22.2923 90.2703 2.20097e-06 0.0242948 0.0242948
22.3323 91.621 2.20093e-06 0.0240989 0.0241002
22.3724 92.5214 2.2009e-06 0.0233292 0.0235098
22.4124 93.4219 2.20085e-06 0.0221238 0.0227499
22.4525 93.4219 2.20081e-06 0.0207913 0.0230584
22.4925 97.4739 2.20076e-06 0.0197021 0.0236398
22.5325 97.9242 2.20071e-06 0.0191548 0.0237308
22.5726 98.3744 2.20067e-06 0.0192787 0.0231862
22.6126 98.8246 2.20062e-06 0.0199854 0.0221009
22.6527 104.227 2.20058e-06 0.0209991 0.0210572
22.6927 103.327 2.20053e-06 0.0219604 0.0219604
22.7327 93.8721 2.20048e-06 0.022532 0.0225321
22.7728 94.3223 2.20043e-06 0.022518 0.0225195
22.8128 94.7726 2.20037e-06 0.0219202 0.0219211
22.8529 108.279 2.20031e-06 0.0209186 0.0209188
22.8929 99.2748 2.20024e-06 0.019808 0.020996
22.9329 99.7251 2.20018e-06 0.0188954 0.0209985
22.973 100.626 2.20012e-06 0.018387 0.0205709
23.013 105.128 2.20005e-06 0.0183357 0.0201596
23.0531 106.929 2.19999e-06 0.0186253 0.0194399
23.0931 106.028 2.19993e-06 0.0190256 0.0200587
23.1331 106.028 2.19986e-06 0.0192859 0.020264
23.1732 106.478 2.19979e-06 0.0192184 0.0199431
23.2132 106.929 2.19971e-06 0.0187722 0.0195053
23.2533 112.782 2.19962e-06 0.0180473 0.0188625
23.2933 113.232 2.19954e-06 0.0172556 0.0189183
23.3333 112.782 2.19945e-06 0.0166446 0.0192308
23.3734 113.232 2.19937e-06 0.0164097 0.0192112
23.4134 117.284 2.1993e-06 0.0166243 0.0187732
23.4535 118.635 2.19922e-06 0.0172098 0.01799
23.4935 118.635 2.19914e-06 0.0179686 0.0179686
23.5335 107.379 2.19905e-06 0.0186388 0.0186388
23.5736 107.379 2.19896e-06 0.0189874 0.0189886
23.6136 108.279 2.19886e-06 0.0188811 0.0188817
23.6537 123.587 2.19875e-06 0.0183261 0.018327
23.6937 124.487 2.19865e-06 0.0174623 0.0174624
23.7337 114.132 2.19854e-06 0.0165148 0.0173525
23.7738 114.583 2.19844e-06 0.0157214 0.0174016
23.8138 115.483 2.19834e-06 0.0152507 0.017523
23.8539 119.085 2.19824e-06 0.0151617 0.0172829
23.8939 135.293 2.19814e-06 0.0153846 0.0167787
23.9339 120.886 2.19803e-06 0.0157566 0.0169584
23.974 121.786 2.19792e-06 0.0160792 0.017162
24.014 124.037 2.19781e-06 0.016192 0.0169735
24.0541 125.388 2.19769e-06 0.0160204 0.0166813
24.0941 126.288 2.19757e-06 0.0156009 0.0161289
24.1341 128.54 2.19745e-06 0.0150647 0.0157807
24.1742 131.241 2.19734e-06 0.0145892 0.0160484
24.2142 131.691 2.19722e-06 0.0143329 0.0161526
24.2543 132.592 2.19712e-06 0.0143849 0.0160884
24.2943 133.492 2.19701e-06 0.0147299 0.0157291
24.3343 135.293 2.19691e-06 0.0152533 0.0153419
24.3744 136.644 2.1968e-06 0.0157768 0.0157774
24.4144 137.094 2.19668e-06 0.0161217 0.0161222
24.4545 137.544 2.19657e-06 0.0161531 0.0161544
24.4945 138.895 2.19645e-06 0.0158356 0.015836
24.5345 143.397 2.19634e-06 0.0152301 0.0152319
24.5746 144.297 2.19623e-06 0.0144852 0.014679
24.6146 144.748 2.19612e-06 0.0137782 0.0148261
24.6547 144.297 2.19602e-06 0.0132678 0.0150692
24.6947 144.297 2.19593e-06 0.0130414 0.0150457
24.7347 150.15 2.19584e-06 0.0131007 0.0147552
24.7748 151.501 2.19575e-06 0.0133564 0.0143789
24.8148 151.051 2.19565e-06 0.0136716 0.0146806
24.8549 141.146 2.19555e-06 0.0138999 0.0147436
24.8949 141.596 2.19545e-06 0.0139376 0.0146062
24.9349 154.653 2.19536e-06 0.0137584 0.0142998
24.975 156.003 2.19526e-06 0.0134136 0.0138185
25.015 155.103 2.19517e-06 0.0130141 0.0136886
25.0551 148.349 2.19508e-06 0.0126916 0.0138859
25.0951 151.051 2.195e-06 0.0125561 0.0140345
25.1351 152.402 2.19492e-06 0.0126542 0.0139472
25.1752 153.302 2.19484e-06 0.0129586 0.0136458
25.2152 153.752 2.19475e-06 0.0133733 0.0134987
25.2553 153.752 2.19466e-06 0.0137634 0.0137643
25.2953 153.752 2.19457e-06 0.0139995 0.0139997
25.3353 156.454 2.19447e-06 0.0139906 0.0139915
25.3754 159.155 2.19437e-06 0.0137194 0.0137194
25.4154 161.406 2.19427e-06 0.0132399 0.0132399
25.4555 164.558 2.19417e-06 0.0126623 0.0128694
25.4955 165.008 2.19407e-06 0.0121206 0.0129725
25.5355 165.458 2.19396e-06 0.0117295 0.0130959
25.5756 165.908 2.19385e-06 0.0115505 0.0130735
25.6156 166.809 2.19374e-06 0.0115843 0.012856
25.6557 172.211 2.19361e-06 0.0117641 0.0125784
25.6957 172.211 2.19346e-06 0.0119907 0.0127967
25.7357 172.662 2.19331e-06 0.0121541 0.0128916
25.7758 173.562 2.19314e-06 0.0121785 0.012843
25.8158 175.363 2.19297e-06 0.012039 0.0126322
25.8559 177.614 2.19279e-06 0.0117696 0.0122816
25.8959 178.965 2.19261e-06 0.0114494 0.0120877
25.9359 178.965 2.19242e-06 0.0111798 0.0122327
25.976 182.116 2.19223e-06 0.0110456 0.0122846
26.016 184.368 2.19202e-06 0.0110943 0.0121979
26.0561 185.268 2.19181e-06 0.0113156 0.012022
26.0961 186.168 2.19159e-06 0.0116474 0.0118796
26.1361 185.718 2.19136e-06 0.0119913 0.0120572
26.1762 171.761 2.19112e-06 0.0122461 0.0122465
26.2162 172.211 2.19087e-06 0.0123326 0.0123326
26.2563 173.112 2.19062e-06 0.0122165 0.0122165
26.2963 174.012 2.19038e-06 0.0119211 0.0119212
26.3363 196.524 2.19015e-06 0.0115142 0.0115142
26.3764 197.424 2.18993e-06 0.0110896 0.0116052
26.4164 197.424 2.18972e-06 0.0107398 0.011609
26.4565 197.424 2.18953e-06 0.010528 0.0114781
26.4965 183.917 2.18935e-06 0.0104732 0.0113619
26.5365 185.268 2.18919e-06 0.0105468 0.0111363
26.5766 186.168 2.18904e-06 0.0106845 0.0111485
26.6166 186.168 2.1889e-06 0.0108048 0.0113267
26.6567 186.168 2.18878e-06 0.0108403 0.0114062
26.6967 185.718 2.18868e-06 0.0107532 0.0113526
26.7367 191.571 2.18859e-06 0.0105494 0.0111608
26.7768 193.372 2.18852e-06 0.0102732 0.0109226
26.8168 194.273 2.18845e-06 0.00999698 0.0109171
26.8569 194.723 2.18839e-06 0.00979615 0.0110102
26.8969 196.524 2.18833e-06 0.00972681 0.0110002
26.9369 197.424 2.18826e-06 0.00980959 0.0108524
26.977 198.775 2.18818e-06 0.0100232 0.0105808
27.017 198.325 2.18807e-06 0.0103108 0.0105398
27.0571 190.671 2.18793e-06 0.0105951 0.0107053
27.0971 193.372 2.18774e-06 0.0108003 0.0108003
27.1371 193.822 2.1875e-06 0.0108749 0.0108749
27.1772 194.723 2.18721e-06 0.0107993 0.0107993
27.2172 195.623 2.18683e-06 0.0105984 0.0105984
27.2573 196.974 2.18638e-06 0.0103244 0.0104131
27.2973 197.424 2.18583e-06 0.0100453 0.0105459
27.3373 199.225 2.18519e-06 0.00982579 0.0105654
27.3774 201.026 2.18444e-06 0.00970414 0.0104476
27.4174 203.277 2.1836e-06 0.00968886 0.0102019
27.4575 207.329 2.18266e-06 0.00975422 0.00987357
27.4975 207.779 2.18162e-06 0.00984758 0.00991915
27.5375 208.23 2.18052e-06 0.00991185 0.00999417
27.5776 208.68 2.17936e-06 0.00989797 0.0100899
27.6176 209.58 2.17816e-06 0.00978034 0.0100778
27.6577 210.931 2.17693e-06 0.00956633 0.00996309
27.6977 213.632 2.1757e-06 0.00929291 0.00981341
27.7377 214.533 2.17448e-06 0.00901715 0.00989014
27.7778 215.433 2.17327e-06 0.00879543 0.00993568
27.8178 217.234 2.1721e-06 0.00867866 0.00996303
27.8579 219.485 2.17097e-06 0.00868373 0.00988323
27.8979 220.836 2.16988e-06 0.00880338 0.00970557
27.9379 222.187 2.16883e-06 0.00899781 0.00949602
27.978 222.637 2.16783e-06 0.00921304 0.0094864
28.018 223.537 2.16686e-06 0.00939318 0.00952755
28.0581 225.788 2.16591e-06 0.00949233 0.0094931
28.0981 227.589 2.16497e-06 0.00949244 0.00949244
28.1381 228.94 2.164e-06 0.00940222 0.00940236
28.1782 231.191 2.16301e-06 0.00925442 0.00927254
28.2182 232.092 2.16195e-06 0.00909494 0.00944006
28.2583 232.992 2.1608e-06 0.00896929 0.00954733
28.2983 233.892 2.15955e-06 0.00891255 0.00955086
28.3383 234.793 2.15819e-06 0.00893267 0.0094481
28.3784 235.693 2.1567e-06 0.00901511 0.0092573
28.4184 237.494 2.15508e-06 0.00912647 0.00912705
28.4585 238.395 2.15333e-06 0.00922046 0.0092205
28.4985 239.745 2.15147e-06 0.00925485 0.00925485
28.5385 241.546 2.14953e-06 0.00920051 0.00920068
28.5786 244.698 2.14751e-06 0.00905325 0.00905354
28.6186 247.399 2.14546e-06 0.00883081 0.0088309
28.6587 247.849 2.1434e-06 0.00857089 0.00876031
28.6987 247.849 2.14137e-06 0.00831976 0.00889276
28.7387 247.849 2.1394e-06 0.00812108 0.00894924
28.7788 234.793 2.13751e-06 0.00800463 0.00892679
28.8188 236.144 2.13574e-06 0.00797891 0.00887254
28.8589 237.044 2.1341e-06 0.00803035 0.0087727
28.8989 237.944 2.13258e-06 0.00812833 0.0087373
28.9389 242.447 2.1312e-06 0.00823088 0.00879838
28.979 243.347 2.12994e-06 0.00830378 0.008831
29.019 244.248 2.12876e-06 0.00832005 0.0087924
29.0591 246.049 2.12765e-06 0.00827486 0.00867489
29.0991 248.3 2.12656e-06 0.00818057 0.00849842
29.1391 249.65 2.12546e-06 0.00806568 0.00834146
29.1792 250.326 2.12431e-06 0.00796479 0.00837879
29.2192 250.551 2.12309e-06 0.00791054 0.00840676
29.2593 251.001 2.12177e-06 0.0079215 0.00843585
29.2993 256.404 2.12035e-06 0.0079996 0.0083957
29.3393 258.205 2.11883e-06 0.00812846 0.00830397
29.3794 259.105 2.11722e-06 0.00827721 0.00829316
29.4194 259.555 2.11554e-06 0.00841006 0.00841006
29.4595 259.555 2.11382e-06 0.00849206 0.00849206
29.4995 260.456 2.1121e-06 0.00850205 0.00850244
29.5395 261.806 2.11039e-06 0.00843435 0.00843506
29.5796 262.707 2.10874e-06 0.00830193 0.00830267
29.6196 264.058 2.10716e-06 0.0081312 0.00813187
29.6597 249.65 2.10567e-06 0.00795478 0.00817255
29.6997 270.361 2.10426e-06 0.00780542 0.00817225
29.7397 272.162 2.10292e-06 0.00770448 0.00810806
29.7798 273.963 2.10163e-06 0.00765874 0.00798003
29.8198 276.214 2.10036e-06 0.00766135 0.00782824
29.8599 276.664 2.09906e-06 0.00768988 0.00788483
29.8999 277.114 2.0977e-06 0.0077177 0.00793342
29.9399 277.114 2.09622e-06 0.0077189 0.00794687
29.98 260.906 2.09461e-06 0.00767469 0.00797939
30.02 261.806 2.09284e-06 0.0075808 0.00795282
30.0601 263.607 2.09089e-06 0.00744868 0.0078789
30.1001 284.768 2.08878e-06 0.00729689 0.00782488
30.1401 265.408 2.08652e-06 0.00715573 0.0078819
30.1802 265.858 2.08415e-06 0.00705097 0.00789374
30.2202 269.01 2.08172e-06 0.00700325 0.0078427
30.2603 289.72 2.07927e-06 0.00701743 0.00776264
30.3003 290.621 2.07685e-06 0.00708818 0.00766551
30.3403 274.863 2.0745e-06 0.00719386 0.00757041
30.3804 275.763 2.07227e-06 0.00731127 0.00756185
30.4204 276.664 2.07016e-06 0.00741206 0.00756724
30.4605 277.564 2.06818e-06 0.00747442 0.00753322
30.5005 278.465 2.06631e-06 0.00748943 0.00748943
30.5405 279.365 2.06453e-06 0.00745809 0.0074582
30.5806 304.128 2.06281e-06 0.0073942 0.0073942
30.6206 278.015 2.06109e-06 0.00731857 0.00744416
30.6607 275.763 2.05935e-06 0.00725456 0.00751798
30.7007 275.313 2.05755e-06 0.00721903 0.0075524
30.7407 275.763 2.05566e-06 0.00722058 0.00753406
30.7808 276.664 2.05368e-06 0.00725797 0.00746766
30.8208 289.27 2.05161e-06 0.00731831 0.00737484
30.8609 278.465 2.04947e-06 0.00738101 0.00738132
30.9009 279.365 2.04729e-06 0.00742518 0.00742518
30.9409 281.166 2.0451e-06 0.00743101 0.00743101
30.981 282.967 2.04295e-06 0.00738778 0.00738778
31.021 285.668 2.04087e-06 0.00729648 0.00729654
31.0611 288.82 2.03888e-06 0.00716719 0.00716719
31.1011 290.621 2.03701e-06 0.00701748 0.00701759
31.1411 291.071 2.03525e-06 0.00687137 0.00703503
31.1812 291.071 2.03359e-06 0.00674916 0.00708853
31.2212 291.972 2.03198e-06 0.00666388 0.00709784
31.2613 293.322 2.0304e-06 0.00662054 0.0070672
31.3013 294.673 2.02879e-06 0.00661486 0.00700727
31.3413 296.024 2.02711e-06 0.00663396 0.00700613
31.3814 296.924 2.02531e-06 0.00666022 0.00706419
31.4214 297.824 2.02338e-06 0.00667591 0.00711123
31.4615 300.076 2.02129e-06 0.00666747 0.00712146
31.5015 302.327 2.01905e-06 0.00663045 0.00709149
31.5415 304.128 2.01669e-06 0.00656741 0.00702371
31.5816 305.478 2.01424e-06 0.00649073 0.00693635
31.6216 306.379 2.01174e-06 0.00641494 0.00689995
31.6617 307.279 2.00924e-06 0.00635851 0.00689508
31.7017 308.63 2.00678e-06 0.00633342 0.00685444
31.7417 309.981 2.0044e-06 0.00634873 0.00680862
31.7818 311.331 2.00211e-06 0.00640085 0.00673861
31.8218 313.582 1.9999e-06 0.00647888 0.00664504
31.8619 315.383 1.99778e-06 0.00657025 0.00667212
31.9019 317.634 1.99571e-06 0.00665507 0.00667131
31.9419 318.535 1.99365e-06 0.00671786 0.00671786
31.982 319.435 1.99158e-06 0.00674723 0.00674723
32.022 320.786 1.98944e-06 0.00674169 0.0067423
32.0621 322.137 1.98723e-06 0.00670481 0.00670568
32.1021 323.037 1.98492e-06 0.00664798 0.00665304
32.1421 323.938 1.98253e-06 0.00658389 0.00667533
32.1822 324.388 1.98007e-06 0.00652935 0.00669772
32.2222 324.838 1.97757e-06 0.00649323 0.00669587
32.2623 325.739 1.97508e-06 0.00647991 0.00666169
32.3023 326.639 1.97264e-06 0.00648847 0.00659915
32.3423 330.691 1.97027e-06 0.00650927 0.00652495
32.3824 332.492 1.96802e-06 0.00653183 0.00653196
32.4224 334.293 1.96589e-06 0.00653955 0.00653955
32.4625 336.094 1.96389e-06 0.00652379 0.00652421
32.5025 337.444 1.96198e-06 0.00647678 0.00647749
32.5425 338.795 1.96015e-06 0.00639991 0.00640038
32.5826 340.146 1.95834e-06 0.00630102 0.00630102
32.6226 340.596 1.95651e-06 0.00619065 0.0062859
32.6627 340.596 1.95463e-06 0.00608185 0.00632582
32.7027 339.245 1.95265e-06 0.00599 0.00636525
32.7427 327.99 1.95057e-06 0.00592161 0.00637577
32.7828 328.89 1.94838e-06 0.00588434 0.00635892
32.8228 335.643 1.94608e-06 0.00587478 0.00631729
32.8629 336.994 1.94372e-06 0.00588548 0.00629176
32.9029 337.444 1.94131e-06 0.00590546 0.00632329
32.9429 337.895 1.9389e-06 0.00592273 0.00635106
32.983 338.795 1.93652e-06 0.00592859 0.00636004
33.023 339.696 1.93419e-06 0.00591797 0.00633927
33.0631 341.046 1.93193e-06 0.00588836 0.0062905
33.1031 342.397 1.92972e-06 0.00584588 0.00622356
33.1431 343.748 1.92757e-06 0.00580117 0.00614961
33.1832 344.648 1.92542e-06 0.00576293 0.00612086
33.2232 346.899 1.92326e-06 0.00574082 0.00609808
33.2633 350.501 1.92105e-06 0.005741 0.00607052
33.3033 353.202 1.91876e-06 0.00576653 0.00603073
33.3433 355.003 1.91637e-06 0.00581409 0.00597347
33.3834 356.354 1.91388e-06 0.00587494 0.0059434
33.4234 356.804 1.9113e-06 0.00593961 0.00596521
33.4635 357.705 1.90867e-06 0.00599569 0.00599633
33.5035 358.155 1.90601e-06 0.00603403 0.00603513
33.5435 358.605 1.90336e-06 0.00605108 0.00605152
33.5836 359.055 1.90077e-06 0.00604382 0.00604382
33.6236 359.956 1.89828e-06 0.00601547 0.00601661
33.6637 361.306 1.89589e-06 0.00597369 0.00597398
33.7037 361.306 1.89361e-06 0.00592823 0.00598807
33.7437 343.748 1.89143e-06 0.00588719 0.00598216
33.7838 344.648 1.88934e-06 0.00585967 0.005975
33.8238 370.311 1.88728e-06 0.00584528 0.00595023
33.8639 372.112 1.88524e-06 0.00584373 0.0059076
33.9039 373.462 1.88317e-06 0.0058513 0.00586137
33.9439 374.363 1.88105e-06 0.00585993 0.00586
33.984 375.263 1.87886e-06 0.00586046 0.00586067
34.024 376.164 1.87661e-06 0.00584548 0.00584582
34.0641 377.064 1.8743e-06 0.00581147 0.0058118
34.1041 377.965 1.87195e-06 0.00575684 0.00575752
34.1441 379.315 1.8696e-06 0.00568614 0.00568634
34.1842 380.216 1.86727e-06 0.00560492 0.00565139
34.2242 361.306 1.86498e-06 0.00552189 0.00567826
34.2643 361.757 1.86276e-06 0.00544699 0.00568807
34.3043 387.87 1.8606e-06 0.0053866 0.00570273
34.3443 389.22 1.85849e-06 0.00534485 0.00570317
34.3844 390.571 1.85642e-06 0.00532239 0.00568763
34.4244 391.922 1.85434e-06 0.0053146 0.00566483
34.4645 392.372 1.85224e-06 0.00531879 0.00567271
34.5045 392.372 1.85007e-06 0.00532518 0.00569933
34.5445 372.562 1.84782e-06 0.00532894 0.00571589
34.5846 360.856 1.84547e-06 0.00532099 0.00571538
34.6246 361.757 1.84303e-06 0.00530441 0.00569513
34.6647 362.657 1.84052e-06 0.00527772 0.00565766
34.7047 364.008 1.83795e-06 0.00524374 0.00560784
34.7447 365.358 1.83536e-06 0.00521087 0.00555567
34.7848 367.61 1.83279e-06 0.00518497 0.00552519
34.8248 370.761 1.83026e-06 0.00517244 0.00550451
34.8649 373.012 1.8278e-06 0.00517431 0.00547232
34.9049 409.03 1.82542e-06 0.00519442 0.00543905
34.9449 410.381 1.82311e-06 0.00522787 0.005396
34.985 411.281 1.82087e-06 0.00527145 0.00534904
35.025 411.281 1.81867e-06 0.00531782 0.00532702
35.0651 394.623 1.81648e-06 0.00535875 0.0053596
35.1051 379.315 1.81429e-06 0.00538954 0.00538958
35.1451 380.216 1.81206e-06 0.00540681 0.00540681
35.1852 381.116 1.80979e-06 0.00540822 0.00540856
35.2252 382.017 1.80747e-06 0.00539729 0.00539748
35.2653 383.367 1.80512e-06 0.00537734 0.00537734
35.3053 384.268 1.80275e-06 0.00535269 0.00539264
35.3453 385.168 1.80039e-06 0.00533086 0.00539804
35.3854 386.969 1.79806e-06 0.00531607 0.00538611
35.4254 389.671 1.79579e-06 0.00531003 0.00536963
35.4655 391.922 1.79358e-06 0.00531212 0.0053533
35.5055 393.272 1.79145e-06 0.00532088 0.00533471
35.5455 394.623 1.78938e-06 0.0053304 0.00533052
35.5856 395.524 1.78735e-06 0.00533585 0.00533598
35.6256 396.424 1.78534e-06 0.00533224 0.00533272
35.6657 397.775 1.78332e-06 0.00531647 0.00531647
35.7057 398.675 1.78126e-06 0.00528558 0.00528566
35.7457 399.801 1.77913e-06 0.00524118 0.00524118
35.7858 400.926 1.77693e-06 0.00518653 0.00518653
35.8258 402.727 1.77465e-06 0.0051251 0.00512576
35.8659 404.078 1.77231e-06 0.0050659 0.00508495
35.9059 405.879 1.76991e-06 0.00501094 0.00509015
35.9459 408.13 1.76749e-06 0.00496446 0.00508952
35.986 410.381 1.76507e-06 0.00492959 0.00508823
36.026 412.182 1.76266e-06 0.00490603 0.00508424
36.0661 413.533 1.7603e-06 0.00489197 0.0050848
36.1061 414.433 1.75798e-06 0.00488145 0.00509518
36.1461 414.883 1.75571e-06 0.00487268 0.00512343
36.1862 415.784 1.75346e-06 0.00485985 0.00514311
36.2262 416.234 1.75123e-06 0.00484167 0.00515037
36.2663 416.684 1.74899e-06 0.00481625 0.00514622
36.3063 417.134 1.74672e-06 0.00478531 0.00513009
36.3463 418.035 1.74441e-06 0.00475069 0.00510506
36.3864 418.485 1.74205e-06 0.00471631 0.00507537
36.4264 418.485 1.73965e-06 0.00468626 0.00504855
36.4665 418.035 1.73722e-06 0.00466616 0.00503741
36.5065 418.035 1.73478e-06 0.00465696 0.00501833
36.5465 418.485 1.73236e-06 0.00466034 0.00499088
36.5866 418.935 1.72997e-06 0.00467548 0.00496967
36.6266 419.611 1.72764e-06 0.00469742 0.0049534
36.6667 420.286 1.72539e-06 0.00472484 0.00494134
36.7067 420.736 1.7232e-06 0.00475291 0.00492799
36.7467 433.793 1.72109e-06 0.0047763 0.00490856
36.7868 435.143 1.71902e-06 0.00479398 0.00488127
36.8268 436.044 1.71699e-06 0.00480285 0.00484381
36.8669 436.944 1.71496e-06 0.00480414 0.00480623
36.9069 427.49 1.71292e-06 0.00480016 0.00482726
36.9469 429.29 1.71084e-06 0.00479368 0.00483862
36.987 432.892 1.70873e-06 0.00478774 0.00484029
37.027 434.243 1.70658e-06 0.00478558 0.0048461
37.0671 435.143 1.70439e-06 0.00478872 0.00484755
37.1071 436.494 1.70218e-06 0.0047983 0.00484262
37.1471 437.395 1.69997e-06 0.0048136 0.00483413
37.1872 437.845 1.69777e-06 0.0048327 0.00483894
37.2272 438.745 1.6956e-06 0.00484928 0.00484999
37.2673 439.646 1.69346e-06 0.00486338 0.00486339
37.3073 440.096 1.69136e-06 0.00487056 0.00487097
37.3473 440.996 1.68928e-06 0.00486837 0.00486837
37.3874 441.897 1.68721e-06 0.00485454 0.00485563
37.4274 442.797 1.68514e-06 0.00483207 0.00483207
37.4675 444.148 1.68304e-06 0.00480139 0.00480254
37.5075 445.499 1.6809e-06 0.00476674 0.00476711
37.5475 447.75 1.6787e-06 0.00473009 0.00473016
37.5876 450.001 1.67646e-06 0.00469503 0.00469503
37.6276 450.001 1.67416e-06 0.00466379 0.00467535
37.6677 450.001 1.67183e-06 0.00463751 0.0046513
37.7077 450.001 1.66948e-06 0.00461741 0.00462428
37.7477 450.001 1.66713e-06 0.00460052 0.00460121
37.7878 450.001 1.66481e-06 0.00458594 0.00458594
37.8278 450.001 1.66252e-06 0.00457056 0.00457056
37.8679 450.001 1.66028e-06 0.00455155 0.00456923
37.9079 450.001 1.6581e-06 0.00452814 0.00458085
37.9479 445.048 1.65595e-06 0.00449933 0.00459068
37.988 445.048 1.65385e-06 0.00446423 0.0045944
38.028 445.949 1.65176e-06 0.00442532 0.00459098
38.0681 446.399 1.64968e-06 0.00438564 0.00458459
38.1081 447.3 1.64759e-06 0.00434705 0.00458178
38.1481 447.75 1.64549e-06 0.00431324 0.00458202
38.1882 448.2 1.64336e-06 0.00428543 0.00458336
38.2282 449.1 1.64122e-06 0.00426602 0.00458149
38.2683 447.75 1.63908e-06 0.00425505 0.00457736
38.3083 444.148 1.63694e-06 0.00424952 0.00457613
38.3483 442.797 1.63482e-06 0.00425124 0.0045813
38.3884 442.347 1.63273e-06 0.00425562 0.00458433
38.4284 442.797 1.63069e-06 0.00425967 0.00458353
38.4685 443.698 1.62869e-06 0.00426437 0.00457638
38.5085 444.598 1.62673e-06 0.00426373 0.00456296
38.5485 445.499 1.62481e-06 0.00426089 0.00454073
38.5886 446.399 1.6229e-06 0.00425535 0.00451269
38.6286 447.3 1.62099e-06 0.00424872 0.00448029
38.6687 448.65 1.61907e-06 0.00424139 0.00444461
38.7087 450.001 1.61712e-06 0.00423776 0.00441054
38.7487 450.001 1.61512e-06 0.00423852 0.00438505
38.7888 450.001 1.61309e-06 0.00424448 0.00436668
38.8288 450.001 1.61101e-06 0.00425679 0.00434907
38.8689 450.001 1.60891e-06 0.00427277 0.00432865
38.9089 450.001 1.60678e-06 0.00429314 0.00432953
38.9489 450.001 1.60465e-06 0.00431471 0.00433583
38.989 450.001 1.60254e-06 0.0043357 0.00434917
39.029 450.001 1.60043e-06 0.00435419 0.00435789
39.0691 450.001 1.59835e-06 0.00436791 0.00436791
39.1091 450.001 1.59629e-06 0.00437433 0.00437435
39.1491 450.001 1.59425e-06 0.00437605 0.00437605
39.1892 450.001 1.59221e-06 0.00437241 0.00437269
39.2292 450.001 1.59017e-06 0.00436544 0.00436544
39.2693 450.001 1.58811e-06 0.00435598 0.00435598
39.3093 450.001 1.58603e-06 0.00434589 0.00434628
39.3493 450.001 1.58392e-06 0.00433815 0.00433843
39.3894 450.001 1.58178e-06 0.00433258 0.00433267
39.4294 450.001 1.57963e-06 0.00432881 0.00432881
39.4695 450.001 1.57747e-06 0.00432706 0.00432706
39.5095 450.001 1.57531e-06 0.00432581 0.00432593
39.5495 450.001 1.57317e-06 0.00432349 0.00432349
39.5896 450.001 1.57107e-06 0.00431834 0.00431834
39.6296 450.001 1.569e-06 0.00430927 0.00430972
39.6697 450.001 1.56698e-06 0.00429489 0.00429535
39.7097 450.001 1.56501e-06 0.00427511 0.00427511
39.7497 450.001 1.56307e-06 0.00424966 0.00424966
39.7898 450.001 1.56115e-06 0.00422035 0.00422041
39.8298 450.001 1.55925e-06 0.0041882 0.0041882
39.8699 450.001 1.55735e-06 0.00415594 0.00415645
39.9099 450.001 1.55545e-06 0.00412439 0.00412716
39.9499 450.001 1.55353e-06 0.00409467 0.00411361
39.99 450.001 1.5516e-06 0.00406923 0.00410514
40.03 450.001 1.54965e-06 0.00404741 0.0041109
40.0701 450.001 1.5477e-06 0.00402926 0.00411536
40.1101 450.001 1.54575e-06 0.00401343 0.00412547
40.1502 450.001 1.54381e-06 0.00399858 0.00413332
40.1902 450.001 1.54189e-06 0.00398374 0.00413954
40.2302 450.001 1.54e-06 0.0039678 0.00414745
40.2703 450.001 1.53813e-06 0.00395025 0.00415343
40.3103 450.001 1.53627e-06 0.00392997 0.00415605
40.3504 450.001 1.53443e-06 0.00390811 0.00415348
40.3904 450.001 1.53258e-06 0.00388631 0.00414789
40.4304 450.001 1.53073e-06 0.00386394 0.00413952
40.4705 450.001 1.52885e-06 0.00384305 0.00412929
40.5105 450.001 1.52695e-06 0.00382582 0.00411951
40.5506 450.001 1.52501e-06 0.0038135 0.00411007
40.5906 450.001 1.52304e-06 0.00380483 0.00410306
40.6306 450.001 1.52104e-06 0.00380153 0.00409717
40.6707 450.001 1.51902e-06 0.0038029 0.0040914
40.7107 450.001 1.517e-06 0.00380757 0.00408638
40.7508 450.001 1.51497e-06 0.00381421 0.00408028
40.7908 450.001 1.51295e-06 0.00382123 0.0040719
40.8308 450.001 1.51096e-06 0.00382894 0.00405975
40.8709 450.001 1.50898e-06 0.00383413 0.00404401
40.9109 450.001 1.50703e-06 0.00383925 0.00402428
40.951 450.001 1.50509e-06 0.00384044 0.0040007
40.991 450.001 1.50316e-06 0.00384217 0.00397447
41.031 450.001 1.50124e-06 0.00384221 0.00394584
41.0711 450.001 1.49931e-06 0.00384341 0.00391783
41.1111 450.001 1.49737e-06 0.00384591 0.00389779
41.1512 450.001 1.49543e-06 0.00385176 0.00388911
41.1912 450.001 1.49347e-06 0.00385841 0.00389187
41.2312 450.001 1.49151e-06 0.00386902 0.00390079
41.2713 450.001 1.48955e-06 0.00388082 0.00390944
41.3113 450.001 1.48761e-06 0.00389475 0.00391579
41.3514 450.001 1.48569e-06 0.00390786 0.00392106
41.3914 450.001 1.48379e-06 0.00392106 0.00392803
41.4314 450.001 1.48193e-06 0.00393131 0.00393285
41.4715 450.001 1.48011e-06 0.00393811 0.00393858
41.5115 450.001 1.47831e-06 0.00394124 0.00394124
41.5516 450.001 1.47654e-06 0.00394107 0.00394107
41.5916 450.001 1.47479e-06 0.00393744 0.00393788
41.6316 450.001 1.47305e-06 0.00393108 0.00393139
41.6717 450.001 1.4713e-06 0.00392324 0.00392324
41.7117 450.001 1.46956e-06 0.00391448 0.0039147
41.7518 450.001 1.46779e-06 0.00390576 0.00390576
41.7918 450.001 1.46602e-06 0.0038981 0.00389831
41.8318 450.001 1.46423e-06 0.00389017 0.00389074
41.8719 450.001 1.46244e-06 0.00388393 0.00388398
41.9119 450.001 1.46064e-06 0.00387892 0.00387892
41.952 450.001 1.45885e-06 0.00387197 0.00387197
41.992 450.001 1.45706e-06 0.00386479 0.00386498
42.032 450.001 1.45529e-06 0.00385453 0.00385495
42.0721 450.001 1.45353e-06 0.00384275 0.00384275
42.1121 450.001 1.45178e-06 0.00382712 0.00382728
42.1522 450.001 1.45003e-06 0.00380909 0.00380909
42.1922 450.001 1.44829e-06 0.00378827 0.00378834
42.2322 450.001 1.44653e-06 0.00376488 0.00376488
42.2723 450.001 1.44476e-06 0.00374035 0.00374035
42.3123 450.001 1.44297e-06 0.00371579 0.00371579
42.3524 450.001 1.44116e-06 0.00369169 0.00369508
42.3924 450.001 1.43932e-06 0.00366953 0.00368572
42.4324 450.001 1.43747e-06 0.00364866 0.00369294
42.4725 450.001 1.43561e-06 0.00362991 0.00369954
42.5125 450.001 1.43374e-06 0.00361352 0.00370394
42.5526 450.001 1.43187e-06 0.00359923 0.00371091
42.5926 450.001 1.43001e-06 0.00358561 0.00371733
42.6326 450.001 1.42817e-06 0.0035716 0.0037216
42.6727 450.001 1.42634e-06 0.00355856 0.00372702
42.7127 450.001 1.42454e-06 0.00354374 0.00373116
42.7528 450.001 1.42275e-06 0.00352872 0.00373417
42.7928 450.001 1.42098e-06 0.0035131 0.00373443
42.8328 450.001 1.41922e-06 0.00349698 0.00373243
42.8729 450.001 1.41746e-06 0.00348083 0.00372848
42.9129 450.001 1.4157e-06 0.00346502 0.00372248
42.953 450.001 1.41394e-06 0.0034517 0.00371623
42.993 450.001 1.41218e-06 0.00344003 0.00370976
43.033 450.001 1.41041e-06 0.00343129 0.00370309
43.0731 450.001 1.40866e-06 0.00342536 0.00369714
43.1131 450.001 1.40691e-06 0.00342225 0.00369195
43.1532 450.001 1.40517e-06 0.00342261 0.0036866
43.1932 450.001 1.40346e-06 0.00342433 0.00368069
43.2332 450.001 1.40177e-06 0.0034274 0.00367421
43.2733 450.001 1.4001e-06 0.00343123 0.00366655
43.3133 450.001 1.39845e-06 0.00343539 0.00365602
43.3534 450.001 1.39683e-06 0.00343875 0.00364354
43.3934 450.001 1.39522e-06 0.00344179 0.00362912
43.4334 450.001 1.39363e-06 0.00344411 0.00361168
43.4735 450.001 1.39203e-06 0.003446 0.00359274
43.5135 450.001 1.39043e-06 0.00344766 0.00357228
43.5536 450.001 1.38883e-06 0.00344974 0.00355133
43.5936 450.001 1.38721e-06 0.00345216 0.00353074
43.6336 450.001 1.38559e-06 0.00345629 0.00351104
43.6737 450.001 1.38395e-06 0.00346188 0.00349821
43.7137 450.001 1.38231e-06 0.00346905 0.00349705
43.7538 450.001 1.38067e-06 0.00347757 0.00350314
43.7938 450.001 1.37903e-06 0.00348699 0.00350887
43.8338 450.001 1.3774e-06 0.00349721 0.00351401
43.8739 450.001 1.37577e-06 0.00350734 0.00351815
43.9139 450.001 1.37414e-06 0.00351622 0.00352273
43.954 450.001 1.37252e-06 0.00352389 0.00352715
43.994 450.001 1.37091e-06 0.00352992 0.00353055
44.034 450.001 1.36929e-06 0.00353345 0.00353388
44.0741 450.001 1.36766e-06 0.00353543 0.00353587
44.1141 450.001 1.36603e-06 0.00353578 0.00353593
44.1542 450.001 1.36437e-06 0.00353387 0.00353387
44.1942 450.001 1.36271e-06 0.00353113 0.00353125
44.2342 450.001 1.36103e-06 0.00352841 0.00352841
44.2743 450.001 1.35934e-06 0.00352466 0.00352466
44.3143 450.001 1.35764e-06 0.00352102 0.00352134
44.3544 450.001 1.35594e-06 0.00351771 0.00351771
44.3944 450.001 1.35425e-06 0.00351477 0.00351477
44.4344 450.001 1.35256e-06 0.00351175 0.00351175
44.4745 450.001 1.35088e-06 0.00350777 0.00350777
44.5145 450.001 1.34922e-06 0.00350384 0.00350384
44.5546 450.001 1.34757e-06 0.00349814 0.00349814
44.5946 450.001 1.34594e-06 0.00349118 0.00349122
44.6346 450.001 1.34431e-06 0.0034819 0.0034819
44.6747 450.001 1.3427e-06 0.00347103 0.00347103
44.7147 450.001 1.3411e-06 0.00345812 0.00345812
44.7548 450.001 1.33949e-06 0.00344313 0.00344339
44.7948 450.001 1.33789e-06 0.00342739 0.00342739
44.8348 450.001 1.33629e-06 0.00341004 0.0034101
44.8749 450.001 1.3347e-06 0.0033929 0.0033931
44.9149 450.001 1.3331e-06 0.00337601 0.00337601
44.955 450.001 1.33152e-06 0.00335884 0.00335894
44.995 450.001 1.32994e-06 0.0033424 0.00334331
45.035 450.001 1.32838e-06 0.00332756 0.00332792
45.0751 450.001 1.32684e-06 0.00331337 0.0033142
45.1151 450.001 1.32531e-06 0.00329953 0.0033177
45.1552 450.001 1.3238e-06 0.00328637 0.00332098
45.1952 450.001 1.32231e-06 0.00327331 0.00332423
45.2352 450.001 1.32083e-06 0.00325941 0.00332892
45.2753 450.001 1.31936e-06 0.0032451 0.0033323
45.3153 450.001 1.3179e-06 0.0032306 0.00333519
45.3554 450.001 1.31644e-06 0.00321534 0.00333805
45.3954 450.001 1.31497e-06 0.00320005 0.00334031
45.4354 450.001 1.3135e-06 0.00318429 0.00334196
45.4755 450.001 1.31202e-06 0.00316934 0.00334294
45.5155 450.001 1.31054e-06 0.00315427 0.00334304
45.5556 450.001 1.30905e-06 0.00314078 0.00334269
45.5956 450.001 1.30755e-06 0.00312852 0.00334262
45.6356 450.001 1.30606e-06 0.00311866 0.00334198
45.6757 450.001 1.30457e-06 0.00310921 0.0033416
45.7157 450.001 1.30308e-06 0.0031019 0.00334152
45.7558 450.001 1.30159e-06 0.00309677 0.00334091
45.7958 450.001 1.30011e-06 0.00309203 0.00333955
45.8358 450.001 1.29863e-06 0.0030885 0.00333738
45.8759 450.001 1.29715e-06 0.00308654 0.00333409
45.9159 450.001 1.29567e-06 0.00308413 0.00333037
45.956 450.001 1.29418e-06 0.00308249 0.00332438
45.996 450.001 1.29268e-06 0.00308035 0.00331686
46.036 450.001 1.29117e-06 0.00307866 0.00330842
46.0761 450.001 1.28966e-06 0.00307618 0.00329706
46.1161 450.001 1.28813e-06 0.00307485 0.00328534
46.1562 450.001 1.28659e-06 0.00307434 0.00327283
46.1962 450.001 1.28505e-06 0.00307415 0.00325979
46.2362 450.001 1.28351e-06 0.00307478 0.00324679
46.2763 450.001 1.28197e-06 0.00307688 0.00323332
46.3163 450.001 1.28043e-06 0.00308102 0.0032203
46.3564 450.001 1.2789e-06 0.0030855 0.00320797
46.3964 450.001 1.27738e-06 0.00309077 0.0031949
46.4364 450.001 1.27587e-06 0.00309764 0.00318312
46.4765 450.001 1.27438e-06 0.00310462 0.00317063
46.5165 450.001 1.27289e-06 0.00311158 0.00315788
46.5566 450.001 1.2714e-06 0.00311895 0.00314537
46.5966 450.001 1.26993e-06 0.00312602 0.00314522
46.6366 450.001 1.26845e-06 0.00313137 0.00314744
46.6767 450.001 1.26698e-06 0.00313679 0.00315106
46.7167 450.001 1.26551e-06 0.00314114 0.00315538
46.7568 450.001 1.26405e-06 0.00314495 0.00315858
46.7968 450.001 1.26259e-06 0.00314866 0.00316089
46.8368 450.001 1.26113e-06 0.00315103 0.00316215
46.8769 450.001 1.25969e-06 0.00315357 0.00316258
46.9169 450.001 1.25825e-06 0.0031564 0.00316455
46.957 450.001 1.25683e-06 0.00315849 0.00316548
46.997 450.001 1.25542e-06 0.00316128 0.00316573
47.037 450.001 1.25403e-06 0.00316436 0.00316585
47.0771 450.001 1.25265e-06 0.00316682 0.00316712
47.1171 450.001 1.25128e-06 0.00316865 0.00316902
47.1572 450.001 1.24992e-06 0.00317131 0.00317141
47.1972 450.001 1.24857e-06 0.00317258 0.00317258
47.2372 450.001 1.24723e-06 0.00317306 0.00317306
47.2773 450.001 1.24588e-06 0.00317248 0.00317248
47.3173 450.001 1.24454e-06 0.00317029 0.00317053
47.3574 450.001 1.24319e-06 0.00316748 0.00316748
47.3974 450.001 1.24184e-06 0.00316188 0.00316198
47.4374 450.001 1.24049e-06 0.00315633 0.00315633
47.4775 450.001 1.23913e-06 0.00314958 0.00314958
47.5175 450.001 1.23778e-06 0.00314235 0.00314235
47.5576 450.001 1.23643e-06 0.00313381 0.00313413
47.5976 450.001 1.23508e-06 0.00312514 0.00312514
47.6376 450.001 1.23373e-06 0.00311604 0.00311604
47.6777 450.001 1.23238e-06 0.0031072 0.0031072
47.7177 450.001 1.23104e-06 0.00309829 0.00309829
47.7578 450.001 1.2297e-06 0.00308978 0.00308978
47.7978 450.001 1.22836e-06 0.00308043 0.00308043
47.8378 450.001 1.22701e-06 0.00307111 0.00307111
47.8779 450.001 1.22566e-06 0.00306043 0.00306057
47.9179 450.001 1.2243e-06 0.00305052 0.00305052
47.958 450.001 1.22294e-06 0.00303965 0.00303965
47.998 450.001 1.22156e-06 0.00302784 0.00302784
48.038 450.001 1.22018e-06 0.00301539 0.00301539
48.0781 450.001 1.21879e-06 0.00300157 0.00300187
48.1181 450.001 1.2174e-06 0.00298779 0.00298803
48.1582 450.001 1.216e-06 0.00297438 0.00298184
48.1982 450.001 1.21461e-06 0.00296026 0.00298431
48.2382 450.001 1.21321e-06 0.00294658 0.0029864
48.2783 450.001 1.21182e-06 0.00293216 0.00298753
48.3183 450.001 1.21044e-06 0.00291886 0.00298778
48.3584 450.001 1.20906e-06 0.00290633 0.00298889
48.3984 450.001 1.20768e-06 0.00289407 0.00298999
48.4384 450.001 1.20632e-06 0.00288247 0.00299109
48.4785 450.001 1.20495e-06 0.00287204 0.00299082
48.5185 450.001 1.20359e-06 0.00286161 0.00299183
48.5586 450.001 1.20223e-06 0.00285176 0.00299422
48.5986 450.001 1.20087e-06 0.00284194 0.0029975
48.6386 450.001 1.19951e-06 0.00283373 0.00300055
48.6787 450.001 1.19816e-06 0.00282504 0.00300248
48.7187 450.001 1.19681e-06 0.00281577 0.0030039
48.7588 450.001 1.19546e-06 0.00280733 0.0030042
48.7988 450.001 1.19412e-06 0.00279928 0.0030035
48.8388 450.001 1.19279e-06 0.00279073 0.00300255
48.8789 450.001 1.19147e-06 0.00278326 0.00300027
48.9189 450.001 1.19016e-06 0.00277603 0.00299761
48.959 450.001 1.18886e-06 0.00276977 0.00299419
48.999 450.001 1.18758e-06 0.00276433 0.0029907
49.039 450.001 1.1863e-06 0.00275955 0.00298692
49.0791 450.001 1.18504e-06 0.00275592 0.00298257
49.1191 450.001 1.18378e-06 0.0027531 0.00297776
49.1592 450.001 1.18253e-06 0.00275198 0.00297309
49.1992 450.001 1.18129e-06 0.00275088 0.00296774
49.2392 450.001 1.18005e-06 0.00275118 0.00296225
49.2793 450.001 1.17881e-06 0.00275178 0.00295578
49.3193 450.001 1.17757e-06 0.00275288 0.00294881
49.3594 450.001 1.17633e-06 0.00275342 0.00294131
49.3994 450.001 1.1751e-06 0.00275525 0.00293349
49.4394 450.001 1.17387e-06 0.00275704 0.00292442
49.4795 450.001 1.17264e-06 0.00275825 0.00291479
49.5195 450.001 1.17142e-06 0.00276065 0.00290435
49.5596 450.001 1.17019e-06 0.00276179 0.00289364
49.5996 450.001 1.16898e-06 0.00276427 0.00288239
49.6396 450.001 1.16776e-06 0.00276675 0.00287104
49.6797 450.001 1.16655e-06 0.00276948 0.00285954
49.7197 450.001 1.16534e-06 0.00277281 0.00284771
49.7598 450.001 1.16413e-06 0.0027769 0.00283622
49.7998 450.001 1.16292e-06 0.00278092 0.00282507
49.8398 450.001 1.16171e-06 0.00278583 0.00282263
49.8799 450.001 1.16049e-06 0.0027911 0.00282354
49.9199 450.001 1.15927e-06 0.00279595 0.00282391
49.96 450.001 1.15804e-06 0.00280071 0.00282377
50 450.001 1.15681e-06 0.00280598 0.00282282
