#S 1 scored data
#N 5
#L  distance  fwhm  total_intensity  on_axis_intensity  peak_intensity
10 47.4988 4.9342e-07 0.00889664 0.00969717
10.04 49.75 4.93389e-07 0.0078184 0.0093129
10.0801 52.0011 4.93375e-07 0.00785252 0.00875338
10.1201 48.8495 4.93367e-07 0.00971108 0.0097156
10.1602 51.5509 4.93348e-07 0.00717236 0.00909484
10.2002 48.3993 4.93281e-07 0.00945626 0.00946024
10.2402 50.2002 4.93257e-07 0.00769971 0.00892786
10.2803 46.5984 4.93183e-07 0.00873857 0.00917168
10.3203 50.2002 4.93045e-07 0.0088359 0.00910106
10.3604 46.1482 4.92938e-07 0.0078057 0.00967796
10.4004 47.9491 4.92778e-07 0.00823155 0.00900881
10.4404 49.2997 4.9256e-07 0.00893174 0.00928548
10.4805 50.6504 4.92298e-07 0.00774139 0.00896909
10.5205 49.2997 4.92106e-07 0.00954165 0.0095452
10.5606 50.6504 4.91867e-07 0.00852557 0.00922213
10.6006 52.0011 4.91436e-07 0.00888887 0.00889005
10.6406 48.3993 4.91234e-07 0.00831674 0.00909141
10.6807 46.5984 4.91007e-07 0.00765843 0.00942497
10.7207 49.2997 4.90655e-07 0.00855347 0.00884253
10.7608 49.75 4.9034e-07 0.00934205 0.0093438
10.8008 46.1482 4.90099e-07 0.0090652 0.00945903
10.8408 48.8495 4.89896e-07 0.00901134 0.00901269
10.8809 51.5509 4.89749e-07 0.00816865 0.0092239
10.9209 47.9491 4.89513e-07 0.00829275 0.00941653
10.961 47.9491 4.89348e-07 0.00853241 0.00905076
11.001 46.1482 4.89304e-07 0.00897134 0.00938424
11.041 44.3473 4.89146e-07 0.00963502 0.00963804
11.0811 48.3993 4.89111e-07 0.00866774 0.00933575
11.1211 47.4988 4.89119e-07 0.00904445 0.0099111
11.1612 43.4468 4.8903e-07 0.00774628 0.00975765
11.2012 47.0486 4.89033e-07 0.00898289 0.00930897
11.2412 49.75 4.89009e-07 0.00958271 0.00958339
11.2813 48.8495 4.88973e-07 0.00907175 0.00947307
11.3213 47.4988 4.88956e-07 0.00912169 0.00928071
11.3614 48.3993 4.88905e-07 0.00839821 0.00953043
11.4014 47.4988 4.88887e-07 0.00867538 0.0101183
11.4414 46.1482 4.88849e-07 0.00929152 0.00972934
11.4815 49.75 4.88794e-07 0.00984982 0.00985315
11.5215 47.9491 4.88603e-07 0.00805408 0.00966877
11.5616 44.7975 4.88411e-07 0.00993732 0.0101626
11.6016 47.4988 4.88336e-07 0.00859734 0.00940055
11.6416 47.0486 4.88238e-07 0.00892284 0.00936481
11.6817 44.7975 4.88055e-07 0.0102491 0.0102514
11.7217 45.6979 4.88072e-07 0.00804576 0.00981063
11.7618 47.4988 4.88033e-07 0.0096778 0.00967984
11.8018 45.2477 4.87763e-07 0.00985649 0.00985649
11.8418 43.4468 4.8766e-07 0.00845291 0.0101973
11.8819 44.7975 4.87466e-07 0.00940836 0.00991662
11.9219 46.1482 4.87274e-07 0.00961678 0.00961739
11.962 47.0486 4.87154e-07 0.00878216 0.0105089
12.002 42.9966 4.87186e-07 0.0102665 0.0102676
12.042 45.2477 4.87054e-07 0.00926876 0.00988392
12.0821 42.5464 4.87067e-07 0.00819176 0.0103618
12.1221 42.9966 4.87106e-07 0.0106003 0.010603
12.1622 43.897 4.8705e-07 0.00955177 0.0103114
12.2022 48.3993 4.87046e-07 0.00901371 0.0102115
12.2422 44.7975 4.87032e-07 0.00988232 0.0109549
12.2823 46.1482 4.8705e-07 0.00892073 0.010019
12.3223 42.9966 4.87033e-07 0.00997918 0.0106133
12.3624 44.7975 4.86956e-07 0.0103344 0.0103348
12.4024 41.6459 4.87032e-07 0.00870855 0.0104462
12.4424 42.5464 4.8705e-07 0.00918789 0.0102899
12.4825 43.897 4.86914e-07 0.010446 0.010446
12.5225 42.0961 4.86959e-07 0.010099 0.0107114
12.5626 42.5464 4.87088e-07 0.00920013 0.010007
12.6026 43.897 4.86998e-07 0.00937865 0.0105529
12.6426 42.0961 4.86975e-07 0.00982607 0.010672
12.6827 43.4468 4.87071e-07 0.010119 0.0104702
12.7227 41.1957 4.87146e-07 0.0103582 0.0103587
12.7628 42.0961 4.87234e-07 0.00923112 0.0108088
12.8028 43.897 4.87274e-07 0.00930335 0.010391
12.8428 40.2952 4.8734e-07 0.0107392 0.0107415
12.8829 42.5464 4.87444e-07 0.00991008 0.0104063
12.9229 41.1957 4.87545e-07 0.00943373 0.0106443
12.963 40.7455 4.87552e-07 0.0104581 0.0104595
13.003 42.5464 4.87484e-07 0.0100186 0.0103739
13.043 43.4468 4.87597e-07 0.00966627 0.0105134
13.0831 41.6459 4.87648e-07 0.0102514 0.0104701
13.1231 42.5464 4.87535e-07 0.0100362 0.0101663
13.1632 43.897 4.87548e-07 0.010034 0.0104511
13.2032 42.5464 4.87523e-07 0.0104815 0.0104831
13.2432 42.0961 4.87494e-07 0.0102106 0.0102129
13.2833 41.1957 4.87477e-07 0.00985979 0.0105675
13.3233 42.5464 4.8743e-07 0.0100572 0.010715
13.3634 42.9966 4.87411e-07 0.0104751 0.0104754
13.4034 40.7455 4.87383e-07 0.0105347 0.0106057
13.4434 38.9445 4.87304e-07 0.0102409 0.0107474
13.4835 42.0961 4.87237e-07 0.0102531 0.0108148
13.5235 40.2952 4.87174e-07 0.0103906 0.0108272
13.5636 38.0441 4.87073e-07 0.0103819 0.0111637
13.6036 42.5464 4.87038e-07 0.0104456 0.0109909
13.6436 40.2952 4.86869e-07 0.0103001 0.0109514
13.6837 39.3948 4.86862e-07 0.0106275 0.0111944
13.7237 37.5939 4.86743e-07 0.0111987 0.0112005
13.7638 39.3948 4.86689e-07 0.0101648 0.0112973
13.8038 38.9445 4.86656e-07 0.00979196 0.0112359
13.8438 37.1436 4.86577e-07 0.011467 0.0114696
13.8839 39.3948 4.86574e-07 0.0109871 0.0112017
13.9239 38.4943 4.86525e-07 0.00953165 0.0117104
13.964 37.1436 4.86524e-07 0.0113397 0.0113414
14.004 39.845 4.86497e-07 0.0119755 0.0119777
14.044 38.4943 4.86464e-07 0.00946808 0.0117435
14.0841 38.0441 4.8644e-07 0.0102856 0.0112044
14.1241 35.793 4.86408e-07 0.0123555 0.0123585
14.1642 38.9445 4.86395e-07 0.0102929 0.0112736
14.2042 38.0441 4.86366e-07 0.00995156 0.0118229
14.2442 35.793 4.86346e-07 0.0124528 0.0124554
14.2843 40.2952 4.86343e-07 0.0112077 0.0112899
14.3243 38.4943 4.86347e-07 0.00964195 0.0120466
14.3644 36.9185 4.86336e-07 0.0116557 0.0117159
14.4044 40.2952 4.86373e-07 0.0116938 0.0116957
14.4444 38.4943 4.86364e-07 0.00998213 0.0120342
14.4845 38.0441 4.86369e-07 0.011429 0.0115633
14.5245 35.793 4.86382e-07 0.0122626 0.0122643
14.5646 37.5939 4.86378e-07 0.0105202 0.0120473
14.6046 38.4943 4.86394e-07 0.011034 0.0114923
14.6446 35.793 4.86409e-07 0.0120282 0.0120292
14.6847 36.6934 4.86404e-07 0.0107112 0.0120775
14.7247 38.4943 4.8639e-07 0.0109259 0.0116651
14.7648 35.793 4.86464e-07 0.0121866 0.0121872
14.8048 36.6934 4.86457e-07 0.0113066 0.0116395
14.8448 38.0441 4.86467e-07 0.0111183 0.0119826
14.8849 34.8925 4.86455e-07 0.0122159 0.0122164
14.9249 36.2432 4.86442e-07 0.0114327 0.0116071
14.965 37.1436 4.86518e-07 0.0108599 0.0123026
15.005 38.0441 4.8651e-07 0.0119795 0.0119802
15.045 35.793 4.86486e-07 0.011742 0.0120623
15.0851 37.1436 4.86462e-07 0.0112065 0.0121601
15.1251 37.5939 4.86522e-07 0.0121417 0.0121423
15.1652 35.3427 4.86504e-07 0.0121202 0.0122885
15.2052 36.6934 4.86513e-07 0.0115581 0.0120598
15.2452 33.9921 4.86459e-07 0.0119013 0.0123643
15.2853 35.3427 4.86456e-07 0.0117685 0.0125198
15.3253 36.6934 4.86502e-07 0.0116724 0.0120259
15.3654 37.1436 4.86465e-07 0.0120753 0.0126665
15.4054 35.3427 4.8647e-07 0.011807 0.0123338
15.4454 36.2432 4.86442e-07 0.0121261 0.0122346
15.4855 36.6934 4.8643e-07 0.0126252 0.0126264
15.5255 34.8925 4.86451e-07 0.0118127 0.0125169
15.5656 35.3427 4.86424e-07 0.0120857 0.012291
15.6056 33.0916 4.86397e-07 0.0126174 0.0128492
15.6456 35.3427 4.8638e-07 0.0115772 0.012652
15.6857 34.4423 4.864e-07 0.0120308 0.0123446
15.7257 33.0916 4.86414e-07 0.012895 0.0128967
15.7658 35.3427 4.86388e-07 0.0119543 0.0128579
15.8058 34.4423 4.86381e-07 0.0124412 0.0125297
15.8458 33.5418 4.86377e-07 0.0130876 0.0130889
15.8859 35.3427 4.86388e-07 0.0121379 0.0129754
15.9259 34.4423 4.86408e-07 0.012604 0.012604
15.966 33.5418 4.86365e-07 0.0126694 0.0131865
16.006 31.7409 4.86358e-07 0.0118854 0.0131092
16.046 33.5418 4.86382e-07 0.0129594 0.0129604
16.0861 33.5418 4.86431e-07 0.0128513 0.0130733
16.1261 32.1912 4.86398e-07 0.0120179 0.0134221
16.1662 33.0916 4.86415e-07 0.0135151 0.0135159
16.2062 33.5418 4.86395e-07 0.0133344 0.0133346
16.2462 32.6414 4.86398e-07 0.0120805 0.0135659
16.2863 33.0916 4.86441e-07 0.0132631 0.0132637
16.3263 31.7409 4.86428e-07 0.0133631 0.0133635
16.3664 33.0916 4.86429e-07 0.0122119 0.0134092
16.4064 33.0916 4.86426e-07 0.0127272 0.0135705
16.4464 31.7409 4.86457e-07 0.0135133 0.0135137
16.4865 33.9921 4.8646e-07 0.0132753 0.0132753
16.5265 33.0916 4.86465e-07 0.0127636 0.0137434
16.5666 32.6414 4.86459e-07 0.0134276 0.0134291
16.6066 30.3903 4.86478e-07 0.0141384 0.014139
16.6466 32.6414 4.86438e-07 0.0130071 0.0136448
16.6867 32.6414 4.86489e-07 0.0127872 0.0138682
16.7267 31.2907 4.8647e-07 0.0138624 0.0138629
16.7668 31.2907 4.86481e-07 0.0135559 0.0135846
16.8068 31.7409 4.86491e-07 0.0126969 0.0142984
16.8468 32.1912 4.86486e-07 0.0132802 0.0137351
16.8869 29.94 4.8648e-07 0.0146592 0.0146605
16.9269 31.2907 4.86482e-07 0.0136285 0.0137699
16.967 32.1912 4.86476e-07 0.0128281 0.0145589
17.007 29.4898 4.86503e-07 0.0148906 0.0148921
17.047 30.3903 4.86487e-07 0.0142331 0.0142331
17.0871 29.0396 4.86493e-07 0.0129319 0.0146026
17.1271 30.3903 4.86499e-07 0.0139232 0.0144717
17.1672 30.3903 4.86485e-07 0.0140563 0.0151438
17.2072 30.3903 4.86499e-07 0.0141815 0.0142698
17.2472 31.7409 4.86518e-07 0.0132096 0.0148374
17.2873 31.2907 4.86507e-07 0.0138674 0.0144988
17.3273 29.4898 4.86505e-07 0.015793 0.0157959
17.3674 28.1391 4.86514e-07 0.0134707 0.0150105
17.4074 28.5894 4.86517e-07 0.013916 0.0147326
17.4474 29.0396 4.86528e-07 0.0155591 0.0155609
17.4875 29.94 4.8655e-07 0.014114 0.0149746
17.5275 29.0396 4.86548e-07 0.0142432 0.0154469
17.5676 31.2907 4.86548e-07 0.0138246 0.0148032
17.6076 29.94 4.86558e-07 0.0148755 0.0151988
17.6476 29.94 4.86563e-07 0.0149885 0.0150776
17.6877 27.6889 4.86568e-07 0.0131709 0.0157441
17.7277 29.4898 4.86594e-07 0.0154374 0.015439
17.7678 29.0396 4.86599e-07 0.0154255 0.015426
17.8078 28.1391 4.86596e-07 0.0144583 0.0153286
17.8478 28.1391 4.866e-07 0.0151658 0.0154435
17.8879 28.1391 4.86622e-07 0.0148894 0.0154168
17.9279 29.4898 4.86618e-07 0.015823 0.0158243
17.968 28.1391 4.8664e-07 0.0144611 0.0153845
18.008 27.6889 4.86638e-07 0.0143775 0.0153772
18.048 29.0396 4.86625e-07 0.0157823 0.0157838
18.0881 27.914 4.8662e-07 0.0146846 0.0154639
18.1281 26.7884 4.86637e-07 0.0150107 0.0156737
18.1682 28.1391 4.86655e-07 0.0152606 0.0153102
18.2082 28.1391 4.86684e-07 0.0157071 0.0157071
18.2482 27.2387 4.86646e-07 0.0159322 0.0159332
18.2883 27.6889 4.86619e-07 0.0152452 0.0159505
18.3283 27.6889 4.86632e-07 0.0160215 0.0160221
18.3684 28.1391 4.86634e-07 0.0159386 0.0159389
18.4084 27.2387 4.86645e-07 0.0155431 0.0157611
18.4484 27.6889 4.86668e-07 0.015626 0.0157949
18.4885 27.6889 4.8663e-07 0.0155704 0.0156812
18.5285 27.2387 4.86592e-07 0.0156526 0.0157312
18.5686 26.3382 4.86585e-07 0.0157429 0.0158934
18.6086 27.2387 4.86615e-07 0.0157971 0.0159561
18.6486 27.2387 4.8663e-07 0.0161146 0.0161149
18.6887 26.7884 4.86622e-07 0.0162146 0.016215
18.7287 26.3382 4.86584e-07 0.0164041 0.0164426
18.7688 25.888 4.86576e-07 0.0169229 0.0169238
18.8088 27.2387 4.86561e-07 0.0162437 0.0166624
18.8488 26.3382 4.86545e-07 0.0166126 0.0166128
18.8889 26.3382 4.86591e-07 0.0166789 0.0166789
18.9289 25.888 4.86591e-07 0.0165255 0.0165255
18.969 25.888 4.86537e-07 0.0163552 0.016874
19.009 25.888 4.86542e-07 0.0158079 0.0169824
19.049 25.4378 4.86563e-07 0.017181 0.0171824
19.0891 24.5373 4.86539e-07 0.0164712 0.0168528
19.1291 25.4378 4.86565e-07 0.0165138 0.0171518
19.1692 25.888 4.86548e-07 0.0168808 0.0169726
19.2092 24.5373 4.86535e-07 0.0174659 0.0174661
19.2492 24.5373 4.86534e-07 0.0180578 0.0180595
19.2893 23.6369 4.86528e-07 0.0164602 0.0180166
19.3293 25.888 4.86546e-07 0.0178278 0.017829
19.3694 24.0871 4.86562e-07 0.0177548 0.0177772
19.4094 24.5373 4.86546e-07 0.0178569 0.0178576
19.4494 24.0871 4.86536e-07 0.0167269 0.0178908
19.4895 24.5373 4.8654e-07 0.0167637 0.0177567
19.5295 24.0871 4.86547e-07 0.0184358 0.0184374
19.5696 24.0871 4.8655e-07 0.0170263 0.0178742
19.6096 22.2862 4.86555e-07 0.0172925 0.0186065
19.6496 23.6369 4.8656e-07 0.0169611 0.0183079
19.6897 23.6369 4.86554e-07 0.019034 0.0190357
19.7297 23.6369 4.86552e-07 0.0183606 0.0183606
19.7698 22.2862 4.86555e-07 0.0174867 0.0187016
19.8098 22.2862 4.86566e-07 0.0185397 0.0185403
19.8498 23.6369 4.86565e-07 0.0189401 0.0189535
19.8899 22.2862 4.86567e-07 0.0195802 0.0195821
19.9299 22.2862 4.86563e-07 0.0171855 0.0193851
19.97 21.836 4.8656e-07 0.0185138 0.0188041
20.01 23.6369 4.86559e-07 0.0187484 0.0187568
20.0501 23.6369 4.8656e-07 0.0190139 0.0190147
20.0901 22.7364 4.86559e-07 0.0175122 0.019216
20.1301 22.2862 4.86552e-07 0.0176665 0.0191161
20.1702 22.7364 4.86554e-07 0.0196172 0.0196189
20.2102 23.6369 4.86541e-07 0.018938 0.0190948
20.2503 21.836 4.86539e-07 0.0188824 0.0195506
20.2903 21.3857 4.86527e-07 0.0181286 0.0199852
20.3303 21.3857 4.86522e-07 0.0206736 0.0206755
20.3704 22.7364 4.86511e-07 0.0200754 0.0200754
20.4104 21.3857 4.86497e-07 0.0196272 0.0196275
20.4505 20.9355 4.86499e-07 0.018927 0.0200841
20.4905 21.3857 4.86484e-07 0.0201889 0.0201896
20.5305 20.4853 4.86475e-07 0.0206543 0.0206552
20.5706 21.3857 4.8647e-07 0.0190559 0.0199032
20.6106 21.3857 4.8644e-07 0.019 0.0203942
20.6507 22.2862 4.86423e-07 0.0191771 0.0198524
20.6907 21.836 4.86424e-07 0.0207343 0.0207361
20.7307 22.2862 4.86424e-07 0.0191353 0.0201488
20.7708 21.3857 4.86392e-07 0.0194178 0.0207162
20.8108 21.3857 4.86398e-07 0.0196854 0.0203694
20.8509 20.4853 4.86384e-07 0.0213942 0.0213955
20.8909 20.0351 4.86343e-07 0.0207268 0.0207272
20.9309 20.4853 4.86347e-07 0.0203608 0.0208258
20.971 20.4853 4.86345e-07 0.0208816 0.0208816
21.011 19.1346 4.86342e-07 0.0217191 0.0217196
21.0511 19.1346 4.86329e-07 0.0218531 0.0218542
21.0911 20.0351 4.86319e-07 0.0205192 0.0213008
21.1311 20.4853 4.86292e-07 0.0209338 0.0209342
21.1712 19.5848 4.86283e-07 0.0209514 0.0210877
21.2112 19.5848 4.86293e-07 0.0216185 0.0216196
21.2513 20.0351 4.86275e-07 0.0202335 0.0212659
21.2913 20.4853 4.86274e-07 0.0206136 0.0214801
21.3313 20.0351 4.86273e-07 0.0206663 0.0211708
21.3714 19.5848 4.86247e-07 0.021696 0.0216966
21.4114 19.5848 4.86229e-07 0.0211345 0.0214818
21.4515 20.0351 4.86233e-07 0.0214563 0.0215404
21.4915 19.5848 4.8624e-07 0.0218176 0.0218662
21.5315 18.6844 4.86235e-07 0.022625 0.0226254
21.5716 18.6844 4.86231e-07 0.0226968 0.0226968
21.6116 18.6844 4.86219e-07 0.0225639 0.022564
21.6517 18.6844 4.86207e-07 0.0228256 0.0228257
21.6917 18.2342 4.86198e-07 0.0228372 0.0228372
21.7317 18.2342 4.86188e-07 0.0229888 0.0229892
21.7718 18.6844 4.8619e-07 0.0224178 0.0225677
21.8118 18.2342 4.86189e-07 0.0226106 0.0226109
21.8519 18.2342 4.8618e-07 0.0221407 0.0223995
21.8919 18.2342 4.86174e-07 0.0223755 0.0223756
21.9319 18.6844 4.86173e-07 0.0219497 0.0225159
21.972 17.7839 4.8616e-07 0.0225722 0.0225723
22.012 18.2342 4.86151e-07 0.0223639 0.0226371
22.0521 17.7839 4.86157e-07 0.0228169 0.0228172
22.0921 17.7839 4.86149e-07 0.0227252 0.023169
22.1321 17.3337 4.86131e-07 0.0237364 0.0237369
22.1722 17.3337 4.86137e-07 0.0239284 0.0239284
22.2122 17.3337 4.86128e-07 0.024251 0.0242515
22.2523 17.3337 4.86113e-07 0.0239116 0.0240801
22.2923 17.3337 4.86115e-07 0.0246039 0.0246043
22.3323 17.3337 4.86113e-07 0.0248854 0.0248854
22.3724 16.8835 4.8611e-07 0.024873 0.0248733
22.4124 16.8835 4.86106e-07 0.0239695 0.0241479
22.4525 16.8835 4.86114e-07 0.0239203 0.0239577
22.4925 16.8835 4.86093e-07 0.0242587 0.0242587
22.5325 16.4332 4.86082e-07 0.0244574 0.0244578
22.5726 16.4332 4.86085e-07 0.0236299 0.0237754
22.6126 15.5328 4.86079e-07 0.0231413 0.0242804
22.6527 15.983 4.86067e-07 0.0236651 0.0239323
22.6927 15.983 4.86076e-07 0.0246223 0.0246227
22.7327 15.983 4.86074e-07 0.0246323 0.0246325
22.7728 15.5328 4.86062e-07 0.0240643 0.0245885
22.8128 15.5328 4.86059e-07 0.0243572 0.0248602
22.8529 15.983 4.86057e-07 0.025649 0.0256494
22.8929 15.983 4.86054e-07 0.0265103 0.026511
22.9329 15.983 4.86046e-07 0.0259631 0.0259633
22.973 15.5328 4.86052e-07 0.0253435 0.0256433
23.013 15.5328 4.86044e-07 0.0258576 0.0258576
23.0531 15.5328 4.86036e-07 0.026962 0.0269627
23.0931 15.5328 4.86036e-07 0.0267814 0.026782
23.1331 15.0826 4.86032e-07 0.0255249 0.0255401
23.1732 14.6323 4.86026e-07 0.0248073 0.0256897
23.2132 15.0826 4.86022e-07 0.0255779 0.0255779
23.2533 14.6323 4.86019e-07 0.0262177 0.0262182
23.2933 14.6323 4.86018e-07 0.0255523 0.0255525
23.3333 14.1821 4.86015e-07 0.0243335 0.0256011
23.3734 14.1821 4.8601e-07 0.0245087 0.0255504
23.4134 14.1821 4.86006e-07 0.0258136 0.025814
23.4535 14.1821 4.86001e-07 0.0265224 0.0265232
23.4935 14.1821 4.85993e-07 0.0257739 0.0257739
23.5335 14.1821 4.85993e-07 0.0252008 0.0261216
23.5736 14.1821 4.85991e-07 0.0261028 0.0261158
23.6136 13.7319 4.85994e-07 0.0276288 0.0276298
23.6537 13.2817 4.85979e-07 0.02784 0.027841
23.6937 14.1821 4.85978e-07 0.0267643 0.0267643
23.7337 14.1821 4.85972e-07 0.0262541 0.0266687
23.7738 13.7319 4.85968e-07 0.0271439 0.0271441
23.8138 12.8314 4.85959e-07 0.0280922 0.0280933
23.8539 12.8314 4.85962e-07 0.0274743 0.0274749
23.8939 13.7319 4.85956e-07 0.026057 0.0262243
23.9339 13.7319 4.85949e-07 0.0255358 0.0262259
23.974 13.2817 4.85947e-07 0.0264157 0.0264158
24.014 12.3812 4.85944e-07 0.0269072 0.0269078
24.0541 12.8314 4.85932e-07 0.0261517 0.026152
24.0941 13.2817 4.85934e-07 0.0249186 0.0257881
24.1341 13.2817 4.85936e-07 0.0250569 0.0255972
24.1742 12.8314 4.85923e-07 0.0260991 0.0260992
24.2142 12.3812 4.85903e-07 0.0267454 0.0267461
24.2543 12.8314 4.85906e-07 0.0259878 0.0259878
24.2943 13.2817 4.85909e-07 0.0253514 0.0256686
24.3343 13.2817 4.85904e-07 0.0256937 0.0257608
24.3744 11.931 4.85893e-07 0.0268831 0.026884
24.4144 11.931 4.85892e-07 0.0270831 0.0270837
24.4545 12.3812 4.85883e-07 0.0263548 0.0263552
24.4945 12.8314 4.85871e-07 0.0255083 0.0256705
24.5345 12.3812 4.85867e-07 0.0258403 0.0258406
24.5746 11.931 4.85862e-07 0.0263925 0.0263927
24.6146 11.4808 4.85859e-07 0.0263069 0.0263073
24.6547 12.3812 4.85861e-07 0.0252072 0.0252072
24.6947 12.8314 4.85859e-07 0.0244496 0.0245186
24.7347 12.3812 4.85836e-07 0.0244665 0.0244665
24.7748 11.931 4.85817e-07 0.024865 0.0248654
24.8148 11.931 4.85817e-07 0.0245512 0.0245516
24.8549 12.8314 4.85823e-07 0.0236959 0.0236959
24.8949 13.2817 4.85817e-07 0.0230819 0.023169
24.9349 13.2817 4.85807e-07 0.0231831 0.0231831
24.975 12.3812 4.85804e-07 0.0234702 0.0234706
25.015 12.8314 4.85793e-07 0.0232072 0.0232073
25.0551 13.7319 4.85781e-07 0.022554 0.022554
25.0951 14.6323 4.85774e-07 0.0220107 0.0220107
25.1351 15.0826 4.8577e-07 0.0220019 0.0220019
25.1752 15.983 4.85768e-07 0.021949 0.0219492
25.2152 20.0351 4.85771e-07 0.0216134 0.0216134
25.2553 23.6369 4.85777e-07 0.0208581 0.0208581
25.2953 24.9875 4.85769e-07 0.0203165 0.0203165
25.3353 25.4378 4.85753e-07 0.0199139 0.0199139
25.3754 25.888 4.85748e-07 0.0196312 0.0196315
25.4154 25.888 4.85749e-07 0.0190637 0.0190637
25.4555 26.3382 4.85743e-07 0.0184691 0.0184691
25.4955 26.3382 4.85738e-07 0.0178961 0.0178962
25.5355 26.3382 4.8574e-07 0.017464 0.017464
25.5756 26.3382 4.85746e-07 0.0169816 0.0169816
25.6156 26.7884 4.85753e-07 0.0164607 0.0164607
25.6557 26.7884 4.85753e-07 0.0159944 0.0159944
25.6957 26.7884 4.85747e-07 0.015546 0.015546
25.7357 26.3382 4.85739e-07 0.0150548 0.0158288
25.7758 25.888 4.85741e-07 0.0143625 0.0160489
25.8158 25.888 4.8576e-07 0.0137287 0.0163128
25.8559 25.888 4.85777e-07 0.0131624 0.0166513
25.8959 25.4378 4.85786e-07 0.0127027 0.0170324
25.9359 25.4378 4.85789e-07 0.0119773 0.017163
25.976 25.4378 4.85791e-07 0.0110861 0.0172382
26.016 25.888 4.85791e-07 0.0101917 0.0173194
26.0561 26.7884 4.85784e-07 0.0096143 0.017186
26.0961 27.2387 4.85789e-07 0.00916123 0.0171673
26.1361 27.6889 4.85808e-07 0.00856518 0.017228
26.1762 28.1391 4.85833e-07 0.00777674 0.0175092
26.2162 29.0396 4.85859e-07 0.00712794 0.0175989
26.2563 29.4898 4.85866e-07 0.00693108 0.0172019
26.2963 29.94 4.85861e-07 0.00698688 0.0166162
26.3363 31.2907 4.85855e-07 0.00696033 0.0163544
26.3764 31.7409 4.85861e-07 0.00669695 0.0165082
26.4164 31.7409 4.8588e-07 0.00663813 0.0164484
26.4565 32.1912 4.85904e-07 0.00702698 0.0158313
26.4965 33.5418 4.85926e-07 0.00775443 0.0151193
26.5365 33.5418 4.85947e-07 0.00822956 0.015053
26.5766 33.5418 4.85956e-07 0.00834979 0.0145937
26.6166 33.5418 4.85955e-07 0.00845474 0.014234
26.6567 33.9921 4.85951e-07 0.00903561 0.0142852
26.6967 34.4423 4.85959e-07 0.00994152 0.01435
26.7367 34.4423 4.85974e-07 0.0105591 0.0143384
26.7768 33.9921 4.85998e-07 0.0105839 0.0143582
26.8168 33.0916 4.8602e-07 0.0103446 0.0149723
26.8569 33.5418 4.86034e-07 0.0105564 0.0149764
26.8969 35.3427 4.8604e-07 0.0112168 0.0145371
26.9369 35.3427 4.86039e-07 0.0118058 0.0148402
26.977 35.3427 4.86037e-07 0.0116832 0.0147744
27.017 35.3427 4.86039e-07 0.0111304 0.014809
27.0571 37.1436 4.8605e-07 0.0108425 0.0146805
27.0971 37.5939 4.86067e-07 0.0112204 0.0140796
27.1371 37.5939 4.86086e-07 0.0118035 0.0142226
27.1772 38.4943 4.86099e-07 0.0118221 0.0138553
27.2172 39.845 4.86106e-07 0.0112174 0.0129898
27.2573 39.845 4.86106e-07 0.0105796 0.0130155
27.2973 39.845 4.86106e-07 0.0106217 0.0127699
27.3373 39.845 4.86106e-07 0.0111018 0.0125641
27.3774 40.2952 4.86111e-07 0.0113238 0.0126208
27.4174 40.7455 4.8612e-07 0.01079 0.0130559
27.4575 40.7455 4.86132e-07 0.00993551 0.0135421
27.4975 41.1957 4.86145e-07 0.0095191 0.0133389
27.5375 42.9966 4.86153e-07 0.00972985 0.0126763
27.5776 43.897 4.8615e-07 0.0100344 0.012582
27.6176 43.897 4.86141e-07 0.00972403 0.0122226
27.6577 43.897 4.86136e-07 0.00892328 0.0123446
27.6977 44.7975 4.86139e-07 0.00826212 0.0122302
27.7377 46.1482 4.8615e-07 0.00830309 0.0114086
27.7778 46.1482 4.86159e-07 0.00874389 0.0113164
27.8178 46.5984 4.86162e-07 0.0089155 0.0111113
27.8579 47.0486 4.8616e-07 0.00853303 0.011113
27.8979 47.0486 4.86155e-07 0.00802771 0.0115301
27.9379 47.4988 4.86157e-07 0.00808091 0.0112762
27.978 47.4988 4.86159e-07 0.00870885 0.0109193
28.018 47.9491 4.86157e-07 0.00938265 0.0110459
28.0581 49.75 4.86155e-07 0.00949028 0.0109303
28.0981 50.2002 4.86158e-07 0.00917946 0.0111613
28.1381 51.1007 4.86165e-07 0.00903608 0.0109867
28.1782 52.0011 4.8617e-07 0.00945522 0.0103744
28.2182 52.4513 4.86166e-07 0.0101574 0.0104482
28.2583 52.4513 4.86161e-07 0.0104619 0.0104762
28.2983 52.4513 4.86158e-07 0.01015 0.0101503
28.3383 52.9016 4.86162e-07 0.00955388 0.00968746
28.3784 53.3518 4.86165e-07 0.00930826 0.00954841
28.4184 53.3518 4.86159e-07 0.00950276 0.0099343
28.4585 53.3518 4.86149e-07 0.00971006 0.0103589
28.4985 53.3518 4.8614e-07 0.00944913 0.0104342
28.5385 52.9016 4.86143e-07 0.00872283 0.0105334
28.5786 52.9016 4.8615e-07 0.00806849 0.010504
28.6186 53.3518 4.86151e-07 0.00785578 0.0105056
28.6587 53.3518 4.86141e-07 0.00803179 0.0109197
28.6987 53.3518 4.86127e-07 0.00810893 0.0109733
28.7387 53.3518 4.8612e-07 0.00783544 0.010681
28.7788 53.3518 4.86121e-07 0.0074104 0.0102961
28.8188 53.802 4.86123e-07 0.00725441 0.01001
28.8589 53.802 4.86122e-07 0.00757228 0.0102397
28.8989 54.2522 4.86117e-07 0.00806533 0.0103091
28.9389 54.2522 4.86112e-07 0.00837706 0.0100273
28.979 54.2522 4.8611e-07 0.00835935 0.00986401
29.019 53.3518 4.86109e-07 0.00829709 0.0102737
29.0591 53.802 4.86103e-07 0.00849077 0.0103393
29.0991 53.802 4.86095e-07 0.00893392 0.0101983
29.1391 53.802 4.8609e-07 0.00935716 0.0104671
29.1792 52.6764 4.8609e-07 0.0094378 0.0107966
29.2192 52.0011 4.86089e-07 0.00923086 0.0110342
29.2593 52.0011 4.86083e-07 0.00895903 0.0110787
29.2993 52.0011 4.86071e-07 0.00884774 0.0109488
29.3393 51.5509 4.86062e-07 0.00885322 0.0107548
29.3794 51.1007 4.8606e-07 0.00874087 0.0107491
29.4194 50.6504 4.86063e-07 0.0084109 0.0108926
29.4595 50.6504 4.86066e-07 0.00791113 0.0109482
29.4995 50.6504 4.8606e-07 0.00747478 0.0109135
29.5395 50.6504 4.86048e-07 0.00719328 0.010804
29.5796 50.6504 4.86034e-07 0.00701887 0.0105784
29.6196 50.6504 4.86027e-07 0.00684711 0.0103123
29.6597 50.6504 4.8603e-07 0.00662331 0.0103362
29.6997 51.1007 4.86037e-07 0.00645709 0.0102802
29.7397 52.0011 4.86043e-07 0.00640558 0.0100615
29.7798 52.0011 4.86044e-07 0.00650031 0.0103694
29.8198 51.5509 4.86039e-07 0.0066675 0.0105881
29.8599 51.5509 4.86032e-07 0.0068581 0.0107086
29.8999 51.1007 4.86026e-07 0.00710019 0.0108736
29.9399 51.5509 4.86023e-07 0.00738902 0.0110792
29.98 52.0011 4.86024e-07 0.00773236 0.0113634
30.02 52.0011 4.8603e-07 0.00804146 0.0115264
30.0601 51.5509 4.86037e-07 0.00829961 0.0114712
30.1001 51.5509 4.86046e-07 0.00854475 0.0112746
30.1401 51.1007 4.86051e-07 0.00881096 0.0111225
30.1802 51.1007 4.86052e-07 0.00910726 0.0110526
30.2202 51.5509 4.86046e-07 0.00930347 0.0109362
30.2603 52.4513 4.86043e-07 0.00934357 0.0107154
30.3003 52.0011 4.86043e-07 0.00925128 0.0103767
30.3403 52.0011 4.86049e-07 0.00915859 0.0101367
30.3804 51.5509 4.86057e-07 0.00919065 0.0101305
30.4204 51.1007 4.86064e-07 0.00926976 0.0103329
30.4605 50.6504 4.86071e-07 0.00926749 0.0105581
30.5005 51.1007 4.86077e-07 0.00906169 0.010613
30.5405 51.1007 4.86081e-07 0.00873767 0.0105806
30.5806 51.1007 4.86085e-07 0.00851582 0.0106865
30.6206 50.6504 4.86084e-07 0.00850525 0.0108884
30.6607 50.2002 4.86082e-07 0.00865224 0.0110585
30.7007 50.2002 4.86081e-07 0.00870653 0.0109943
30.7407 51.1007 4.86085e-07 0.00853255 0.0106385
30.7808 52.4513 4.86097e-07 0.00822252 0.0101843
30.8208 52.0011 4.8611e-07 0.00800221 0.0101929
30.8609 52.0011 4.86121e-07 0.00805486 0.0100572
30.9009 52.4513 4.8613e-07 0.00825438 0.00987816
30.9409 54.7025 4.86132e-07 0.00834053 0.00986885
30.981 54.2522 4.86134e-07 0.00811966 0.0100382
31.021 53.3518 4.86137e-07 0.00765507 0.0102047
31.0611 52.9016 4.86139e-07 0.00724538 0.0102492
31.1011 52.0011 4.86147e-07 0.00707399 0.0100429
31.1411 49.2997 4.86156e-07 0.00709158 0.0101742
31.1812 48.3993 4.86167e-07 0.00701708 0.010301
31.2212 48.3993 4.86172e-07 0.00661972 0.0101049
31.2613 52.0011 4.86176e-07 0.00597172 0.00991183
31.3013 52.0011 4.86177e-07 0.00533541 0.00985558
31.3413 51.5509 4.86177e-07 0.00497834 0.00952438
31.3814 51.1007 4.86176e-07 0.0048856 0.00915087
31.4214 51.1007 4.8618e-07 0.00479974 0.00916002
31.4615 52.0011 4.86178e-07 0.00450022 0.00901923
31.5015 52.9016 4.86181e-07 0.00398217 0.0089217
31.5415 52.9016 4.86184e-07 0.00351368 0.0090978
31.5816 52.9016 4.86191e-07 0.00334374 0.00894054
31.6216 52.4513 4.86197e-07 0.00348046 0.00894936
31.6617 51.5509 4.86204e-07 0.00369584 0.00923364
31.7017 52.9016 4.86208e-07 0.0037166 0.00912384
31.7417 53.802 4.86207e-07 0.00352689 0.0090706
31.7818 53.3518 4.86203e-07 0.00334355 0.00960932
31.8218 53.3518 4.86197e-07 0.00342154 0.0097775
31.8619 52.9016 4.86194e-07 0.00380548 0.00984544
31.9019 51.1007 4.86194e-07 0.00424715 0.0104197
31.9419 50.6504 4.86199e-07 0.00446579 0.0106606
31.982 52.4513 4.86204e-07 0.00436762 0.0104901
32.022 53.3518 4.86207e-07 0.00414978 0.0106572
32.0621 52.9016 4.86202e-07 0.00411971 0.0108886
32.1021 52.0011 4.86196e-07 0.00437711 0.0107872
32.1421 50.6504 4.86189e-07 0.00475721 0.0108859
32.1822 50.2002 4.86186e-07 0.0049417 0.0109947
32.2222 51.1007 4.86188e-07 0.00476324 0.0107231
32.2623 52.4513 4.86188e-07 0.00437187 0.0107733
32.3023 52.4513 4.86191e-07 0.00406777 0.0110591
32.3423 52.0011 4.8619e-07 0.00407379 0.0108787
32.3824 51.5509 4.86184e-07 0.00431269 0.0103516
32.4224 50.6504 4.86177e-07 0.00449326 0.0104911
32.4625 50.6504 4.86167e-07 0.00439866 0.0105466
32.5025 52.4513 4.86162e-07 0.0040481 0.010399
32.5425 52.9016 4.86161e-07 0.0037174 0.010585
32.5826 52.9016 4.86161e-07 0.00367145 0.0105579
32.6226 51.5509 4.86158e-07 0.0039297 0.0102913
32.6627 49.75 4.86153e-07 0.0042767 0.0105721
32.7027 49.2997 4.8614e-07 0.00442346 0.0106526
32.7427 42.9966 4.86126e-07 0.00429553 0.0102721
32.7828 54.2522 4.86116e-07 0.00408102 0.0096987
32.8228 54.7025 4.86113e-07 0.00404801 0.00972191
32.8629 55.1527 4.86115e-07 0.00433304 0.00956724
32.9029 57.4038 4.86113e-07 0.00478403 0.00954889
32.9429 57.854 4.86111e-07 0.00511699 0.0097244
32.983 43.897 4.86097e-07 0.00515752 0.00956129
33.023 45.2477 4.86083e-07 0.00496646 0.00925856
33.0631 45.2477 4.86069e-07 0.00481384 0.00948806
33.1031 45.6979 4.86059e-07 0.00491176 0.0094552
33.1431 46.5984 4.86053e-07 0.00524585 0.00907887
33.1832 47.9491 4.86052e-07 0.00560218 0.00891106
33.2232 48.3993 4.86051e-07 0.00572285 0.0090425
33.2633 48.3993 4.86046e-07 0.00556022 0.00886135
33.3033 47.9491 4.86037e-07 0.00529291 0.00878905
33.3433 47.9491 4.8602e-07 0.00516503 0.00889186
33.3834 49.2997 4.86006e-07 0.00531085 0.00869957
33.4234 49.75 4.85995e-07 0.00561294 0.00867965
33.4635 50.2002 4.85991e-07 0.0058386 0.00896103
33.5035 50.6504 4.85988e-07 0.00583515 0.00897949
33.5435 51.1007 4.85987e-07 0.00563362 0.00872085
33.5836 52.0011 4.85981e-07 0.00545136 0.00852113
33.6236 52.4513 4.85968e-07 0.00547748 0.00848241
33.6637 52.4513 4.85951e-07 0.00572712 0.0083571
33.7037 52.0011 4.85936e-07 0.00605145 0.00852202
33.7437 52.0011 4.85929e-07 0.00623511 0.00860646
33.7838 52.9016 4.85926e-07 0.00620435 0.00845448
33.8238 54.2522 4.85925e-07 0.00606358 0.00822013
33.8639 54.7025 4.85924e-07 0.00598795 0.00824258
33.9039 55.1527 4.8592e-07 0.00610745 0.00818776
33.9439 55.6029 4.85907e-07 0.00637154 0.00797939
33.984 55.6029 4.85897e-07 0.00661253 0.00786162
34.024 55.6029 4.85886e-07 0.0066944 0.0078244
34.0641 55.6029 4.85878e-07 0.00659094 0.00767937
34.1041 56.0531 4.85877e-07 0.0064291 0.00778033
34.1441 56.0531 4.85873e-07 0.00636098 0.00783878
34.1842 56.9536 4.85873e-07 0.00643376 0.00777867
34.2242 57.4038 4.85871e-07 0.00659212 0.0076908
34.2643 57.4038 4.85864e-07 0.00669959 0.00765794
34.3043 57.1787 4.85853e-07 0.00666757 0.00756397
34.3443 57.4038 4.85843e-07 0.00653263 0.00740154
34.3844 57.854 4.85838e-07 0.00639148 0.00725522
34.4244 58.3043 4.85835e-07 0.00634873 0.00724237
34.4645 59.2047 4.85836e-07 0.00642405 0.00721487
34.5045 59.6549 4.85837e-07 0.00653809 0.00720314
34.5445 60.5554 4.85836e-07 0.00661395 0.00716794
34.5846 61.0056 4.85828e-07 0.00660901 0.0070976
34.6246 61.4558 4.85817e-07 0.00655515 0.00703357
34.6647 61.4558 4.85809e-07 0.00653625 0.00692083
34.7047 61.0056 4.85805e-07 0.00658832 0.00683388
34.7447 60.5554 4.85806e-07 0.00670099 0.00688131
34.7848 61.0056 4.85808e-07 0.00682593 0.0068841
34.8248 61.4558 4.85812e-07 0.00690591 0.00690595
34.8649 61.9061 4.85812e-07 0.00694827 0.00694827
34.9049 61.9061 4.8581e-07 0.00697981 0.00697998
34.9449 61.4558 4.85803e-07 0.00702629 0.00702629
34.985 61.0056 4.85799e-07 0.00710206 0.00710226
35.025 60.5554 4.85799e-07 0.0071737 0.0071737
35.0651 61.0056 4.85798e-07 0.00721636 0.00721636
35.1051 61.4558 4.85798e-07 0.00724046 0.00724062
35.1451 61.9061 4.858e-07 0.00726022 0.00726033
35.1852 62.3563 4.85802e-07 0.00730309 0.00730312
35.2252 61.9061 4.85805e-07 0.00736297 0.00736308
35.2653 61.4558 4.85805e-07 0.00739786 0.00739816
35.3053 61.4558 4.85806e-07 0.00739117 0.00739117
35.3453 61.9061 4.85806e-07 0.0073452 0.0073452
35.3854 63.707 4.85804e-07 0.00730265 0.00734678
35.4254 64.1572 4.85805e-07 0.00732528 0.00736765
35.4655 64.1572 4.85804e-07 0.00741189 0.00741189
35.5055 63.707 4.85805e-07 0.00751627 0.00751646
35.5455 63.2568 4.85807e-07 0.00757445 0.00757473
35.5856 63.707 4.85809e-07 0.00753786 0.00753799
35.6256 65.5079 4.85813e-07 0.00744425 0.00744634
35.6657 65.0577 4.85819e-07 0.00738165 0.00750261
35.7057 65.0577 4.85822e-07 0.00741741 0.00751803
35.7457 64.6074 4.85825e-07 0.0075621 0.00756215
35.7858 64.1572 4.85827e-07 0.00772921 0.00772939
35.8258 63.2568 4.85828e-07 0.00780266 0.00780304
35.8659 63.2568 4.85827e-07 0.0077358 0.00773597
35.9059 64.6074 4.85824e-07 0.00756373 0.00756373
35.9459 65.0577 4.85825e-07 0.00740965 0.00756963
35.986 65.0577 4.85828e-07 0.0073923 0.00756861
36.026 65.0577 4.85832e-07 0.00751453 0.0075146
36.0661 64.1572 4.85838e-07 0.00768199 0.00768223
36.1061 63.707 4.85844e-07 0.00775252 0.00775262
36.1461 63.707 4.8585e-07 0.00763066 0.00763075
36.1862 67.3088 4.85854e-07 0.0073676 0.00736771
36.2262 66.8586 4.85855e-07 0.00711277 0.00754227
36.2663 66.8586 4.85859e-07 0.00701125 0.00759403
36.3063 66.8586 4.85858e-07 0.00711697 0.00744927
36.3463 66.4083 4.85858e-07 0.00732707 0.00744919
36.3864 65.5079 4.85857e-07 0.00746473 0.0076679
36.4264 69.1097 4.85861e-07 0.00741278 0.00767382
36.4665 69.5599 4.85866e-07 0.00718096 0.00751573
36.5065 68.6595 4.85874e-07 0.00692523 0.00763416
36.5465 68.2092 4.85883e-07 0.0068397 0.00775548
36.5866 68.2092 4.85891e-07 0.00700174 0.00764388
36.6266 69.5599 4.85895e-07 0.00733712 0.00744731
36.6667 69.3348 4.85895e-07 0.00765533 0.00765549
36.7067 69.1097 4.85891e-07 0.00776704 0.00776736
36.7467 69.1097 4.85888e-07 0.00764477 0.00764485
36.7868 68.6595 4.85891e-07 0.00742339 0.00764591
36.8268 67.759 4.85892e-07 0.00730734 0.00787059
36.8669 67.3088 4.85894e-07 0.00745072 0.0078576
36.9069 66.4083 4.85897e-07 0.00782138 0.00782141
36.9469 64.6074 4.85897e-07 0.00822345 0.00822365
36.987 63.707 4.85898e-07 0.00844016 0.00844066
37.027 63.2568 4.859e-07 0.0083575 0.00835782
37.0671 63.2568 4.85907e-07 0.00805302 0.00805316
37.1071 62.3563 4.85912e-07 0.0077537 0.00797729
37.1471 61.0056 4.85914e-07 0.00766464 0.00803544
37.1872 63.707 4.85911e-07 0.00784361 0.00791269
37.2272 62.8065 4.85902e-07 0.00816386 0.00816402
37.2673 62.3563 4.8589e-07 0.00838128 0.00838151
37.3073 62.3563 4.85882e-07 0.00831585 0.00831631
37.3473 61.9061 4.8588e-07 0.00796723 0.00796755
37.3874 60.5554 4.85884e-07 0.00750551 0.00774011
37.4274 59.6549 4.85895e-07 0.00718178 0.00793481
37.4675 59.2047 4.85904e-07 0.00715063 0.00785721
37.5075 60.5554 4.8591e-07 0.00736787 0.00753887
37.5475 73.1617 4.85909e-07 0.00763915 0.00766638
37.5876 71.811 4.85901e-07 0.00773669 0.00786808
37.6276 55.6029 4.85889e-07 0.00754905 0.00778733
37.6677 69.5599 4.85877e-07 0.007173 0.00758158
37.7077 69.1097 4.85869e-07 0.00683049 0.00784057
37.7477 68.6595 4.85865e-07 0.00672817 0.00793015
37.7878 68.2092 4.85865e-07 0.00693865 0.00773474
37.8278 55.1527 4.8587e-07 0.00733194 0.00755013
37.8679 63.707 4.85876e-07 0.0076705 0.00774687
37.9079 63.707 4.85877e-07 0.00777248 0.00777294
37.9479 65.9581 4.85874e-07 0.00760683 0.007607
37.988 68.6595 4.85865e-07 0.00732037 0.00757954
38.028 68.2092 4.85849e-07 0.00714992 0.00782838
38.0681 67.759 4.85834e-07 0.00724608 0.00781868
38.1081 65.5079 4.85823e-07 0.0075905 0.0076205
38.1481 63.707 4.85821e-07 0.00801298 0.00801317
38.1882 63.2568 4.85824e-07 0.00827761 0.00827793
38.2282 43.897 4.85828e-07 0.00824723 0.00824757
38.2683 44.3473 4.8583e-07 0.00796864 0.00796882
38.3083 45.6979 4.85827e-07 0.00761908 0.00772624
38.3483 46.1482 4.85814e-07 0.00741141 0.00782694
38.3884 42.9966 4.85801e-07 0.00746109 0.00773118
38.4284 43.897 4.85788e-07 0.007699 0.00769909
38.4685 43.4468 4.85782e-07 0.00793997 0.00793997
38.5085 43.4468 4.85782e-07 0.0079965 0.00799702
38.5485 43.4468 4.85781e-07 0.00778308 0.00778344
38.5886 43.897 4.8578e-07 0.00738276 0.00738276
38.6286 39.845 4.85768e-07 0.00699087 0.00757459
38.6687 39.3948 4.85748e-07 0.0067806 0.00767775
38.7087 39.3948 4.85729e-07 0.00681825 0.00755141
38.7487 39.845 4.85715e-07 0.00702361 0.0074945
38.7888 36.6934 4.85713e-07 0.00721461 0.00777661
38.8288 36.2432 4.85721e-07 0.00724161 0.00788405
38.8689 36.6934 4.85737e-07 0.00707126 0.00774886
38.9089 38.0441 4.85749e-07 0.00679463 0.00752249
38.9489 38.0441 4.85748e-07 0.00658343 0.00763435
38.989 38.4943 4.85739e-07 0.00657721 0.00767867
39.029 38.4943 4.8572e-07 0.00679121 0.00753558
39.0691 38.4943 4.85703e-07 0.00712628 0.00743289
39.1091 36.6934 4.85695e-07 0.00742455 0.00749557
39.1491 36.6934 4.85692e-07 0.007556 0.00755603
39.1892 37.5939 4.857e-07 0.00750913 0.00750931
39.2292 38.9445 4.85711e-07 0.00738358 0.0074262
39.2693 39.3948 4.85717e-07 0.00731394 0.0075909
39.3093 39.845 4.85718e-07 0.00740472 0.00763389
39.3493 40.7455 4.85718e-07 0.00765785 0.007658
39.3894 41.1957 4.85719e-07 0.00796675 0.00796695
39.4294 33.5418 4.85721e-07 0.00819646 0.00819686
39.4695 33.5418 4.85725e-07 0.00825525 0.00825557
39.5095 34.4423 4.85725e-07 0.00813361 0.00813408
39.5495 39.3948 4.85723e-07 0.00792337 0.00792337
39.5896 40.7455 4.85717e-07 0.00774719 0.00775675
39.6296 41.1957 4.85711e-07 0.00768068 0.00770359
39.6697 41.6459 4.85709e-07 0.00772693 0.00772717
39.7097 42.0961 4.85712e-07 0.00781192 0.00781196
39.7497 42.0961 4.85721e-07 0.00782804 0.00782842
39.7898 41.1957 4.85733e-07 0.00771213 0.00771228
39.8298 40.2952 4.85741e-07 0.00747375 0.00747395
39.8699 40.7455 4.85745e-07 0.00718116 0.00720143
39.9099 40.2952 4.8574e-07 0.00692985 0.00725101
39.9499 40.2952 4.85727e-07 0.00678471 0.00725004
39.99 40.2952 4.85713e-07 0.00674322 0.00721828
40.03 39.845 4.857e-07 0.00675118 0.00734627
40.0701 38.4943 4.85692e-07 0.00674208 0.00748239
40.1101 38.0441 4.85688e-07 0.00666889 0.00752765
40.1502 38.4943 4.85686e-07 0.00653869 0.00748062
40.1902 38.9445 4.85683e-07 0.00640658 0.00738972
40.2302 39.3948 4.85675e-07 0.00633001 0.0073364
40.2703 39.845 4.8566e-07 0.00634248 0.00732154
40.3103 40.2952 4.85642e-07 0.00643981 0.00731504
40.3504 40.7455 4.85619e-07 0.00657569 0.0073074
40.3904 41.6459 4.85599e-07 0.00669768 0.00725859
40.4304 42.5464 4.8558e-07 0.00678216 0.00714251
40.4705 45.2477 4.85564e-07 0.00683202 0.00697892
40.5105 46.1482 4.85549e-07 0.00687581 0.00693785
40.5506 46.1482 4.85529e-07 0.00695137 0.00699337
40.5906 45.6979 4.855e-07 0.00706782 0.00706789
40.6306 45.2477 4.85467e-07 0.00720523 0.00720547
40.6707 44.7975 4.85427e-07 0.00733647 0.00733647
40.7107 44.7975 4.85384e-07 0.00742842 0.00742872
40.7508 45.2477 4.85342e-07 0.00746753 0.00746768
40.7908 45.6979 4.85303e-07 0.0074728 0.00747298
40.8308 46.1482 4.85265e-07 0.00746766 0.00746766
40.8709 45.6979 4.85228e-07 0.00746499 0.00746523
40.9109 45.2477 4.85187e-07 0.00746874 0.00746887
40.951 44.7975 4.85142e-07 0.00745875 0.00745886
40.991 44.3473 4.85092e-07 0.00740863 0.00740878
41.031 44.3473 4.85038e-07 0.00731145 0.00731145
41.0711 44.3473 4.84984e-07 0.00718183 0.00718207
41.1111 44.7975 4.84934e-07 0.00704482 0.00704508
41.1512 44.7975 4.84886e-07 0.0069299 0.00693919
41.1912 44.3473 4.84839e-07 0.00685127 0.00685778
41.2312 43.4468 4.84791e-07 0.00679265 0.00679265
41.2713 42.5464 4.84741e-07 0.00672488 0.00687918
41.3113 41.6459 4.84688e-07 0.00662972 0.00696248
41.3514 41.1957 4.84633e-07 0.00649994 0.00699846
41.3914 40.7455 4.84576e-07 0.0063606 0.00700768
41.4314 40.2952 4.84522e-07 0.00625712 0.00701366
41.4715 40.2952 4.8447e-07 0.00621938 0.00701417
41.5115 39.845 4.8442e-07 0.00625381 0.00702675
41.5516 39.845 4.84371e-07 0.0063384 0.0070735
41.5916 40.2952 4.84325e-07 0.00642497 0.00710076
41.6316 40.7455 4.8428e-07 0.00647185 0.00706339
41.6717 41.6459 4.84242e-07 0.00647126 0.00695317
41.7117 42.0961 4.84209e-07 0.00644777 0.00683316
41.7518 42.0961 4.84181e-07 0.00644712 0.0068289
41.7918 42.5464 4.84156e-07 0.0065161 0.00682996
41.8318 44.7975 4.84132e-07 0.00666884 0.00677898
41.8719 45.6979 4.84104e-07 0.00687182 0.00687187
41.9119 45.2477 4.84071e-07 0.00706666 0.00706669
41.952 45.2477 4.84038e-07 0.00719612 0.00719637
41.992 45.2477 4.84007e-07 0.00722557 0.0072257
42.032 45.2477 4.83983e-07 0.00717292 0.007173
42.0721 45.6979 4.83969e-07 0.00709815 0.00709815
42.1121 46.5984 4.83964e-07 0.00706137 0.00706864
42.1522 47.0486 4.83965e-07 0.00710088 0.00710091
42.1922 46.5984 4.83966e-07 0.00720936 0.00720945
42.2322 46.5984 4.83963e-07 0.00732914 0.00732922
42.2723 46.1482 4.83957e-07 0.00738474 0.00738485
42.3123 46.1482 4.83952e-07 0.007327 0.00732701
42.3524 46.1482 4.83948e-07 0.00715341 0.00715345
42.3924 46.5984 4.83947e-07 0.00690957 0.00690962
42.4324 48.3993 4.83949e-07 0.00667822 0.00676862
42.4725 48.8495 4.83949e-07 0.00653031 0.00674363
42.5125 48.8495 4.83948e-07 0.00648592 0.00663916
42.5526 48.3993 4.83938e-07 0.0065152 0.00651522
42.5926 47.0486 4.83927e-07 0.0065493 0.00658928
42.6326 46.1482 4.83915e-07 0.00651081 0.00673847
42.6727 45.2477 4.83911e-07 0.00636447 0.00676988
42.7127 43.897 4.83911e-07 0.00613575 0.0067031
42.7528 42.9966 4.83916e-07 0.00589311 0.00666294
42.7928 42.5464 4.83917e-07 0.00571968 0.00671417
42.8328 42.5464 4.83909e-07 0.00567459 0.00671047
42.8729 42.9966 4.83885e-07 0.00575848 0.00670474
42.9129 42.9966 4.83846e-07 0.00591069 0.00686288
42.953 43.897 4.83804e-07 0.00604948 0.00698377
42.993 44.3473 4.83766e-07 0.00610489 0.00698105
43.033 44.7975 4.83738e-07 0.00605184 0.00683865
43.0731 45.2477 4.8372e-07 0.00593341 0.00660893
43.1131 49.2997 4.8371e-07 0.00583165 0.00651889
43.1532 49.75 4.83695e-07 0.00582359 0.00655604
43.1932 49.75 4.83666e-07 0.00594807 0.00649107
43.2332 49.2997 4.83622e-07 0.00618358 0.00632459
43.2733 48.3993 4.83565e-07 0.0064519 0.00645198
43.3133 47.9491 4.83507e-07 0.00665637 0.00665677
43.3534 47.9491 4.83456e-07 0.00673596 0.00673613
43.3934 48.3993 4.83422e-07 0.00668387 0.00668415
43.4334 49.75 4.834e-07 0.00655265 0.00655265
43.4735 50.2002 4.83385e-07 0.00643499 0.00654935
43.5135 50.2002 4.83365e-07 0.00641141 0.00660032
43.5536 50.2002 4.83329e-07 0.00650952 0.00657781
43.5936 49.2997 4.83278e-07 0.00669519 0.00669528
43.6336 48.3993 4.83218e-07 0.00688712 0.00688736
43.6737 47.9491 4.83163e-07 0.00699106 0.00699123
43.7137 47.9491 4.83121e-07 0.00694722 0.00694741
43.7538 48.3993 4.831e-07 0.00676597 0.00676619
43.7938 50.6504 4.83096e-07 0.00651274 0.00651276
43.8338 51.5509 4.83097e-07 0.00628068 0.00648432
43.8739 51.5509 4.83091e-07 0.00615366 0.00650709
43.9139 51.5509 4.83071e-07 0.00616067 0.00641021
43.954 51.1007 4.83034e-07 0.00626221 0.00626236
43.994 48.8495 4.82991e-07 0.00637602 0.00637602
44.034 47.9491 4.82952e-07 0.00641588 0.00641632
44.0741 47.9491 4.82925e-07 0.00632862 0.00636134
44.1141 48.3993 4.82917e-07 0.00612215 0.00627714
44.1542 53.3518 4.82918e-07 0.00586798 0.00625822
44.1942 52.9016 4.82917e-07 0.00565828 0.0063952
44.2342 52.4513 4.82905e-07 0.00556767 0.00643377
44.2743 52.0011 4.82878e-07 0.00562163 0.00634925
44.3143 46.5984 4.82839e-07 0.00578248 0.00626964
44.3544 46.5984 4.82795e-07 0.00596406 0.00641769
44.3944 46.5984 4.82762e-07 0.00607887 0.0065047
44.4344 47.0486 4.82743e-07 0.00607744 0.00645291
44.4745 47.4988 4.82734e-07 0.00596457 0.0062765
44.5145 52.0011 4.82727e-07 0.00580205 0.00613913
44.5546 52.0011 4.82708e-07 0.0056813 0.00626788
44.5946 51.5509 4.82665e-07 0.0056737 0.00630814
44.6346 51.1007 4.82601e-07 0.00580092 0.00622017
44.6747 50.6504 4.82521e-07 0.00602521 0.00604562
44.7147 48.8495 4.82443e-07 0.00626672 0.00626679
44.7548 48.8495 4.82379e-07 0.00643355 0.00643395
44.7948 48.8495 4.82337e-07 0.00646921 0.00646921
44.8348 49.75 4.82311e-07 0.00637778 0.00637815
44.8749 51.5509 4.82288e-07 0.00621446 0.00621446
44.9149 52.0011 4.82254e-07 0.00606393 0.00622276
44.955 52.4513 4.82193e-07 0.00600398 0.00627381
44.995 52.0011 4.82105e-07 0.00606725 0.00622762
45.035 51.5509 4.82e-07 0.00622428 0.00622445
45.0751 50.2002 4.81893e-07 0.00640243 0.00640265
45.1151 49.75 4.818e-07 0.00651892 0.00651899
45.1552 49.75 4.81733e-07 0.00650982 0.00650994
45.1952 51.1007 4.81685e-07 0.00636635 0.00636644
45.2352 53.3518 4.81648e-07 0.00613683 0.00613683
45.2753 53.802 4.81607e-07 0.0059036 0.00606373
45.3153 53.802 4.81552e-07 0.00574311 0.00612908
45.3554 54.2522 4.81476e-07 0.00570163 0.0060857
45.3954 55.1527 4.81387e-07 0.0057711 0.00593763
45.4354 56.9536 4.81299e-07 0.00588998 0.00589014
45.4755 57.4038 4.81224e-07 0.00597975 0.00597999
45.5155 57.4038 4.81169e-07 0.00597635 0.0060594
45.5556 56.9536 4.81135e-07 0.00585793 0.00602318
45.5956 56.5034 4.81114e-07 0.0056523 0.00590041
45.6356 56.0531 4.81092e-07 0.00543073 0.00590538
45.6757 55.1527 4.81062e-07 0.00527208 0.00600574
45.7157 55.6029 4.81017e-07 0.00522628 0.00600939
45.7558 56.5034 4.80966e-07 0.00529931 0.0059145
45.7958 57.854 4.80916e-07 0.00544885 0.00592667
45.8358 58.3043 4.80875e-07 0.0056024 0.00607549
45.8759 57.854 4.8085e-07 0.00568786 0.00614594
45.9159 57.4038 4.80839e-07 0.00567039 0.0060959
45.956 55.6029 4.80838e-07 0.00556181 0.00593795
45.996 55.6029 4.80838e-07 0.00541236 0.00575291
46.036 54.7025 4.80831e-07 0.00529505 0.005846
46.0761 54.7025 4.80819e-07 0.00526968 0.00588797
46.1161 54.7025 4.80801e-07 0.00535732 0.00582264
46.1562 56.5034 4.80783e-07 0.0055292 0.00567177
46.1962 57.854 4.8077e-07 0.00572564 0.00572583
46.2362 51.5509 4.80762e-07 0.00587657 0.00587667
46.2763 51.5509 4.80761e-07 0.00592813 0.00592834
46.3163 52.9016 4.80763e-07 0.00587209 0.00587209
46.3564 54.7025 4.80763e-07 0.00574424 0.00574439
46.3964 54.7025 4.80758e-07 0.00560827 0.00574406
46.4364 54.7025 4.80752e-07 0.00552665 0.00582945
46.4765 54.7025 4.80744e-07 0.00554076 0.00582603
46.5165 55.6029 4.80735e-07 0.00564826 0.00574306
46.5566 55.6029 4.80731e-07 0.00580437 0.00580447
46.5966 53.3518 4.8073e-07 0.00594428 0.00594444
46.6366 52.4513 4.80731e-07 0.00601006 0.00601023
46.6767 54.0271 4.80728e-07 0.00597291 0.00597304
46.7167 56.0531 4.80723e-07 0.0058419 0.00584216
46.7568 56.5034 4.80715e-07 0.00566789 0.00567305
46.7968 56.0531 4.80703e-07 0.0055155 0.00575057
46.8368 56.0531 4.80692e-07 0.00543675 0.00579293
46.8769 56.9536 4.80682e-07 0.00545275 0.00574338
46.9169 58.7545 4.80676e-07 0.00554713 0.00562283
46.957 59.2047 4.80672e-07 0.00566987 0.00566987
46.997 59.6549 4.80669e-07 0.0057584 0.00575855
47.037 59.6549 4.80662e-07 0.00576958 0.00576978
47.0771 59.6549 4.80652e-07 0.00569042 0.00569055
47.1171 59.6549 4.80637e-07 0.00554565 0.00554565
47.1572 58.3043 4.8062e-07 0.00538537 0.00559702
47.1972 56.9536 4.80603e-07 0.00527013 0.00568757
47.2372 57.4038 4.80586e-07 0.0052385 0.00569799
47.2773 58.7545 4.80572e-07 0.00529587 0.00562019
47.3173 61.0056 4.80557e-07 0.00541397 0.00548315
47.3574 61.0056 4.8054e-07 0.00554302 0.00554304
47.3974 61.0056 4.80519e-07 0.00562766 0.00562779
47.4374 61.0056 4.80493e-07 0.00563241 0.00563254
47.4775 61.4558 4.80465e-07 0.00555802 0.00555812
47.5175 64.1572 4.80435e-07 0.00543468 0.00543483
47.5576 64.6074 4.80404e-07 0.00531187 0.00552136
47.5976 64.6074 4.80373e-07 0.005238 0.00558572
47.6376 64.1572 4.8034e-07 0.00524431 0.00557204
47.6777 59.2047 4.80305e-07 0.00532641 0.00548481
47.7177 61.4558 4.80265e-07 0.00544974 0.00544974
47.7578 61.0056 4.8022e-07 0.00556637 0.00556653
47.7978 60.5554 4.8017e-07 0.00563061 0.00563095
47.8378 60.5554 4.80118e-07 0.00561557 0.00561573
47.8779 60.5554 4.80068e-07 0.00552585 0.00552587
47.9179 64.1572 4.80016e-07 0.00539711 0.00539711
47.958 64.6074 4.79966e-07 0.00527553 0.0054415
47.998 57.4038 4.79916e-07 0.00520303 0.00548619
48.038 58.3043 4.79859e-07 0.00520231 0.00546168
48.0781 60.5554 4.79799e-07 0.00526815 0.00537591
48.1181 61.4558 4.79737e-07 0.00536659 0.00536676
48.1582 61.0056 4.79673e-07 0.00545165 0.00545171
48.1982 61.0056 4.79609e-07 0.00548502 0.00548513
48.2382 61.4558 4.79549e-07 0.00544832 0.00544845
48.2783 61.4558 4.79491e-07 0.00534838 0.00534841
48.3183 61.9061 4.79436e-07 0.00521684 0.00526226
48.3584 60.1052 4.79378e-07 0.00509942 0.00535072
48.3984 59.6549 4.79318e-07 0.00503326 0.0053919
48.4384 60.1052 4.79252e-07 0.00503495 0.00536482
48.4785 61.4558 4.79183e-07 0.00509698 0.00527815
48.5185 61.9061 4.79114e-07 0.00519073 0.00519765
48.5586 61.9061 4.79048e-07 0.00527352 0.0052736
48.5986 61.9061 4.7899e-07 0.00531013 0.0053104
48.6386 61.9061 4.7894e-07 0.00528446 0.00528446
48.6787 62.3563 4.78891e-07 0.00520557 0.00520557
48.7187 62.8065 4.78843e-07 0.0051002 0.00517261
48.7588 61.2307 4.7879e-07 0.00500716 0.00525274
48.7988 60.5554 4.78728e-07 0.00496084 0.00528747
48.8388 61.0056 4.78658e-07 0.0049773 0.00526148
48.8789 62.3563 4.78583e-07 0.00504751 0.00518128
48.9189 62.8065 4.78513e-07 0.00514412 0.00514423
48.959 62.3563 4.78447e-07 0.00523227 0.00523231
48.999 62.8065 4.78391e-07 0.00527767 0.00527785
49.039 62.8065 4.78341e-07 0.00526349 0.00526371
49.0791 64.1572 4.78292e-07 0.0051958 0.00519586
49.1191 66.8586 4.78237e-07 0.00510066 0.00510077
49.1592 67.3088 4.78171e-07 0.00501069 0.00514459
49.1992 67.3088 4.78095e-07 0.00495659 0.00517968
49.2392 67.759 4.78011e-07 0.004956 0.00516227
49.2793 67.759 4.77926e-07 0.00500495 0.00509776
49.3193 66.8586 4.77847e-07 0.0050793 0.0050793
49.3594 65.0577 4.77777e-07 0.00514695 0.00514702
49.3994 64.6074 4.7772e-07 0.00517935 0.00517935
49.4394 65.5079 4.77667e-07 0.00515959 0.00515966
49.4795 66.8586 4.77608e-07 0.00508814 0.00508828
49.5195 68.2092 4.77543e-07 0.00498652 0.00498652
49.5596 67.759 4.77468e-07 0.00488609 0.00504982
49.5996 67.759 4.77381e-07 0.00481589 0.00509677
49.6396 67.759 4.7729e-07 0.00479227 0.00509537
49.6797 67.3088 4.77207e-07 0.00481801 0.00504982
49.7197 66.4083 4.77136e-07 0.0048767 0.0050035
49.7598 65.0577 4.77079e-07 0.00493934 0.00507686
49.7998 64.6074 4.77037e-07 0.00497806 0.00513113
49.8398 64.6074 4.76999e-07 0.00497588 0.00513951
49.8799 65.0577 4.76959e-07 0.00493125 0.00509905
49.9199 66.4083 4.76911e-07 0.00485676 0.00502791
49.96 66.8586 4.76852e-07 0.00477823 0.00501501
50 66.8586 4.76786e-07 0.00472425 0.00506028
