#S 1 scored data
#N 5
#L  distance  fwhm  total_intensity  on_axis_intensity  peak_intensity
10 91.621 2.48026e-07 0.00201693 0.00285595
10.04 97.2488 2.4759e-07 0.00239527 0.00262655
10.0801 98.8246 2.47223e-07 0.00224708 0.00266228
10.1201 109.18 2.46846e-07 0.00176363 0.00250193
10.1602 93.4219 2.46544e-07 0.00275823 0.00288587
10.2002 104.227 2.46114e-07 0.00163009 0.00255388
10.2402 96.5735 2.45827e-07 0.0026102 0.00263743
10.2803 118.635 2.45511e-07 0.00198699 0.0024149
10.3203 102.877 2.45178e-07 0.00196745 0.00271976
10.3604 106.929 2.44888e-07 0.002626 0.00262989
10.4004 92.0712 2.44597e-07 0.00198038 0.00262761
10.4404 110.08 2.44318e-07 0.00229326 0.00234683
10.4805 101.526 2.4404e-07 0.00259827 0.00259888
10.5205 98.8246 2.43843e-07 0.00175046 0.00271948
10.5606 95.2228 2.43635e-07 0.00238728 0.00273399
10.6006 108.279 2.43406e-07 0.00208287 0.00238097
10.6406 104.227 2.43272e-07 0.00202241 0.00264329
10.6807 96.1233 2.43118e-07 0.00294548 0.00294664
10.7207 97.9242 2.42957e-07 0.00197916 0.00270046
10.7608 111.431 2.42858e-07 0.0022337 0.0024073
10.8008 95.2228 2.42773e-07 0.00240172 0.00285619
10.8408 99.7251 2.42653e-07 0.00168475 0.00286756
10.8809 96.1233 2.42595e-07 0.0026217 0.0026507
10.9209 97.4739 2.42528e-07 0.00250687 0.00261628
10.961 98.8246 2.4248e-07 0.00211946 0.00272066
11.001 90.7205 2.42472e-07 0.00275764 0.0029194
11.041 87.569 2.42402e-07 0.00172569 0.00275417
11.0811 105.578 2.42372e-07 0.00203021 0.00256285
11.1211 97.4739 2.42388e-07 0.00277128 0.00279814
11.1612 93.8721 2.42356e-07 0.00228099 0.00301471
11.2012 94.3223 2.42332e-07 0.00255716 0.00255738
11.2412 96.1233 2.42318e-07 0.00236159 0.00292382
11.2813 100.626 2.42339e-07 0.00152559 0.00296535
11.3213 96.5735 2.42325e-07 0.00272927 0.00283932
11.3614 98.3744 2.42226e-07 0.00266881 0.00275424
11.4014 94.3223 2.42278e-07 0.00222942 0.00283357
11.4414 85.7681 2.42199e-07 0.00279413 0.00307185
11.4815 88.4694 2.42161e-07 0.00161982 0.00295658
11.5215 89.595 2.42128e-07 0.00232896 0.002777
11.5616 98.3744 2.42044e-07 0.00281662 0.00282531
11.6016 94.3223 2.42048e-07 0.00242162 0.00306614
11.6416 101.976 2.4187e-07 0.00231979 0.00249148
11.6817 97.4739 2.41773e-07 0.00224074 0.00291444
11.7217 88.9196 2.4166e-07 0.00206913 0.00305249
11.7618 91.621 2.41595e-07 0.00254477 0.002887
11.8018 87.1187 2.41433e-07 0.00308986 0.00316824
11.8418 95.2228 2.41341e-07 0.0017983 0.00273929
11.8819 85.3178 2.41383e-07 0.00244821 0.00312177
11.9219 100.175 2.41163e-07 0.00250722 0.00266861
11.962 95.673 2.41028e-07 0.00216174 0.00301005
12.002 87.1187 2.40969e-07 0.00328293 0.00335207
12.042 89.3699 2.40727e-07 0.00193815 0.002781
12.0821 89.8201 2.40541e-07 0.00205882 0.00284671
12.1221 85.3178 2.40447e-07 0.00294337 0.00294466
12.1622 95.673 2.40287e-07 0.00231871 0.00304105
12.2022 91.621 2.40105e-07 0.0027023 0.00285598
12.2422 98.3744 2.40068e-07 0.00228564 0.00282002
12.2823 89.8201 2.39929e-07 0.00205667 0.00278117
12.3223 92.0712 2.39907e-07 0.00281897 0.00282044
12.3624 87.569 2.39873e-07 0.00267788 0.00289853
12.4024 83.0667 2.39804e-07 0.00232164 0.00287593
12.4424 86.6685 2.3966e-07 0.00224492 0.00272436
12.4825 93.8721 2.39703e-07 0.0024854 0.00269356
12.5225 88.9196 2.39646e-07 0.00272587 0.00296057
12.5626 87.569 2.39565e-07 0.00248378 0.0026491
12.6026 94.3223 2.39578e-07 0.00241058 0.00275919
12.6426 89.3699 2.39569e-07 0.0024192 0.00283322
12.6827 92.9717 2.3955e-07 0.0025159 0.00285782
12.7227 88.9196 2.39556e-07 0.0027147 0.00271527
12.7628 83.5169 2.39552e-07 0.00238771 0.00277407
12.8028 93.8721 2.39601e-07 0.0024089 0.00275023
12.8428 89.3699 2.3961e-07 0.00277184 0.0027726
12.8829 96.1233 2.39611e-07 0.0024914 0.00271015
12.9229 88.0192 2.39637e-07 0.00238539 0.00272937
12.963 89.8201 2.39678e-07 0.00263808 0.00273186
13.003 90.2703 2.39711e-07 0.00257513 0.00265522
13.043 88.0192 2.397e-07 0.00257448 0.00267674
13.0831 89.3699 2.39734e-07 0.00264669 0.00269995
13.1231 90.7205 2.39808e-07 0.00249052 0.00262387
13.1632 86.6685 2.39794e-07 0.0025017 0.0027022
13.2032 84.4174 2.39832e-07 0.00266127 0.00269439
13.2432 84.8676 2.39884e-07 0.0026494 0.00264947
13.2833 87.1187 2.39924e-07 0.00259449 0.00271189
13.3233 83.9671 2.39984e-07 0.00260659 0.00272285
13.3634 88.4694 2.39976e-07 0.00261442 0.0026803
13.4034 81.2658 2.40036e-07 0.00259505 0.00279793
13.4434 83.9671 2.40077e-07 0.00262776 0.0027513
13.4835 82.6165 2.40103e-07 0.00265384 0.00281416
13.5235 88.4694 2.40134e-07 0.00263991 0.00272097
13.5636 78.1142 2.40081e-07 0.00273549 0.00286711
13.6036 83.0667 2.40132e-07 0.0027297 0.00283416
13.6436 88.4694 2.40128e-07 0.00246872 0.00282334
13.6837 85.3178 2.40136e-07 0.0026134 0.00288973
13.7237 78.1142 2.40085e-07 0.00297454 0.00297522
13.7638 88.4694 2.40089e-07 0.00260035 0.00285332
13.8038 80.3653 2.40081e-07 0.0024668 0.0029188
13.8438 77.664 2.40044e-07 0.00305417 0.00305501
13.8839 83.0667 2.40089e-07 0.00279907 0.00280304
13.9239 80.3653 2.40007e-07 0.00225389 0.00309269
13.964 78.1142 2.40015e-07 0.00286276 0.00286311
14.004 82.6165 2.4e-07 0.00314142 0.00314233
14.044 79.9151 2.39954e-07 0.00239897 0.00306897
14.0841 85.3178 2.39989e-07 0.00265242 0.00293562
14.1241 69.5599 2.39885e-07 0.00326677 0.00326786
14.1642 79.0147 2.39862e-07 0.00257346 0.00302033
14.2042 72.2613 2.3986e-07 0.00240314 0.00311442
14.2442 76.7635 2.39834e-07 0.00315095 0.00317137
14.2843 74.9626 2.39781e-07 0.00289206 0.00315246
14.3243 71.811 2.39769e-07 0.00246908 0.00315715
14.3644 77.2138 2.39731e-07 0.00302282 0.003225
14.4044 74.9626 2.39745e-07 0.00309484 0.00316555
14.4444 74.5124 2.3977e-07 0.00251327 0.0031076
14.4845 77.2138 2.39678e-07 0.0027644 0.00342299
14.5245 74.9626 2.39693e-07 0.00312451 0.00316179
14.5646 74.9626 2.39705e-07 0.00268718 0.00326533
14.6046 77.2138 2.39664e-07 0.00275462 0.00334831
14.6446 76.7635 2.39672e-07 0.00320706 0.0032076
14.6847 75.1877 2.39617e-07 0.00284888 0.00340456
14.7247 72.7115 2.39608e-07 0.00268679 0.00318416
14.7648 77.2138 2.39649e-07 0.00309125 0.00333506
14.8048 75.4129 2.3964e-07 0.00291018 0.00348879
14.8448 72.2613 2.39606e-07 0.00265385 0.00318716
14.8849 72.7115 2.39619e-07 0.00309012 0.00355009
14.9249 75.4129 2.3963e-07 0.0031706 0.00332801
14.965 70.9106 2.39615e-07 0.0026741 0.0032871
15.005 72.7115 2.39618e-07 0.00301151 0.00360735
15.045 69.5599 2.39588e-07 0.00333869 0.00334215
15.0851 75.4129 2.39568e-07 0.00260197 0.00342243
15.1251 73.1617 2.39613e-07 0.00278308 0.00351118
15.1652 69.1097 2.39599e-07 0.00349435 0.00352006
15.2052 75.8631 2.39593e-07 0.00277975 0.00343171
15.2452 73.1617 2.39601e-07 0.00266844 0.00338352
15.2853 64.6074 2.39567e-07 0.00363948 0.00364037
15.3253 76.3133 2.39624e-07 0.0030437 0.00332987
15.3654 66.4083 2.39602e-07 0.00245328 0.00354466
15.4054 73.1617 2.39587e-07 0.00347429 0.00347494
15.4454 76.3133 2.39576e-07 0.00327577 0.00328221
15.4855 62.3563 2.3959e-07 0.00235882 0.0036624
15.5255 73.612 2.39632e-07 0.00330769 0.00330811
15.5656 63.2568 2.39606e-07 0.00365381 0.00365468
15.6056 70.0101 2.39612e-07 0.00253076 0.00360603
15.6456 73.612 2.39604e-07 0.00306549 0.00329908
15.6857 66.8586 2.39643e-07 0.00376199 0.00376293
15.7257 70.4604 2.39651e-07 0.00275898 0.00342486
15.7658 65.5079 2.39637e-07 0.00277487 0.00355434
15.8058 72.2613 2.39641e-07 0.00356637 0.0035671
15.8458 63.707 2.39653e-07 0.00310771 0.00361542
15.8859 69.5599 2.39702e-07 0.00284101 0.00361154
15.9259 72.7115 2.39699e-07 0.00334076 0.003341
15.966 62.3563 2.39699e-07 0.00344903 0.00375075
16.006 70.4604 2.39699e-07 0.00312536 0.00345699
16.046 67.3088 2.39736e-07 0.0029616 0.00350561
16.0861 66.8586 2.3975e-07 0.00340769 0.00375724
16.1261 70.0101 2.39775e-07 0.00341273 0.00341914
16.1662 63.707 2.39765e-07 0.00274813 0.00367859
16.2062 67.3088 2.39767e-07 0.00320773 0.00343217
16.2462 60.1052 2.39812e-07 0.0037503 0.00375118
16.2863 64.6074 2.39848e-07 0.00299059 0.00353153
16.3263 66.4083 2.39844e-07 0.00303206 0.00355997
16.3664 61.0056 2.3985e-07 0.00378387 0.00378446
16.4064 64.6074 2.39861e-07 0.0033486 0.00339063
16.4464 60.5554 2.39867e-07 0.00288902 0.00370716
16.4865 68.2092 2.39926e-07 0.00340222 0.00340246
16.5265 62.8065 2.3993e-07 0.00359161 0.00374375
16.5666 70.4604 2.39924e-07 0.00305077 0.00358033
16.6066 61.4558 2.39935e-07 0.003096 0.00360495
16.6466 67.3088 2.39961e-07 0.00372493 0.00372541
16.6867 65.0577 2.3998e-07 0.00351036 0.00351056
16.7267 59.2047 2.39999e-07 0.00308043 0.00373796
16.7668 67.759 2.39994e-07 0.00349232 0.00349265
16.8068 61.4558 2.39992e-07 0.00371372 0.00375922
16.8468 64.6074 2.4e-07 0.00327871 0.0036035
16.8869 61.0056 2.40037e-07 0.00310236 0.00370398
16.9269 61.9061 2.40047e-07 0.00358562 0.00377956
16.967 64.1572 2.40041e-07 0.00365799 0.00365836
17.007 65.0577 2.40041e-07 0.00306306 0.00378371
17.047 67.759 2.40037e-07 0.00344051 0.00352657
17.0871 56.5034 2.40049e-07 0.0039448 0.00394547
17.1271 65.0577 2.40069e-07 0.00337993 0.00367898
17.1672 59.2047 2.40065e-07 0.00337707 0.00380849
17.2072 61.9061 2.40055e-07 0.00367985 0.00368005
17.2472 62.3563 2.40054e-07 0.00364721 0.00384815
17.2873 59.6549 2.40055e-07 0.00346398 0.00387728
17.3273 61.4558 2.40059e-07 0.00319977 0.00380521
17.3674 62.8065 2.40069e-07 0.00379707 0.0037975
17.4074 64.6074 2.4006e-07 0.00372456 0.00372485
17.4474 58.3043 2.40046e-07 0.00315617 0.00397515
17.4875 56.0531 2.40043e-07 0.0038594 0.00385986
17.5275 56.9536 2.40044e-07 0.00380315 0.00389543
17.5676 59.2047 2.40034e-07 0.00360996 0.00374392
17.6076 60.5554 2.40047e-07 0.00369572 0.00394101
17.6476 56.0531 2.40031e-07 0.00351587 0.00399286
17.6877 58.3043 2.40018e-07 0.00404485 0.00404553
17.7277 60.5554 2.4001e-07 0.00342956 0.00384785
17.7678 58.7545 2.40004e-07 0.00339947 0.00388362
17.8078 56.5034 2.40001e-07 0.00408089 0.00408165
17.8478 57.4038 2.40011e-07 0.00346065 0.00412952
17.8879 59.2047 2.39987e-07 0.00381855 0.00405725
17.9279 61.4558 2.39979e-07 0.00373949 0.00383733
17.968 58.7545 2.39968e-07 0.00382989 0.00397605
18.008 56.0531 2.39956e-07 0.00416688 0.00416763
18.048 53.3518 2.39967e-07 0.00340658 0.00424831
18.0881 54.7025 2.3996e-07 0.0041244 0.00412508
18.1281 56.9536 2.39948e-07 0.00384852 0.0039943
18.1682 58.7545 2.39938e-07 0.00363987 0.00399506
18.2082 52.9016 2.39919e-07 0.00401021 0.00425499
18.2482 51.5509 2.39927e-07 0.0034928 0.004329
18.2883 53.802 2.39945e-07 0.00419681 0.00420488
18.3283 56.5034 2.39916e-07 0.0036972 0.00408599
18.3684 59.2047 2.39918e-07 0.00386049 0.00399672
18.4084 56.9536 2.39909e-07 0.00427727 0.00427802
18.4484 51.1007 2.39878e-07 0.00370326 0.00434526
18.4885 53.802 2.399e-07 0.00439283 0.00439361
18.5285 52.9016 2.39914e-07 0.00378784 0.00427997
18.5686 54.7025 2.39897e-07 0.00413887 0.00413909
18.6086 56.9536 2.39894e-07 0.00408864 0.0041077
18.6486 54.7025 2.39876e-07 0.00373702 0.0043165
18.6887 52.4513 2.3987e-07 0.00432771 0.00445069
18.7287 52.0011 2.3989e-07 0.0036186 0.00443436
18.7688 50.2002 2.39873e-07 0.00425727 0.00437318
18.8088 52.9016 2.39878e-07 0.00402467 0.00425923
18.8488 54.7025 2.39878e-07 0.00407801 0.00418382
18.8889 52.0011 2.39844e-07 0.0043455 0.00434655
18.9289 50.2002 2.3985e-07 0.00392004 0.00451948
18.969 47.0486 2.39869e-07 0.00469581 0.00469684
19.009 52.4513 2.39863e-07 0.00398737 0.00450356
19.049 50.6504 2.39851e-07 0.00431586 0.00439539
19.0891 52.9016 2.39847e-07 0.00421387 0.00425202
19.1291 54.7025 2.39839e-07 0.00420912 0.00447284
19.1692 52.9016 2.39834e-07 0.00439219 0.00454164
19.2092 50.2002 2.3983e-07 0.00376315 0.00462338
19.2492 49.75 2.3983e-07 0.00452536 0.00462035
19.2893 47.9491 2.39831e-07 0.00416397 0.0047512
19.3293 50.6504 2.39816e-07 0.00442328 0.00450457
19.3694 48.8495 2.398e-07 0.00418256 0.00452817
19.4094 50.6504 2.39809e-07 0.00439162 0.00448382
19.4494 47.9491 2.39812e-07 0.00486691 0.00486753
19.4895 46.5984 2.39792e-07 0.00422944 0.004724
19.5295 45.6979 2.39783e-07 0.00457503 0.00475054
19.5696 48.3993 2.39778e-07 0.004328 0.00469512
19.6096 46.1482 2.39768e-07 0.00488986 0.00489038
19.6496 52.9016 2.39753e-07 0.00430304 0.00459204
19.6897 45.6979 2.39751e-07 0.00420035 0.00474412
19.7297 48.8495 2.39753e-07 0.00456994 0.00462365
19.7698 46.1482 2.39739e-07 0.00454138 0.00501592
19.8098 46.5984 2.39716e-07 0.0046283 0.00483571
19.8498 43.897 2.39708e-07 0.00406911 0.00497925
19.8899 49.75 2.39705e-07 0.00485766 0.00485817
19.9299 47.4988 2.39693e-07 0.00481226 0.00498592
19.97 46.5984 2.39683e-07 0.00484045 0.00484071
20.01 44.3473 2.39668e-07 0.00445207 0.00499229
20.0501 44.7975 2.39661e-07 0.00480619 0.00480875
20.0901 43.897 2.39653e-07 0.0052323 0.0052329
20.1301 46.5984 2.39627e-07 0.0047106 0.00488307
20.1702 44.3473 2.39621e-07 0.00459821 0.00514813
20.2102 43.897 2.39626e-07 0.00453393 0.00495967
20.2503 41.6459 2.39605e-07 0.0052271 0.00522773
20.2903 40.2952 2.3958e-07 0.00465737 0.00512512
20.3303 42.0961 2.39581e-07 0.00450142 0.00526775
20.3704 43.897 2.39573e-07 0.00460855 0.00502074
20.4104 41.6459 2.39551e-07 0.005211 0.00521249
20.4505 40.2952 2.39548e-07 0.00509653 0.00509682
20.4905 41.1957 2.39533e-07 0.00461372 0.00529737
20.5305 43.4468 2.39521e-07 0.00496841 0.00518259
20.5706 42.0961 2.39523e-07 0.00535616 0.00535616
20.6106 40.2952 2.39492e-07 0.00556975 0.0055704
20.6507 40.2952 2.39481e-07 0.00478242 0.00541811
20.6907 43.4468 2.39487e-07 0.00498869 0.00538776
20.7307 43.4468 2.39473e-07 0.00530786 0.00531377
20.7708 40.7455 2.39435e-07 0.00557101 0.00557161
20.8108 40.2952 2.39446e-07 0.00483417 0.00535862
20.8509 42.5464 2.39454e-07 0.00471361 0.00559329
20.8909 43.4468 2.39415e-07 0.00520905 0.00540283
20.9309 40.2952 2.39414e-07 0.00550804 0.00573982
20.971 40.2952 2.39402e-07 0.00511805 0.00537786
21.011 38.0441 2.39385e-07 0.00473449 0.0057427
21.0511 42.5464 2.3937e-07 0.00538592 0.00538618
21.0911 39.3948 2.39371e-07 0.00578885 0.00578907
21.1311 40.2952 2.39352e-07 0.00568602 0.00568636
21.1712 37.5939 2.3935e-07 0.00504907 0.00587815
21.2112 37.1436 2.39352e-07 0.0055076 0.00561148
21.2513 35.793 2.39307e-07 0.00597764 0.00597793
21.2913 38.9445 2.39302e-07 0.0060041 0.00600459
21.3313 35.793 2.39314e-07 0.00521662 0.00587751
21.3714 36.6934 2.39306e-07 0.00525238 0.00590644
21.4114 36.6934 2.39273e-07 0.00577242 0.00580985
21.4515 38.4943 2.39281e-07 0.00596626 0.00602858
21.4915 39.845 2.39269e-07 0.00533064 0.00581638
21.5315 37.1436 2.39233e-07 0.00504342 0.00616015
21.5716 37.5939 2.39237e-07 0.00563147 0.00579256
21.6116 33.9921 2.39232e-07 0.006097 0.0062704
21.6517 39.845 2.39233e-07 0.00582272 0.00582272
21.6917 36.6934 2.39224e-07 0.00531375 0.00628156
21.7317 37.1436 2.39221e-07 0.00578322 0.0060376
21.7718 34.4423 2.39188e-07 0.00642099 0.00642143
21.8118 33.5418 2.39179e-07 0.00649081 0.00649131
21.8519 34.4423 2.39191e-07 0.00578229 0.00630962
21.8919 36.2432 2.39175e-07 0.0058227 0.00638163
21.9319 35.3427 2.39168e-07 0.00636525 0.00636533
21.972 33.5418 2.39176e-07 0.00671389 0.00671451
22.012 34.2172 2.39168e-07 0.00602672 0.00618337
22.0521 34.4423 2.3914e-07 0.00563584 0.00661608
22.0921 36.2432 2.39141e-07 0.00594256 0.00623001
22.1321 33.0916 2.39143e-07 0.00655639 0.00664746
22.1722 33.5418 2.3915e-07 0.00624819 0.0065614
22.2122 32.1912 2.3915e-07 0.00572077 0.00669071
22.2523 35.793 2.39157e-07 0.00579014 0.00666485
22.2923 31.7409 2.39138e-07 0.00657243 0.00657286
22.3323 33.0916 2.39129e-07 0.00680191 0.0068022
22.3724 33.0916 2.39133e-07 0.00636495 0.00654788
22.4124 30.3903 2.39129e-07 0.00610267 0.00696416
22.4525 31.2907 2.39137e-07 0.00670422 0.00670426
22.4925 31.7409 2.39156e-07 0.00729932 0.00729977
22.5325 33.0916 2.39165e-07 0.0070867 0.00708709
22.5726 31.7409 2.39152e-07 0.00648433 0.00704507
22.6126 30.8405 2.39148e-07 0.00654139 0.00702808
22.6527 31.2907 2.39149e-07 0.00715468 0.00715471
22.6927 32.6414 2.39167e-07 0.00729708 0.0072977
22.7327 33.0916 2.39175e-07 0.00670883 0.0068923
22.7728 29.94 2.39202e-07 0.00628477 0.00732001
22.8128 30.3903 2.39201e-07 0.0066779 0.0069924
22.8529 28.5894 2.39203e-07 0.0071981 0.00739626
22.8929 27.6889 2.39196e-07 0.00706129 0.00727046
22.9329 29.0396 2.392e-07 0.00652819 0.00736898
22.973 29.4898 2.39213e-07 0.00660722 0.00747162
23.013 29.4898 2.39242e-07 0.00727779 0.00727786
23.0531 27.2387 2.39265e-07 0.00769737 0.00769775
23.0931 28.1391 2.39276e-07 0.00736207 0.00736208
23.1331 29.0396 2.39274e-07 0.00706399 0.00772438
23.1732 29.4898 2.3927e-07 0.00742146 0.00757258
23.2132 26.7884 2.3928e-07 0.00808561 0.00808584
23.2533 26.3382 2.39293e-07 0.00810657 0.00810698
23.2933 27.6889 2.39326e-07 0.00760379 0.00773884
23.3333 29.0396 2.39345e-07 0.00737293 0.00797599
23.3734 29.0396 2.3936e-07 0.00781437 0.00781449
23.4134 26.3382 2.39357e-07 0.0081788 0.00817925
23.4535 26.7884 2.39356e-07 0.0079166 0.00791672
23.4935 27.2387 2.3936e-07 0.00738001 0.00808356
23.5335 27.6889 2.39382e-07 0.00740462 0.00813711
23.5736 27.2387 2.39402e-07 0.00790961 0.00798388
23.6136 26.3382 2.39431e-07 0.00817779 0.00824386
23.6537 26.7884 2.39443e-07 0.00786414 0.00798714
23.6937 26.3382 2.39446e-07 0.00760051 0.00842608
23.7337 26.3382 2.3944e-07 0.00792757 0.00829005
23.7738 25.888 2.39446e-07 0.00854051 0.00854076
23.8138 25.888 2.39461e-07 0.00871364 0.00871379
23.8539 25.888 2.39487e-07 0.00842209 0.00848996
23.8939 23.6369 2.39504e-07 0.0083226 0.00876138
23.9339 23.6369 2.39521e-07 0.00874413 0.00874414
23.974 23.6369 2.39521e-07 0.00922231 0.00922265
24.014 24.0871 2.3952e-07 0.00917343 0.00917364
24.0541 23.1866 2.39522e-07 0.0088064 0.0089256
24.0941 22.7364 2.3953e-07 0.00870717 0.0090691
24.1341 23.1866 2.39545e-07 0.00907141 0.00907141
24.1742 23.1866 2.3957e-07 0.00933327 0.00933352
24.2142 23.6369 2.39589e-07 0.009169 0.00916917
24.2543 23.1866 2.39596e-07 0.00880653 0.00923983
24.2943 22.7364 2.39591e-07 0.00884972 0.0093126
24.3343 23.1866 2.39591e-07 0.00921147 0.0092116
24.3744 23.1866 2.39599e-07 0.0094863 0.00948641
24.4144 23.1866 2.3961e-07 0.0093386 0.0093386
24.4545 22.2862 2.39624e-07 0.00919986 0.00960568
24.4945 22.2862 2.39642e-07 0.00937437 0.00964205
24.5345 21.836 2.39652e-07 0.00984732 0.00984732
24.5746 20.4853 2.39658e-07 0.010078 0.0100783
24.6146 20.9355 2.39656e-07 0.0100272 0.0100273
24.6547 20.9355 2.39652e-07 0.00992944 0.0101037
24.6947 20.9355 2.39654e-07 0.0101741 0.0101742
24.7347 20.0351 2.39673e-07 0.0105232 0.0105234
24.7748 19.5848 2.39698e-07 0.0106984 0.0106985
24.8148 20.0351 2.39714e-07 0.0105672 0.0105672
24.8549 20.4853 2.39714e-07 0.0104922 0.0105651
24.8949 20.0351 2.39713e-07 0.0106407 0.0106436
24.9349 19.5848 2.39713e-07 0.0109102 0.0109102
24.975 19.1346 2.39712e-07 0.0110006 0.0110006
25.015 19.5848 2.39715e-07 0.0109148 0.0109148
25.0551 19.1346 2.39729e-07 0.0108863 0.0109691
25.0951 18.6844 2.39747e-07 0.0110496 0.0110516
25.1351 18.2342 2.39765e-07 0.0113044 0.0113044
25.1752 18.2342 2.39768e-07 0.0114244 0.0114244
25.2152 18.2342 2.39759e-07 0.0114581 0.0114581
25.2553 17.7839 2.39747e-07 0.0115075 0.0115192
25.2953 17.3337 2.39753e-07 0.0117148 0.0117148
25.3353 17.3337 2.39771e-07 0.0119155 0.0119156
25.3754 17.3337 2.39788e-07 0.0120753 0.0120753
25.4154 16.8835 2.39793e-07 0.012135 0.0121351
25.4555 16.8835 2.39797e-07 0.0122579 0.0122579
25.4955 16.4332 2.39797e-07 0.0123939 0.0123939
25.5355 16.4332 2.39791e-07 0.0125529 0.0125529
25.5756 15.983 2.39781e-07 0.0126567 0.0126568
25.6156 15.983 2.3978e-07 0.0127902 0.0127903
25.6557 15.5328 2.39792e-07 0.0129484 0.0129485
25.6957 15.5328 2.39811e-07 0.0131061 0.0131063
25.7357 15.0826 2.39822e-07 0.0132316 0.0132316
25.7758 15.0826 2.39818e-07 0.013362 0.013362
25.8158 14.6323 2.39803e-07 0.0135955 0.0135955
25.8559 14.1821 2.39793e-07 0.0138584 0.0138584
25.8959 14.1821 2.39795e-07 0.0140853 0.0140854
25.9359 14.1821 2.39801e-07 0.0141783 0.0141783
25.976 13.7319 2.39803e-07 0.0143164 0.0143164
26.016 13.7319 2.39804e-07 0.0145523 0.0145523
26.0561 13.2817 2.39807e-07 0.0148839 0.0148839
26.0961 13.2817 2.39806e-07 0.0150621 0.0150621
26.1361 13.2817 2.39798e-07 0.0150642 0.0150642
26.1762 13.2817 2.39787e-07 0.0150292 0.0150292
26.2162 12.8314 2.39782e-07 0.015177 0.015177
26.2563 12.3812 2.39786e-07 0.0154606 0.0154606
26.2963 12.3812 2.39794e-07 0.0156098 0.01561
26.3363 12.3812 2.39798e-07 0.0155251 0.0155252
26.3764 12.3812 2.39793e-07 0.0153631 0.0153639
26.4164 12.3812 2.39781e-07 0.0154773 0.0154773
26.4565 11.931 2.39773e-07 0.0158283 0.0158283
26.4965 11.4808 2.3977e-07 0.0161679 0.016168
26.5365 11.4808 2.39767e-07 0.0161978 0.0161979
26.5766 11.4808 2.39758e-07 0.016123 0.016123
26.6166 11.0305 2.39752e-07 0.0162901 0.0162923
26.6567 10.5803 2.39753e-07 0.0168454 0.0168454
26.6967 10.1301 2.39756e-07 0.0174555 0.0174556
26.7367 10.1301 2.39756e-07 0.0177157 0.0177158
26.7768 9.67986 2.39749e-07 0.0176783 0.0176783
26.8168 9.22963 2.39738e-07 0.0177297 0.0177297
26.8569 8.77941 2.39731e-07 0.0182091 0.0182091
26.8969 8.77941 2.3973e-07 0.0188193 0.0188194
26.9369 8.32918 2.39731e-07 0.0190964 0.0190966
26.977 8.32918 2.39728e-07 0.0188115 0.0188116
27.017 8.32918 2.39723e-07 0.0183869 0.0183869
27.0571 8.32918 2.3972e-07 0.0182855 0.0182855
27.0971 8.32918 2.39718e-07 0.0185014 0.0185014
27.1371 8.77941 2.39712e-07 0.0185352 0.0185353
27.1772 8.77941 2.39698e-07 0.017955 0.017955
27.2172 9.22963 2.39686e-07 0.0170018 0.0170018
27.2573 10.1301 2.39685e-07 0.0162105 0.0162105
27.2973 11.0305 2.39691e-07 0.015913 0.015913
27.3373 11.4808 2.39697e-07 0.0157292 0.0157292
27.3774 12.8314 2.39693e-07 0.01515 0.0151503
27.4174 15.0826 2.39681e-07 0.0140714 0.0140714
27.4575 15.983 2.39669e-07 0.0129822 0.0131113
27.4975 16.8835 2.39664e-07 0.012385 0.0125515
27.5375 18.2342 2.39663e-07 0.0121882 0.0121882
27.5776 18.2342 2.39661e-07 0.0118951 0.0118955
27.6176 18.6844 2.39656e-07 0.0111234 0.0114044
27.6577 18.6844 2.39653e-07 0.0101554 0.0112696
27.6977 18.6844 2.39653e-07 0.00950649 0.0115141
27.7377 19.1346 2.3965e-07 0.00939406 0.0116848
27.7778 19.1346 2.3964e-07 0.00943064 0.0120248
27.8178 19.1346 2.3963e-07 0.00912299 0.0119636
27.8579 19.5848 2.39624e-07 0.00845751 0.0118387
27.8979 19.5848 2.39625e-07 0.00788425 0.0120168
27.9379 20.0351 2.39627e-07 0.00782988 0.0118143
27.978 20.4853 2.39624e-07 0.00812613 0.0116662
28.018 20.9355 2.39614e-07 0.00828418 0.0116464
28.0581 22.2862 2.39604e-07 0.00800516 0.0112158
28.0981 23.1866 2.39598e-07 0.00759268 0.0111071
28.1381 23.6369 2.39597e-07 0.00755831 0.0109209
28.1782 24.0871 2.39596e-07 0.00803005 0.0103576
28.2182 24.5373 2.3959e-07 0.00860379 0.0102851
28.2583 24.9875 2.39582e-07 0.00876765 0.00996905
28.2983 25.4378 2.39576e-07 0.00854585 0.00948699
28.3383 24.9875 2.39573e-07 0.00840496 0.00964471
28.3784 25.4378 2.3957e-07 0.00877544 0.00965906
28.4184 25.4378 2.39567e-07 0.00948531 0.0103024
28.4585 25.4378 2.39563e-07 0.00996733 0.0107145
28.4985 24.9875 2.39559e-07 0.00987291 0.0105604
28.5385 24.9875 2.39555e-07 0.00943916 0.0102251
28.5786 24.9875 2.39552e-07 0.00925824 0.010202
28.6186 24.9875 2.39547e-07 0.0095495 0.0104186
28.6587 24.9875 2.39541e-07 0.00997121 0.0108799
28.6987 24.5373 2.39537e-07 0.00993726 0.010902
28.7387 24.9875 2.39535e-07 0.00930591 0.0103413
28.7788 24.9875 2.39536e-07 0.00851887 0.0100158
28.8188 24.5373 2.39534e-07 0.00810907 0.0101053
28.8589 24.5373 2.39528e-07 0.0081641 0.00987952
28.8989 24.5373 2.39522e-07 0.00820568 0.00993356
28.9389 23.6369 2.39517e-07 0.00779875 0.0102134
28.979 23.6369 2.39515e-07 0.00699496 0.010608
29.019 23.1866 2.39516e-07 0.00632062 0.0111817
29.0591 22.7364 2.39515e-07 0.00619316 0.0112653
29.0991 21.3857 2.39511e-07 0.00647446 0.0114352
29.1391 20.4853 2.39505e-07 0.00667536 0.0118544
29.1792 20.0351 2.39502e-07 0.0064726 0.0117603
29.2192 20.0351 2.39502e-07 0.00612254 0.0115803
29.2593 19.5848 2.39504e-07 0.00613451 0.011658
29.2993 20.0351 2.39503e-07 0.00673593 0.0113734
29.3393 20.0351 2.39501e-07 0.00759382 0.0112599
29.3794 20.0351 2.39498e-07 0.00815635 0.0111903
29.4194 20.4853 2.39497e-07 0.0082701 0.0106101
29.4595 21.3857 2.39497e-07 0.00830116 0.0102501
29.4995 21.836 2.39496e-07 0.00878155 0.0101295
29.5395 21.836 2.39496e-07 0.00977156 0.00977156
29.5796 20.9355 2.39497e-07 0.0107927 0.0107933
29.6196 20.4853 2.39498e-07 0.0112984 0.0112987
29.6597 20.9355 2.39498e-07 0.0112212 0.0112213
29.6997 21.3857 2.39497e-07 0.0110859 0.0111708
29.7397 20.9355 2.39493e-07 0.0114106 0.011475
29.7798 19.1346 2.3949e-07 0.0122157 0.0122158
29.8198 18.6844 2.3949e-07 0.0129556 0.0129561
29.8599 17.7839 2.39493e-07 0.0130889 0.0130892
29.8999 13.2817 2.39497e-07 0.0126552 0.0126552
29.9399 14.6323 2.39499e-07 0.0122045 0.0123633
29.98 14.1821 2.39498e-07 0.0123028 0.01245
30.02 11.931 2.39496e-07 0.0129159 0.0129159
30.0601 11.4808 2.39493e-07 0.0134871 0.0134873
30.1001 11.4808 2.39492e-07 0.0134986 0.0134986
30.1401 11.931 2.39493e-07 0.0129786 0.0129786
30.1802 12.3812 2.39495e-07 0.0125172 0.0128072
30.2202 12.3812 2.39497e-07 0.0126242 0.0128509
30.2603 11.4808 2.39499e-07 0.0132692 0.0132692
30.3003 11.0305 2.395e-07 0.0138832 0.0138835
30.3403 11.0305 2.39501e-07 0.0139254 0.0139256
30.3804 11.4808 2.39501e-07 0.0134349 0.0134349
30.4204 12.3812 2.39501e-07 0.0129346 0.0130515
30.4605 12.3812 2.39502e-07 0.0129585 0.0130451
30.5005 11.931 2.39503e-07 0.013482 0.0134821
30.5405 11.4808 2.39505e-07 0.0139666 0.0139672
30.5806 11.4808 2.39507e-07 0.0138954 0.0138959
30.6206 12.8314 2.39509e-07 0.0132351 0.0132352
30.6607 14.1821 2.39511e-07 0.0125045 0.0125892
30.7007 14.6323 2.39512e-07 0.0122228 0.0124279
30.7407 14.1821 2.39513e-07 0.0124442 0.0124442
30.7808 13.2817 2.39513e-07 0.0127217 0.012722
30.8208 13.2817 2.39513e-07 0.0125333 0.0125337
30.8609 14.6323 2.39513e-07 0.01183 0.01183
30.9009 15.0826 2.39514e-07 0.0110344 0.0115899
30.9409 15.0826 2.39516e-07 0.0106694 0.0115987
30.981 15.0826 2.3952e-07 0.0108556 0.0111288
31.021 15.0826 2.39523e-07 0.0112058 0.0112059
31.0611 14.6323 2.39526e-07 0.0112441 0.0112443
31.1011 15.5328 2.39528e-07 0.0108262 0.0108262
31.1411 15.5328 2.3953e-07 0.0103012 0.0110736
31.1812 15.5328 2.3953e-07 0.0101524 0.0111925
31.2212 15.983 2.39531e-07 0.0105297 0.0108474
31.2613 15.983 2.39531e-07 0.0111352 0.0111353
31.3013 15.5328 2.39533e-07 0.0114693 0.0114697
31.3413 16.4332 2.39535e-07 0.0113284 0.0113287
31.3814 16.8835 2.39538e-07 0.0109565 0.0109742
31.4214 17.3337 2.39541e-07 0.0107968 0.0110631
31.4615 17.7839 2.39545e-07 0.0110896 0.01109
31.5015 18.2342 2.39549e-07 0.0116112 0.0116114
31.5415 18.2342 2.39551e-07 0.0119162 0.0119168
31.5816 18.2342 2.39552e-07 0.0117236 0.011724
31.6216 18.2342 2.39553e-07 0.0111607 0.0111607
31.6617 18.2342 2.39555e-07 0.0106556 0.0107235
31.7017 18.6844 2.39557e-07 0.0105095 0.0105544
31.7417 18.9095 2.39561e-07 0.0106643 0.0106643
31.7818 19.1346 2.39565e-07 0.0107571 0.0107575
31.8218 19.1346 2.39569e-07 0.0104624 0.0104627
31.8619 18.6844 2.39572e-07 0.00981119 0.00981119
31.9019 18.2342 2.39573e-07 0.00912883 0.0096435
31.9419 17.7839 2.39572e-07 0.00876653 0.00959954
31.982 18.6844 2.39571e-07 0.00878677 0.00925091
32.022 19.1346 2.39571e-07 0.0089224 0.00936118
32.0621 19.1346 2.39574e-07 0.00886008 0.00944947
32.1021 19.1346 2.3958e-07 0.00850045 0.00923393
32.1421 18.2342 2.39587e-07 0.00806385 0.00916819
32.1822 18.6844 2.39591e-07 0.00787517 0.0092175
32.2222 20.0351 2.39594e-07 0.00806035 0.00897984
32.2623 20.9355 2.39594e-07 0.00846183 0.00878591
32.3023 21.3857 2.39593e-07 0.00875611 0.00875626
32.3423 21.836 2.39593e-07 0.00875893 0.00875905
32.3824 23.1866 2.39595e-07 0.00856982 0.00860733
32.4224 23.1866 2.39598e-07 0.0084564 0.00879221
32.4625 23.1866 2.39601e-07 0.00862855 0.0087706
32.5025 22.2862 2.39603e-07 0.0090233 0.00902341
32.5425 22.0611 2.39604e-07 0.00937331 0.00937375
32.5826 22.2862 2.39604e-07 0.00944154 0.00944178
32.6226 22.7364 2.39604e-07 0.00919765 0.00919786
32.6627 23.6369 2.39605e-07 0.00885973 0.00885973
32.7027 24.0871 2.39609e-07 0.00867512 0.00871051
32.7427 23.6369 2.39614e-07 0.00871596 0.00871596
32.7828 22.7364 2.39619e-07 0.00884078 0.00884107
32.8228 22.7364 2.39622e-07 0.00880286 0.00880324
32.8629 24.0871 2.39622e-07 0.00849079 0.00849079
32.9029 25.888 2.3962e-07 0.00800969 0.00800969
32.9429 26.3382 2.39618e-07 0.00758564 0.00797538
32.983 27.2387 2.39618e-07 0.00739532 0.00787087
33.023 28.5894 2.39621e-07 0.00740514 0.00765599
33.0631 29.0396 2.39624e-07 0.00743666 0.00780495
33.1031 28.5894 2.39625e-07 0.007326 0.00783672
33.1431 28.1391 2.39625e-07 0.00705163 0.0076936
33.1832 27.6889 2.39624e-07 0.00676839 0.00764079
33.2232 27.6889 2.39622e-07 0.00665238 0.00763704
33.2633 28.1391 2.39622e-07 0.00676155 0.0074897
33.3033 28.5894 2.39624e-07 0.00699884 0.0073872
33.3433 28.1391 2.39627e-07 0.0071804 0.00731686
33.3834 27.2387 2.39632e-07 0.00720504 0.00720516
33.4234 26.7884 2.39636e-07 0.00711877 0.00712317
33.4635 26.3382 2.39638e-07 0.00705805 0.00722268
33.5035 26.3382 2.39638e-07 0.00714366 0.00722668
33.5435 25.888 2.39635e-07 0.00735739 0.00735749
33.5836 24.9875 2.39633e-07 0.00757302 0.00757326
33.6236 24.9875 2.39632e-07 0.00765728 0.00765733
33.6637 25.4378 2.39633e-07 0.0075603 0.00756052
33.7037 25.888 2.39634e-07 0.00736546 0.00736562
33.7437 26.7884 2.39634e-07 0.00719858 0.00719866
33.7838 27.2387 2.39631e-07 0.00712822 0.00712831
33.8238 28.1391 2.39627e-07 0.00712751 0.00712778
33.8639 29.4898 2.39625e-07 0.0070881 0.00708821
33.9039 30.8405 2.39625e-07 0.00693078 0.00693107
33.9439 31.7409 2.39627e-07 0.00666488 0.00666491
33.984 32.6414 2.39633e-07 0.00636847 0.00650714
34.024 32.1912 2.39636e-07 0.00614496 0.00653339
34.0641 32.1912 2.39637e-07 0.0060308 0.00653403
34.1041 32.1912 2.39635e-07 0.0059842 0.00663536
34.1441 32.1912 2.39631e-07 0.00593743 0.00671494
34.1842 32.1912 2.39626e-07 0.00584149 0.00670002
34.2242 32.6414 2.39624e-07 0.00571868 0.00660777
34.2643 32.6414 2.39623e-07 0.00563376 0.00651074
34.3043 32.6414 2.39625e-07 0.0056335 0.00644257
34.3443 32.1912 2.39626e-07 0.00572499 0.00636757
34.3844 32.1912 2.39626e-07 0.00586098 0.00627176
34.4244 32.6414 2.39623e-07 0.00598319 0.0061395
34.4645 33.0916 2.39618e-07 0.0060711 0.00607112
34.5045 32.6414 2.39613e-07 0.00613445 0.00613445
34.5445 31.2907 2.3961e-07 0.00620857 0.0062086
34.5846 29.94 2.39609e-07 0.00631357 0.00631359
34.6246 29.4898 2.3961e-07 0.0064299 0.00642999
34.6647 29.0396 2.39612e-07 0.00652834 0.00652842
34.7047 28.5894 2.39612e-07 0.00657838 0.00657838
34.7447 28.5894 2.39612e-07 0.00657102 0.00657108
34.7848 28.5894 2.3961e-07 0.0065269 0.00652715
34.8248 29.4898 2.39607e-07 0.00645979 0.00645993
34.8649 30.8405 2.39605e-07 0.00637448 0.00637464
34.9049 32.6414 2.39603e-07 0.00626742 0.00626742
34.9449 34.4423 2.39601e-07 0.00612582 0.00612582
34.985 35.3427 2.396e-07 0.00595814 0.00595814
35.025 35.793 2.39598e-07 0.00578071 0.00578071
35.0651 35.793 2.39595e-07 0.00560444 0.0056045
35.1051 36.2432 2.3959e-07 0.00543906 0.00553647
35.1451 35.793 2.39585e-07 0.00527535 0.00564574
35.1852 35.793 2.3958e-07 0.0051067 0.00572695
35.2252 35.793 2.39579e-07 0.00494751 0.00576989
35.2653 35.793 2.39581e-07 0.00481753 0.00579423
35.3053 35.793 2.39584e-07 0.0047396 0.00581573
35.3453 35.793 2.39586e-07 0.00471834 0.00583486
35.3854 35.793 2.39583e-07 0.00472969 0.00583023
35.4254 36.2432 2.39577e-07 0.0047486 0.00577058
35.4655 37.5939 2.39569e-07 0.00476063 0.00564893
35.5055 38.4943 2.39562e-07 0.00477685 0.0054912
35.5455 40.2952 2.39561e-07 0.00483263 0.00534014
35.5856 42.0961 2.39563e-07 0.00494548 0.00521994
35.6256 42.5464 2.39566e-07 0.005103 0.005103
35.6657 42.0961 2.39568e-07 0.0052663 0.00526632
35.7057 42.0961 2.39566e-07 0.00538317 0.00538317
35.7457 42.0961 2.39563e-07 0.00543452 0.00543467
35.7858 42.0961 2.39557e-07 0.00544447 0.00544447
35.8258 42.0961 2.39553e-07 0.0054556 0.00545565
35.8659 42.0961 2.39548e-07 0.00550561 0.00550575
35.9059 41.6459 2.39544e-07 0.00558615 0.00558629
35.9459 41.1957 2.3954e-07 0.00564534 0.00564535
35.986 40.2952 2.39537e-07 0.00563048 0.00563053
36.026 39.3948 2.39537e-07 0.00551644 0.00551669
36.0661 38.9445 2.39538e-07 0.00533374 0.00533374
36.1061 38.9445 2.3954e-07 0.00515366 0.00515366
36.1461 38.9445 2.3954e-07 0.00502912 0.00504493
36.1862 39.3948 2.39538e-07 0.00496844 0.00496851
36.2262 39.3948 2.39533e-07 0.00492942 0.00492942
36.2663 39.3948 2.39527e-07 0.00484309 0.00488591
36.3063 38.4943 2.39523e-07 0.00467916 0.00492903
36.3463 38.0441 2.3952e-07 0.00446679 0.00491612
36.3864 38.0441 2.39518e-07 0.00427512 0.00493226
36.4264 38.0441 2.39518e-07 0.00417589 0.00494086
36.4665 38.4943 2.39516e-07 0.00418773 0.00496883
36.5065 38.9445 2.39514e-07 0.00426136 0.00506607
36.5465 40.2952 2.39511e-07 0.00432118 0.00510267
36.5866 40.7455 2.39508e-07 0.00431145 0.00502439
36.6266 42.5464 2.39505e-07 0.00423994 0.00485219
36.6667 45.6979 2.39502e-07 0.004177 0.00472518
36.7067 45.6979 2.39499e-07 0.00419732 0.00469548
36.7467 45.2477 2.39495e-07 0.00433109 0.0045951
36.7868 45.2477 2.39492e-07 0.00453727 0.00453733
36.8268 44.7975 2.39488e-07 0.00472127 0.00472135
36.8669 44.7975 2.39486e-07 0.00480428 0.00480437
36.9069 45.6979 2.39485e-07 0.00477305 0.00477314
36.9469 46.1482 2.39484e-07 0.00468399 0.00468409
36.987 46.1482 2.39483e-07 0.00463215 0.00467585
37.027 45.6979 2.39482e-07 0.00467912 0.00468729
37.0671 45.2477 2.3948e-07 0.0048048 0.00480486
37.1071 44.3473 2.39478e-07 0.00492778 0.00492802
37.1471 44.3473 2.39475e-07 0.00494999 0.00495038
37.1872 45.2477 2.39472e-07 0.00482471 0.00482481
37.2272 47.9491 2.39469e-07 0.00459571 0.00459577
37.2673 48.3993 2.39465e-07 0.00436341 0.00444535
37.3073 49.2997 2.3946e-07 0.00422128 0.00442307
37.3473 52.9016 2.39455e-07 0.00420073 0.00429791
37.3874 53.3518 2.39451e-07 0.00424431 0.00426253
37.4274 52.9016 2.3945e-07 0.004249 0.00445053
37.4675 52.4513 2.39452e-07 0.00414145 0.00450521
37.5075 52.0011 2.39456e-07 0.00392239 0.0044328
37.5475 51.5509 2.39458e-07 0.00367529 0.00435991
37.5876 52.4513 2.39456e-07 0.0035122 0.00440041
37.6276 53.3518 2.39448e-07 0.00349781 0.00437975
37.6677 52.9016 2.39438e-07 0.00361094 0.00448187
37.7077 52.4513 2.39428e-07 0.00375811 0.00462612
37.7477 50.2002 2.39422e-07 0.00383168 0.00465211
37.7878 49.2997 2.39423e-07 0.00378627 0.00451493
37.8278 49.75 2.39427e-07 0.00366667 0.00426968
37.8679 49.2997 2.39432e-07 0.00357634 0.00421699
37.9079 48.8495 2.39434e-07 0.00361397 0.00421776
37.9479 48.8495 2.39432e-07 0.00380236 0.00409042
37.988 48.3993 2.39426e-07 0.00406855 0.00406863
38.028 46.5984 2.39418e-07 0.00429268 0.00429274
38.0681 47.0486 2.39411e-07 0.00437784 0.00437802
38.1081 48.3993 2.39407e-07 0.00430942 0.00430942
38.1481 48.8495 2.39406e-07 0.00417086 0.00417221
38.1882 48.8495 2.39406e-07 0.00408313 0.00422133
38.2282 48.3993 2.39406e-07 0.00412744 0.00422546
38.2683 47.4988 2.39404e-07 0.00429766 0.00429769
38.3083 46.1482 2.39401e-07 0.00449468 0.00449497
38.3483 45.6979 2.39398e-07 0.00459062 0.00459083
38.3884 48.3993 2.39395e-07 0.00451116 0.00451128
38.4284 50.2002 2.39393e-07 0.0042776 0.00427775
38.4685 51.5509 2.39392e-07 0.00399654 0.00404314
38.5085 55.1527 2.39392e-07 0.00379894 0.00407374
38.5485 55.6029 2.39392e-07 0.00375427 0.0039888
38.5886 55.6029 2.39392e-07 0.00383233 0.00383233
38.6286 55.6029 2.3939e-07 0.00392761 0.00392766
38.6687 55.6029 2.39388e-07 0.00392036 0.00401549
38.7087 56.0531 2.39384e-07 0.00375549 0.00399273
38.7487 57.854 2.39379e-07 0.00348133 0.00385968
38.7888 57.854 2.39375e-07 0.00321435 0.00391991
38.8288 56.9536 2.39373e-07 0.00307227 0.0039693
38.8689 56.5034 2.39374e-07 0.00310588 0.00389655
38.9089 55.6029 2.39375e-07 0.0032625 0.0040152
38.9489 54.7025 2.39376e-07 0.00342356 0.00419445
38.989 54.2522 2.39374e-07 0.00347913 0.00422215
39.029 52.9016 2.39369e-07 0.00339058 0.00406683
39.0691 59.6549 2.39361e-07 0.00321714 0.00380277
39.1091 59.6549 2.39352e-07 0.00308013 0.00379545
39.1491 57.854 2.39346e-07 0.00308416 0.0038114
39.1892 65.0577 2.39344e-07 0.00325522 0.00367751
39.2292 65.5079 2.39346e-07 0.00352389 0.00357444
39.2693 64.6074 2.3935e-07 0.00376094 0.00376113
39.3093 62.8065 2.39354e-07 0.00385629 0.00385644
39.3493 61.4558 2.39356e-07 0.00378447 0.0037845
39.3894 61.9061 2.39353e-07 0.00361386 0.00361386
39.4294 61.0056 2.39347e-07 0.00346931 0.00371315
39.4695 51.1007 2.3934e-07 0.00345761 0.00374688
39.5095 64.6074 2.39334e-07 0.00359991 0.00365951
39.5495 63.707 2.39331e-07 0.00382152 0.00382164
39.5896 54.7025 2.3933e-07 0.00399599 0.0039961
39.6296 53.802 2.39331e-07 0.00401529 0.00401557
39.6697 55.828 2.39333e-07 0.00385409 0.00385409
39.7097 60.5554 2.39333e-07 0.00358646 0.00358646
39.7497 60.1052 2.39332e-07 0.00333982 0.00361907
39.7898 59.2047 2.3933e-07 0.00322242 0.00364234
39.8298 58.3043 2.3933e-07 0.00326611 0.00351075
39.8699 58.3043 2.39331e-07 0.00340559 0.00340559
39.9099 57.854 2.39333e-07 0.00352006 0.00358157
39.9499 58.3043 2.39334e-07 0.00350653 0.00366703
39.99 60.1052 2.39335e-07 0.00333665 0.00358586
40.03 61.0056 2.39334e-07 0.00307335 0.00342633
40.0701 60.5554 2.39332e-07 0.00283814 0.00354573
40.1101 60.5554 2.39331e-07 0.0027382 0.00359391
40.1502 60.1052 2.39331e-07 0.00280658 0.00349849
40.1902 63.707 2.39332e-07 0.00298816 0.00354874
40.2302 57.854 2.39336e-07 0.00316868 0.00372633
40.2703 58.3043 2.3934e-07 0.00324018 0.00376609
40.3103 61.9061 2.39344e-07 0.00316638 0.00363138
40.3504 62.8065 2.39346e-07 0.00299869 0.00338211
40.3904 63.2568 2.39346e-07 0.00284455 0.00342194
40.4304 65.0577 2.39345e-07 0.0028116 0.00348471
40.4705 66.8586 2.39343e-07 0.00294081 0.00339409
40.5105 67.759 2.39342e-07 0.00318364 0.0031884
40.5506 67.3088 2.39341e-07 0.00343147 0.00343152
40.5906 66.8586 2.39341e-07 0.00357197 0.0035721
40.6306 65.9581 2.39339e-07 0.00355 0.00355014
40.6707 70.0101 2.39338e-07 0.00340003 0.00340003
40.7107 70.4604 2.39335e-07 0.00322318 0.00334127
40.7508 67.759 2.39332e-07 0.00312984 0.00343054
40.7908 67.759 2.3933e-07 0.00318118 0.00339649
40.8308 67.759 2.39327e-07 0.00335481 0.00335487
40.8709 66.8586 2.39324e-07 0.00355606 0.00355614
40.9109 65.5079 2.3932e-07 0.0036707 0.00367103
40.951 57.854 2.39315e-07 0.00362919 0.00362946
40.991 71.3608 2.39308e-07 0.00343875 0.00343883
41.031 72.7115 2.39298e-07 0.0031814 0.00320387
41.0711 72.2613 2.39287e-07 0.00297133 0.00329706
41.1111 62.3563 2.39276e-07 0.00289005 0.00328982
41.1512 77.664 2.39264e-07 0.0029461 0.0031498
41.1912 77.664 2.39251e-07 0.0030759 0.0030759
41.2312 76.7635 2.39238e-07 0.00317463 0.00325458
41.2713 60.5554 2.39224e-07 0.00315685 0.00332453
41.3113 72.2613 2.39209e-07 0.00300405 0.00324982
41.3514 73.612 2.39192e-07 0.00276993 0.003093
41.3914 72.7115 2.39173e-07 0.00255293 0.0031753
41.4314 62.8065 2.39153e-07 0.00244509 0.00322694
41.4715 66.4083 2.39132e-07 0.00248207 0.00316001
41.5115 67.3088 2.3911e-07 0.00262522 0.00318331
41.5516 66.8586 2.39086e-07 0.00278662 0.00335897
41.5916 65.9581 2.39059e-07 0.00287428 0.00343253
41.6316 64.1572 2.39029e-07 0.0028404 0.00335977
41.6717 71.811 2.38997e-07 0.00270756 0.00316679
41.7117 72.7115 2.38963e-07 0.002555 0.00303228
41.7518 71.3608 2.38928e-07 0.00247346 0.00310968
41.7918 70.0101 2.38893e-07 0.00251947 0.00308261
41.8318 70.0101 2.38857e-07 0.00268588 0.00294601
41.8719 70.0101 2.38822e-07 0.00290212 0.00292959
41.9119 70.0101 2.38783e-07 0.0030739 0.003074
41.952 70.9106 2.38741e-07 0.00313208 0.00313222
41.992 72.7115 2.38695e-07 0.00306401 0.00306416
42.032 73.612 2.38645e-07 0.00292072 0.00292072
42.0721 73.1617 2.38595e-07 0.00279095 0.0030019
42.1121 72.7115 2.38545e-07 0.00275175 0.00305377
42.1522 71.3608 2.385e-07 0.00283009 0.00299499
42.1922 76.7635 2.38458e-07 0.00299112 0.00299112
42.2322 69.5599 2.38418e-07 0.00315539 0.00315539
42.2723 69.5599 2.38377e-07 0.00323764 0.00323765
42.3123 71.811 2.38331e-07 0.00319342 0.00319363
42.3524 74.0622 2.38279e-07 0.00303908 0.00303922
42.3924 75.4129 2.38222e-07 0.00284067 0.00288256
42.4324 75.4129 2.38164e-07 0.00268307 0.00296764
42.4725 78.1142 2.38108e-07 0.00262793 0.00296978
42.5125 79.9151 2.38059e-07 0.00268116 0.00286413
42.5526 80.3653 2.38017e-07 0.00279412 0.00279417
42.5926 79.9151 2.3798e-07 0.00289032 0.00289052
42.6326 79.4649 2.37945e-07 0.00290237 0.00294725
42.6727 75.8631 2.37907e-07 0.00280593 0.00290425
42.7127 83.9671 2.37864e-07 0.0026338 0.00278533
42.7528 82.6165 2.37817e-07 0.00245627 0.00283948
42.7928 75.8631 2.3777e-07 0.00234529 0.00291367
42.8328 79.0147 2.37727e-07 0.00234187 0.00288698
42.8729 80.3653 2.37692e-07 0.00243635 0.00279115
42.9129 79.9151 2.37664e-07 0.00257168 0.00288373
42.953 70.0101 2.37641e-07 0.00267598 0.00298238
42.993 70.9106 2.37619e-07 0.00269718 0.0029813
43.033 74.0622 2.37593e-07 0.00262666 0.00287522
43.0731 85.7681 2.37561e-07 0.00250322 0.00271048
43.1131 79.4649 2.37525e-07 0.00239433 0.00277677
43.1532 74.5124 2.37489e-07 0.00236058 0.00282112
43.1932 74.5124 2.3746e-07 0.00242527 0.00277116
43.2332 90.2703 2.37441e-07 0.00256641 0.00264497
43.2733 79.0147 2.37429e-07 0.00272594 0.00272599
43.3133 72.7115 2.37422e-07 0.00283568 0.00283573
43.3534 74.2873 2.37413e-07 0.00285431 0.00285441
43.3934 75.4129 2.37397e-07 0.0027835 0.0027838
43.4334 84.8676 2.37372e-07 0.00266526 0.0026653
43.4735 76.3133 2.37342e-07 0.00256258 0.00272788
43.5135 77.2138 2.37311e-07 0.00252858 0.00275833
43.5536 79.9151 2.37285e-07 0.00258071 0.00270864
43.5936 80.8156 2.37268e-07 0.00269236 0.00269242
43.6336 80.3653 2.37256e-07 0.00280931 0.00280936
43.6737 79.4649 2.37245e-07 0.00287218 0.00287237
43.7137 78.1142 2.37228e-07 0.00284582 0.00284598
43.7538 83.0667 2.37199e-07 0.00273634 0.00273641
43.7938 85.3178 2.37161e-07 0.00258618 0.00258686
43.8338 83.9671 2.37116e-07 0.0024532 0.00264599
43.8739 82.1662 2.37073e-07 0.00238474 0.00266593
43.9139 82.6165 2.37037e-07 0.00239704 0.00260647
43.954 83.0667 2.37009e-07 0.00246637 0.00249258
43.994 83.0667 2.36987e-07 0.00254316 0.00258062
44.034 83.5169 2.36962e-07 0.00257722 0.00266194
44.0741 84.8676 2.36926e-07 0.00253857 0.00266583
44.1141 86.2183 2.36874e-07 0.00243193 0.00259937
44.1542 87.1187 2.36807e-07 0.00229576 0.00251089
44.1942 87.1187 2.36733e-07 0.00218184 0.00257645
44.2342 86.2183 2.36661e-07 0.00213109 0.0025991
44.2743 84.4174 2.366e-07 0.00215657 0.00255582
44.3143 90.7205 2.36554e-07 0.00223839 0.00255037
44.3544 83.5169 2.36519e-07 0.00233239 0.00264922
44.3944 83.9671 2.36486e-07 0.00239142 0.00270222
44.4344 86.2183 2.36445e-07 0.00238883 0.00268159
44.4745 88.0192 2.36388e-07 0.0023272 0.002592
44.5145 88.9196 2.36315e-07 0.00223789 0.00247417
44.5546 89.3699 2.36232e-07 0.00216577 0.00251433
44.5946 91.1708 2.36149e-07 0.00214931 0.00253059
44.6346 92.9717 2.36077e-07 0.00220013 0.00248303
44.6747 93.8721 2.36021e-07 0.00230106 0.00239086
44.7147 93.8721 2.35981e-07 0.00241361 0.00242851
44.7548 93.4219 2.35951e-07 0.00249386 0.00249403
44.7948 87.1187 2.3592e-07 0.00251322 0.00251322
44.8348 97.0237 2.3588e-07 0.00247112 0.00247132
44.8749 97.9242 2.35829e-07 0.00239386 0.00239386
44.9149 89.3699 2.35768e-07 0.00232079 0.0024333
44.955 89.8201 2.35705e-07 0.00228871 0.00246809
44.995 92.9717 2.3565e-07 0.002315 0.00244775
45.035 93.8721 2.35609e-07 0.00238854 0.00239613
45.0751 93.4219 2.35585e-07 0.00247675 0.00247675
45.1151 83.0667 2.35572e-07 0.00254094 0.00254101
45.1552 83.5169 2.35564e-07 0.00255158 0.00255158
45.1952 86.2183 2.35553e-07 0.00250191 0.00250197
45.2352 98.3744 2.35536e-07 0.00241069 0.00241069
45.2753 88.4694 2.35512e-07 0.00231387 0.00238163
45.3153 88.0192 2.35485e-07 0.00224637 0.00241984
45.3554 86.2183 2.35461e-07 0.00223006 0.00241021
45.3954 92.9717 2.35444e-07 0.00226373 0.00235262
45.4354 93.4219 2.35436e-07 0.00232353 0.00232353
45.4755 86.6685 2.35435e-07 0.00237471 0.00237481
45.5155 88.0192 2.35438e-07 0.0023876 0.00238775
45.5556 89.3699 2.35442e-07 0.00235082 0.00235086
45.5956 89.8201 2.35443e-07 0.0022727 0.00229313
45.6356 90.2703 2.35442e-07 0.00218139 0.00230096
45.6757 90.7205 2.3544e-07 0.00211022 0.00235253
45.7157 92.0712 2.35439e-07 0.00208328 0.00236197
45.7558 93.4219 2.35441e-07 0.00210586 0.00232385
45.7958 94.3223 2.35443e-07 0.0021631 0.00227038
45.8358 94.3223 2.35444e-07 0.00222737 0.00232333
45.8759 93.8721 2.35441e-07 0.00226751 0.00235822
45.9159 92.0712 2.35433e-07 0.00226589 0.00234788
45.956 92.0712 2.35423e-07 0.00222367 0.00229266
45.996 97.9242 2.35412e-07 0.00215939 0.00222015
46.036 93.4219 2.35406e-07 0.00210044 0.00226855
46.0761 94.3223 2.35406e-07 0.00207317 0.00229282
46.1161 95.2228 2.3541e-07 0.00209004 0.00227457
46.1562 96.1233 2.35415e-07 0.00214368 0.00221948
46.1962 96.5735 2.35417e-07 0.00221308 0.00221309
46.2362 96.5735 2.35409e-07 0.00227069 0.00227075
46.2763 97.9242 2.35391e-07 0.0022941 0.00229417
46.3163 99.2748 2.35365e-07 0.00227504 0.00227516
46.3564 100.626 2.35337e-07 0.00222388 0.00222389
46.3964 101.076 2.35313e-07 0.00216289 0.00219382
46.4364 101.076 2.35299e-07 0.00211673 0.00222856
46.4765 97.4739 2.35295e-07 0.00210383 0.00223311
46.5165 97.4739 2.35299e-07 0.00212778 0.00220127
46.5566 103.777 2.35303e-07 0.00217613 0.0021762
46.5966 97.9242 2.35303e-07 0.00222563 0.00222575
46.6366 99.2748 2.35295e-07 0.00225347 0.00225363
46.6767 100.626 2.35279e-07 0.0022459 0.00224604
46.7167 101.526 2.35258e-07 0.0022022 0.00220225
46.7568 102.426 2.35239e-07 0.00213661 0.00213661
46.7968 102.877 2.35225e-07 0.00207211 0.00215294
46.8368 102.877 2.3522e-07 0.00202972 0.00217616
46.8769 104.678 2.35223e-07 0.00202008 0.00216553
46.9169 106.028 2.35229e-07 0.00204178 0.00212417
46.957 106.929 2.35234e-07 0.00208015 0.0020945
46.997 97.9242 2.35235e-07 0.00211357 0.00214232
47.037 98.3744 2.35233e-07 0.002124 0.00216583
47.0771 100.175 2.35228e-07 0.00210313 0.00215607
47.1171 101.076 2.35226e-07 0.00205619 0.00211841
47.1572 101.751 2.35226e-07 0.00199768 0.00207917
47.1972 99.7251 2.35231e-07 0.0019483 0.00211046
47.2372 97.0237 2.35236e-07 0.00192428 0.00212207
47.2773 97.0237 2.35239e-07 0.0019317 0.00210438
47.3173 107.379 2.35236e-07 0.00196406 0.00206828
47.3574 97.9242 2.35225e-07 0.00200656 0.00209888
47.3974 97.9242 2.3521e-07 0.00204087 0.0021295
47.4374 98.8246 2.35194e-07 0.00205171 0.00213486
47.4775 100.626 2.35184e-07 0.00203469 0.00211057
47.5175 101.976 2.35181e-07 0.00199718 0.00206463
47.5576 102.877 2.35183e-07 0.00195419 0.00205605
47.5976 102.426 2.35185e-07 0.00192209 0.00208162
47.6376 102.426 2.35181e-07 0.00191419 0.00208412
47.6777 106.929 2.35165e-07 0.00193297 0.00205979
47.7177 107.829 2.35133e-07 0.00197075 0.00201729
47.7578 107.829 2.3509e-07 0.00201262 0.00202367
47.7978 106.028 2.35041e-07 0.00204273 0.0020451
47.8378 104.678 2.34997e-07 0.00204966 0.00204967
47.8779 105.128 2.34964e-07 0.00203081 0.00203092
47.9179 106.028 2.34944e-07 0.00199418 0.00199423
47.958 106.478 2.34933e-07 0.00195445 0.00200036
47.998 106.929 2.34924e-07 0.00192575 0.00202285
48.038 107.829 2.34906e-07 0.00191833 0.00202508
48.0781 108.279 2.34874e-07 0.00193401 0.00200443
48.1181 108.73 2.34827e-07 0.00196534 0.00196946
48.1582 108.73 2.34769e-07 0.00199843 0.00199843
48.1982 108.279 2.34708e-07 0.00201933 0.00201941
48.2382 107.379 2.34656e-07 0.00201976 0.0020198
48.2783 106.929 2.3462e-07 0.00199821 0.00199826
48.3183 107.829 2.34599e-07 0.0019617 0.00196173
48.3584 107.829 2.34591e-07 0.00192328 0.00197524
48.3984 108.279 2.34587e-07 0.00189673 0.0019959
48.4384 108.73 2.34578e-07 0.00188981 0.00199696
48.4785 109.63 2.34558e-07 0.00190344 0.00197726
48.5185 110.53 2.34527e-07 0.0019316 0.00194404
48.5586 110.981 2.3449e-07 0.0019623 0.00196238
48.5986 111.431 2.34455e-07 0.00198265 0.00198273
48.6386 113.682 2.34428e-07 0.00198471 0.00198486
48.6787 115.033 2.34414e-07 0.00196829 0.00196839
48.7187 116.383 2.34413e-07 0.00193882 0.00193884
48.7588 116.383 2.34418e-07 0.00190724 0.00194337
48.7988 116.834 2.34423e-07 0.0018849 0.00196071
48.8388 116.834 2.34421e-07 0.00188036 0.00196133
48.8789 117.734 2.34412e-07 0.00189408 0.00194378
48.9189 117.734 2.34396e-07 0.00192012 0.00192093
48.959 115.483 2.34378e-07 0.00194886 0.00194889
48.999 115.483 2.34365e-07 0.00196921 0.00196929
49.039 115.933 2.3436e-07 0.00197284 0.00197284
49.0791 116.383 2.3436e-07 0.00195806 0.00195819
49.1191 116.834 2.34363e-07 0.00193048 0.00193053
49.1592 117.284 2.3436e-07 0.00189882 0.00190515
49.1992 116.834 2.34346e-07 0.00187308 0.00191472
49.2392 114.583 2.34317e-07 0.00186095 0.00191559
49.2793 113.232 2.34278e-07 0.00186502 0.0019013
49.3193 113.232 2.34232e-07 0.00188065 0.00188198
49.3594 113.232 2.3419e-07 0.00189955 0.00189971
49.3994 113.232 2.34156e-07 0.0019121 0.00191212
49.4394 114.132 2.34131e-07 0.00191133 0.00191143
49.4795 114.583 2.34112e-07 0.00189437 0.00189442
49.5195 115.033 2.34089e-07 0.0018641 0.00186421
49.5596 115.033 2.34055e-07 0.00182863 0.00184207
49.5996 112.782 2.34002e-07 0.00179765 0.00185819
49.6396 112.331 2.3393e-07 0.00177764 0.00186358
49.6797 112.331 2.33843e-07 0.00177225 0.0018545
49.7197 112.331 2.33751e-07 0.00177981 0.0018353
49.7598 112.331 2.33665e-07 0.00179376 0.00184308
49.7998 112.331 2.33593e-07 0.00180524 0.00186504
49.8398 112.331 2.33537e-07 0.0018077 0.00187592
49.8799 112.782 2.33492e-07 0.0017976 0.00187212
49.9199 113.232 2.33451e-07 0.00177628 0.00185517
49.96 115.033 2.33401e-07 0.00174921 0.00183119
50 113.682 2.33336e-07 0.00172435 0.00182372
