#S 1 scored data
#N 5
#L  distance  fwhm  total_intensity  on_axis_intensity  peak_intensity
10 432.442 4.12784e-06 0.0127617 0.0316036
10.04 438.295 4.10508e-06 0.00817374 0.0312829
10.0801 443.698 4.08553e-06 0.00990994 0.0291798
10.1201 449.1 4.0692e-06 0.0092395 0.0260781
10.1602 450.001 4.02989e-06 0.0115406 0.0210079
10.2002 448.2 3.98904e-06 0.00796125 0.0182096
10.2402 449.551 3.96432e-06 0.0114897 0.0183744
10.2803 450.001 3.93414e-06 0.00921131 0.019545
10.3203 448.2 3.90943e-06 0.0114637 0.0191291
10.3604 449.551 3.88615e-06 0.00907378 0.017709
10.4004 450.001 3.84611e-06 0.0120535 0.0168219
10.4404 449.1 3.80244e-06 0.0106178 0.0144515
10.4805 450.001 3.76403e-06 0.011912 0.0138028
10.5205 447.75 3.72361e-06 0.00995211 0.0142841
10.5606 429.29 3.69881e-06 0.0135622 0.0143176
10.6006 430.641 3.67957e-06 0.0118691 0.0131604
10.6406 424.338 3.66609e-06 0.0118892 0.0138308
10.6807 369.861 3.65703e-06 0.0119758 0.0145464
10.7207 368.51 3.64626e-06 0.0137021 0.0140392
10.7608 366.259 3.63616e-06 0.0135038 0.014555
10.8008 364.008 3.62447e-06 0.0118642 0.0143301
10.8408 361.757 3.61231e-06 0.0136437 0.0151478
10.8809 359.055 3.60178e-06 0.0124214 0.0145572
10.9209 352.752 3.59177e-06 0.0157014 0.0157115
10.961 352.302 3.5838e-06 0.0115857 0.0147324
11.001 350.501 3.57829e-06 0.0133836 0.0145907
11.041 351.852 3.57439e-06 0.0116954 0.0143057
11.0811 349.6 3.57229e-06 0.015867 0.0158731
11.1211 346.899 3.57157e-06 0.0114702 0.0155883
11.1612 345.098 3.57142e-06 0.0116225 0.0152121
11.2012 340.596 3.57166e-06 0.0117931 0.0149464
11.2412 337.444 3.57223e-06 0.0130987 0.0152428
11.2813 335.643 3.5725e-06 0.0123124 0.0150166
11.3213 337.444 3.57176e-06 0.0102475 0.0145283
11.3614 331.141 3.57214e-06 0.0108069 0.0154979
11.4014 328.89 3.57108e-06 0.01106 0.0155353
11.4414 327.99 3.57006e-06 0.0126045 0.0157139
11.4815 325.288 3.56943e-06 0.00991172 0.0153686
11.5215 323.037 3.56861e-06 0.0112743 0.0156261
11.5616 323.938 3.56841e-06 0.00976656 0.0157175
11.6016 318.085 3.56822e-06 0.0128867 0.0162469
11.6416 315.834 3.56853e-06 0.0126145 0.0157738
11.6817 314.933 3.56898e-06 0.0119381 0.0150988
11.7217 315.383 3.56915e-06 0.0116343 0.0159767
11.7618 312.682 3.56916e-06 0.012561 0.0161063
11.8018 309.53 3.56912e-06 0.0154895 0.016157
11.8418 308.18 3.56845e-06 0.0143874 0.0157289
11.8819 306.829 3.56782e-06 0.0138018 0.0156861
11.9219 304.128 3.56746e-06 0.0127791 0.0160868
11.962 298.725 3.56686e-06 0.0151698 0.0161138
12.002 297.374 3.56657e-06 0.0152532 0.016076
12.042 298.275 3.56651e-06 0.0159545 0.0163004
12.0821 295.573 3.56648e-06 0.0143856 0.0160151
12.1221 292.872 3.5665e-06 0.0139171 0.0173542
12.1622 290.621 3.56621e-06 0.0149013 0.0173114
12.2022 288.82 3.56589e-06 0.0158162 0.0166128
12.2422 286.119 3.5656e-06 0.0184372 0.0184407
12.2823 283.417 3.56524e-06 0.0150372 0.0169726
12.3223 279.815 3.56509e-06 0.0147787 0.0173939
12.3624 279.815 3.5651e-06 0.014187 0.0178914
12.4024 277.564 3.5654e-06 0.015606 0.0175193
12.4424 275.763 3.56552e-06 0.0167307 0.0172983
12.4825 272.612 3.56567e-06 0.0137012 0.017549
12.5225 271.261 3.56562e-06 0.0135406 0.0170052
12.5626 268.11 3.56553e-06 0.0121584 0.0184641
12.6026 265.858 3.56567e-06 0.013444 0.0175577
12.6426 264.508 3.5654e-06 0.0147101 0.0185832
12.6827 264.958 3.56579e-06 0.0153695 0.0187457
12.7227 262.257 3.56588e-06 0.0150333 0.0187295
12.7628 260.006 3.56595e-06 0.0117768 0.0181709
12.8028 257.754 3.56592e-06 0.0138838 0.0192265
12.8428 255.053 3.56576e-06 0.0135144 0.0187491
12.8829 251.901 3.56552e-06 0.0169663 0.0195216
12.9229 250.551 3.56536e-06 0.0157347 0.0189108
12.963 248.75 3.56536e-06 0.0147598 0.0188892
13.003 249.65 3.56536e-06 0.0153103 0.0188708
13.043 246.499 3.56535e-06 0.01554 0.0188922
13.0831 241.546 3.56521e-06 0.0188191 0.018822
13.1231 241.546 3.56491e-06 0.0186762 0.0195082
13.1632 237.944 3.56472e-06 0.0201577 0.0201581
13.2032 236.594 3.56469e-06 0.0187292 0.0194125
13.2432 234.793 3.56466e-06 0.015717 0.0204665
13.2833 232.092 3.56471e-06 0.0178399 0.0202038
13.3233 230.741 3.56471e-06 0.0186481 0.0201848
13.3634 223.987 3.56476e-06 0.0228285 0.0228363
13.4034 224.438 3.56469e-06 0.0202568 0.021501
13.4434 223.537 3.56462e-06 0.0187671 0.0224771
13.4835 221.286 3.56487e-06 0.0174894 0.020896
13.5235 220.836 3.56499e-06 0.0155405 0.0219695
13.5636 217.684 3.56511e-06 0.0167953 0.0217852
13.6036 216.784 3.56512e-06 0.0179678 0.0211999
13.6436 213.182 3.56506e-06 0.0198969 0.0216837
13.6837 210.931 3.56505e-06 0.0196427 0.0226052
13.7237 210.03 3.565e-06 0.0151206 0.0214589
13.7638 206.879 3.5651e-06 0.0147882 0.0230485
13.8038 206.879 3.56509e-06 0.0142821 0.0226466
13.8438 205.528 3.56501e-06 0.0177536 0.022659
13.8839 201.476 3.56493e-06 0.0200841 0.0231104
13.9239 197.874 3.56487e-06 0.0195218 0.0240989
13.964 197.424 3.56478e-06 0.0209899 0.024333
14.004 195.173 3.56479e-06 0.0172043 0.0228822
14.044 195.173 3.56476e-06 0.0179828 0.0237237
14.0841 190.671 3.56457e-06 0.0189529 0.0237352
14.1241 190.671 3.56449e-06 0.0220182 0.0242658
14.1642 185.718 3.56439e-06 0.0268213 0.0268236
14.2042 185.268 3.56441e-06 0.0248303 0.0257428
14.2442 183.017 3.56441e-06 0.0248742 0.0262758
14.2843 181.666 3.56453e-06 0.0222308 0.0250306
14.3243 177.614 3.56457e-06 0.0206406 0.0272342
14.3644 178.515 3.56448e-06 0.0222458 0.0263105
14.4044 173.562 3.56458e-06 0.0221761 0.028199
14.4444 170.861 3.56477e-06 0.0259283 0.027503
14.4845 171.761 3.56487e-06 0.0258981 0.0259424
14.5245 170.411 3.56474e-06 0.0233797 0.0262573
14.5646 166.359 3.56463e-06 0.0218048 0.0270756
14.6046 166.359 3.56465e-06 0.0180379 0.0266558
14.6446 161.406 3.56464e-06 0.0184828 0.0285567
14.6847 160.956 3.56464e-06 0.0193853 0.0294976
14.7247 158.705 3.56463e-06 0.0208841 0.0289008
14.7648 157.354 3.56448e-06 0.0251167 0.0299911
14.8048 157.354 3.56443e-06 0.0251546 0.0299952
14.8448 154.202 3.56442e-06 0.024584 0.0287916
14.8849 149.7 3.56441e-06 0.0223523 0.0296937
14.9249 148.8 3.56442e-06 0.0199598 0.0325598
14.965 148.349 3.56436e-06 0.0237796 0.0308924
15.005 145.198 3.56432e-06 0.0271862 0.0300978
15.045 145.198 3.56428e-06 0.0315163 0.0315177
15.0851 138.895 3.56429e-06 0.0349331 0.034934
15.1251 139.345 3.56431e-06 0.0322528 0.0333666
15.1652 137.094 3.56439e-06 0.031269 0.0334167
15.2052 136.193 3.56434e-06 0.028125 0.0337521
15.2452 135.293 3.56438e-06 0.0240672 0.0353414
15.2853 130.34 3.5645e-06 0.0261197 0.0353842
15.3253 135.743 3.56459e-06 0.027152 0.0329275
15.3654 131.691 3.56467e-06 0.0306531 0.0332122
15.4054 126.739 3.56464e-06 0.0344911 0.0355744
15.4454 126.288 3.56473e-06 0.0309143 0.0378516
15.4855 120.435 3.56478e-06 0.0282915 0.0379186
15.5255 121.786 3.56479e-06 0.0246744 0.0370033
15.5656 117.734 3.56481e-06 0.0206973 0.0384921
15.6056 117.284 3.56474e-06 0.0238634 0.0401955
15.6456 115.933 3.56469e-06 0.0275644 0.0403641
15.6857 112.331 3.56466e-06 0.0329586 0.0400882
15.7257 107.604 3.56466e-06 0.0401022 0.0411329
15.7658 112.782 3.56458e-06 0.0413657 0.0413666
15.8058 108.279 3.56456e-06 0.0406334 0.0412403
15.8458 114.132 3.56452e-06 0.0374544 0.0381475
15.8859 106.929 3.56447e-06 0.0324358 0.0430144
15.9259 97.4739 3.5645e-06 0.0323884 0.0469323
15.966 97.4739 3.56446e-06 0.0342061 0.0483232
16.006 97.9242 3.56446e-06 0.0385043 0.0467905
16.046 103.777 3.56444e-06 0.0440414 0.0440419
16.0861 97.9242 3.56443e-06 0.0448947 0.0453641
16.1261 94.3223 3.56448e-06 0.044688 0.0467468
16.1662 94.7726 3.56454e-06 0.0401191 0.0454354
16.2062 94.3223 3.56452e-06 0.0309875 0.045825
16.2462 88.0192 3.56449e-06 0.0279347 0.0538613
16.2863 82.1662 3.56454e-06 0.027871 0.0560652
16.3263 88.0192 3.56462e-06 0.0307181 0.0521053
16.3664 88.0192 3.56469e-06 0.0408571 0.0507457
16.4064 84.8676 3.56461e-06 0.0496319 0.0510376
16.4464 78.5644 3.56458e-06 0.0560794 0.0560824
16.4865 78.1142 3.56462e-06 0.0597679 0.0597721
16.5265 78.5644 3.56462e-06 0.0556115 0.0560517
16.5666 79.0147 3.5646e-06 0.0512318 0.0532867
16.6066 78.5644 3.56447e-06 0.0477885 0.0556026
16.6466 72.2613 3.56441e-06 0.0435998 0.0634984
16.6867 68.2092 3.56441e-06 0.0463758 0.0667436
16.7267 68.6595 3.56442e-06 0.0520949 0.0635511
16.7668 68.2092 3.56442e-06 0.0565358 0.0665532
16.8068 67.759 3.56428e-06 0.0615983 0.0702813
16.8468 67.759 3.56428e-06 0.0601154 0.0681601
16.8869 62.8065 3.56436e-06 0.0539147 0.0679358
16.9269 62.3563 3.56443e-06 0.0498911 0.0719892
16.967 61.0056 3.56446e-06 0.0448392 0.0753914
17.007 56.9536 3.56442e-06 0.0439935 0.0796267
17.047 56.2783 3.56445e-06 0.052523 0.0794766
17.0871 52.9016 3.56452e-06 0.0641626 0.0763887
17.1271 52.9016 3.56451e-06 0.0790355 0.0790368
17.1672 51.5509 3.56447e-06 0.0936313 0.0936373
17.2072 45.6979 3.56446e-06 0.0988106 0.0988139
17.2472 46.1482 3.56447e-06 0.09821 0.0982137
17.2873 46.1482 3.56448e-06 0.0926544 0.0959905
17.3273 45.6979 3.56443e-06 0.0804988 0.0931016
17.3674 41.6459 3.56434e-06 0.0705543 0.092577
17.4074 39.845 3.56427e-06 0.064188 0.106624
17.4474 37.1436 3.5643e-06 0.0626979 0.112772
17.4875 36.2432 3.56428e-06 0.0731292 0.115921
17.5275 35.793 3.56427e-06 0.0865784 0.115564
17.5676 35.793 3.56422e-06 0.0972954 0.110479
17.6076 31.2907 3.56419e-06 0.113732 0.113734
17.6476 30.3903 3.5642e-06 0.129212 0.129221
17.6877 29.4898 3.5642e-06 0.136636 0.136636
17.7277 24.9875 3.5642e-06 0.144783 0.144783
17.7678 24.0871 3.56413e-06 0.151706 0.151706
17.8078 23.6369 3.56418e-06 0.154357 0.154357
17.8478 23.1866 3.56421e-06 0.158859 0.160112
17.8879 20.4853 3.5642e-06 0.159178 0.170423
17.9279 18.6844 3.56423e-06 0.154119 0.169494
17.968 16.8835 3.56421e-06 0.15248 0.201704
18.008 15.5328 3.56427e-06 0.155376 0.23742
18.048 13.2817 3.56427e-06 0.171688 0.265464
18.0881 11.0305 3.56419e-06 0.211584 0.29349
18.1281 10.1301 3.56417e-06 0.272589 0.306389
18.1682 9.22963 3.56419e-06 0.366219 0.366219
18.2082 6.52828 3.56419e-06 0.497359 0.497359
18.2482 3.82692 3.56418e-06 0.638445 0.638445
18.2883 3.3767 3.56409e-06 0.780998 0.780998
18.3283 2.92647 3.56406e-06 0.919283 0.91929
18.3684 2.92647 3.56406e-06 1.0151 1.0151
18.4084 2.92647 3.56408e-06 1.0646 1.0646
18.4484 2.92647 3.5641e-06 1.07583 1.07584
18.4885 2.92647 3.564e-06 1.0309 1.03092
18.5285 2.92647 3.56392e-06 0.936287 0.936288
18.5686 3.3767 3.56392e-06 0.818203 0.818203
18.6086 3.82692 3.56397e-06 0.686611 0.686611
18.6486 4.72737 3.56401e-06 0.55344 0.55344
18.6887 7.42873 3.564e-06 0.437543 0.437543
18.7287 9.22963 3.56396e-06 0.343788 0.343788
18.7688 11.0305 3.564e-06 0.269629 0.274512
18.8088 11.931 3.56402e-06 0.216682 0.260591
18.8488 13.7319 3.56399e-06 0.183755 0.244502
18.8889 15.983 3.56397e-06 0.162278 0.219893
18.9289 17.3337 3.56396e-06 0.15123 0.193342
18.969 18.2342 3.56395e-06 0.148731 0.172813
19.009 22.2862 3.56388e-06 0.14723 0.154356
19.049 23.1866 3.56382e-06 0.147789 0.150827
19.0891 23.6369 3.56379e-06 0.149379 0.14938
19.1291 24.0871 3.56379e-06 0.147021 0.147021
19.1692 24.9875 3.56377e-06 0.141564 0.141565
19.2092 29.4898 3.56376e-06 0.134526 0.134526
19.2492 29.94 3.56366e-06 0.123901 0.123908
19.2893 31.2907 3.56364e-06 0.109359 0.109366
19.3293 35.3427 3.56363e-06 0.0947253 0.109087
19.3694 35.793 3.5636e-06 0.0821889 0.112733
19.4094 36.6934 3.56358e-06 0.0722481 0.10865
19.4494 37.1436 3.56354e-06 0.0682779 0.104542
19.4895 41.1957 3.56354e-06 0.0710788 0.0967881
19.5295 43.4468 3.56352e-06 0.0763022 0.085003
19.5696 42.9966 3.56347e-06 0.0826847 0.0896885
19.6096 43.897 3.56349e-06 0.0899127 0.0903307
19.6496 44.7975 3.56347e-06 0.0919563 0.0919637
19.6897 47.4988 3.56351e-06 0.0877297 0.0877323
19.7297 49.2997 3.56345e-06 0.0825514 0.0825514
19.7698 52.9016 3.56337e-06 0.0730592 0.0730632
19.8098 53.3518 3.56335e-06 0.0604018 0.0733356
19.8498 53.802 3.56339e-06 0.0537089 0.0747101
19.8899 53.802 3.56338e-06 0.0491557 0.0750995
19.9299 58.7545 3.56336e-06 0.0455507 0.0721261
19.97 59.6549 3.56331e-06 0.0488049 0.0672344
20.01 65.5079 3.56321e-06 0.0535798 0.0603223
20.0501 65.9581 3.56315e-06 0.0557282 0.0605165
20.0901 65.9581 3.56309e-06 0.0601716 0.0617401
20.1301 66.4083 3.56303e-06 0.062222 0.062224
20.1702 67.3088 3.56301e-06 0.0586736 0.05876
20.2102 72.7115 3.56296e-06 0.0559807 0.055981
20.2503 73.612 3.563e-06 0.0524941 0.0527233
20.2903 74.0622 3.56297e-06 0.0475704 0.0526105
20.3303 78.1142 3.56286e-06 0.0440565 0.0505346
20.3704 79.0147 3.5628e-06 0.0423547 0.0504404
20.4104 79.4649 3.56282e-06 0.0418755 0.0503309
20.4505 80.8156 3.56283e-06 0.0412098 0.0511199
20.4905 83.5169 3.56288e-06 0.0413834 0.0480203
20.5305 85.3178 3.56286e-06 0.0424175 0.0455341
20.5706 89.8201 3.56277e-06 0.0404343 0.0448516
20.6106 90.2703 3.56273e-06 0.0386059 0.0456958
20.6507 90.2703 3.56269e-06 0.0392279 0.0459521
20.6907 91.1708 3.56256e-06 0.0371036 0.0444925
20.7307 96.5735 3.56253e-06 0.0364553 0.0434923
20.7708 97.4739 3.56252e-06 0.0388476 0.0415748
20.8108 97.9242 3.5625e-06 0.0391708 0.0415829
20.8509 98.3744 3.56242e-06 0.0400433 0.0403713
20.8909 98.8246 3.56227e-06 0.0417611 0.0417634
20.9309 103.777 3.56219e-06 0.0413231 0.0413238
20.971 105.128 3.56211e-06 0.0392198 0.0392231
21.011 107.829 3.56207e-06 0.0356427 0.0367969
21.0511 109.18 3.562e-06 0.0330354 0.0376272
21.0911 110.08 3.56198e-06 0.0295157 0.0374617
21.1311 109.63 3.56196e-06 0.025703 0.0387105
21.1712 111.881 3.56196e-06 0.0259864 0.0392509
21.2112 115.483 3.56189e-06 0.0263929 0.0377091
21.2513 116.834 3.56172e-06 0.0271245 0.034232
21.2913 122.687 3.56166e-06 0.031149 0.0329448
21.3313 122.687 3.56162e-06 0.0340148 0.0348986
21.3714 122.687 3.56161e-06 0.0352879 0.0352888
21.4114 123.137 3.56153e-06 0.0359709 0.0359714
21.4515 123.587 3.56141e-06 0.0354562 0.0354583
21.4915 128.99 3.5613e-06 0.0339137 0.0339172
21.5315 130.791 3.56123e-06 0.0297066 0.0313754
21.5716 131.691 3.56116e-06 0.0275859 0.0310914
21.6116 133.942 3.56102e-06 0.0259349 0.031475
21.6517 135.293 3.56094e-06 0.0231097 0.031762
21.6917 137.544 3.5609e-06 0.0234078 0.0306592
21.7317 141.146 3.56089e-06 0.0244814 0.0307471
21.7718 141.596 3.56079e-06 0.0251328 0.0306548
21.8118 142.046 3.56067e-06 0.0259917 0.0306061
21.8519 148.349 3.56046e-06 0.0267434 0.0287267
21.8919 148.8 3.56034e-06 0.0277013 0.0298628
21.9319 149.7 3.56023e-06 0.0260853 0.0288468
21.972 149.7 3.56008e-06 0.025278 0.0297089
22.012 150.601 3.55999e-06 0.0255444 0.0290335
22.0521 151.501 3.5599e-06 0.0238009 0.0292283
22.0921 156.454 3.55988e-06 0.0236604 0.0278994
22.1321 158.705 3.55974e-06 0.0242303 0.0262326
22.1722 161.406 3.55956e-06 0.0252715 0.0265361
22.2122 161.406 3.55933e-06 0.0253574 0.0275942
22.2523 163.207 3.55922e-06 0.0250983 0.0260676
22.2923 167.709 3.55915e-06 0.0261318 0.0261329
22.3323 169.51 3.55903e-06 0.024287 0.0257985
22.3724 169.51 3.55893e-06 0.0223424 0.0249151
22.4124 175.813 3.55884e-06 0.0211082 0.0242108
22.4525 175.363 3.55877e-06 0.0193536 0.0256935
22.4925 176.263 3.55864e-06 0.0179506 0.0252122
22.5325 176.714 3.55843e-06 0.0168685 0.0254743
22.5726 178.064 3.55807e-06 0.0184141 0.0249957
22.6126 183.017 3.55786e-06 0.0193186 0.023965
22.6527 184.368 3.55771e-06 0.02024 0.0232021
22.6927 186.619 3.5576e-06 0.0227882 0.0229146
22.7327 187.969 3.55744e-06 0.0239956 0.0239956
22.7728 188.42 3.55729e-06 0.0246155 0.0246181
22.8128 189.32 3.55714e-06 0.0236391 0.0236398
22.8529 190.671 3.55697e-06 0.0236298 0.0236311
22.8929 196.974 3.55673e-06 0.0222118 0.0222141
22.9329 196.974 3.55634e-06 0.0194611 0.0221817
22.973 197.874 3.55606e-06 0.0184545 0.0219067
23.013 198.775 3.55587e-06 0.0174243 0.0221006
23.0531 204.628 3.55576e-06 0.0171541 0.0213988
23.0931 205.078 3.55562e-06 0.0163565 0.022012
23.1331 206.429 3.55552e-06 0.0174007 0.0210731
23.1732 209.13 3.55534e-06 0.0184326 0.0219184
23.2132 209.58 3.55522e-06 0.0180762 0.0220575
23.2533 210.931 3.55495e-06 0.0186155 0.0215977
23.2933 217.234 3.55458e-06 0.0186105 0.019882
23.3333 217.234 3.55408e-06 0.0186621 0.0205575
23.3734 218.134 3.55374e-06 0.0170127 0.0204842
23.4134 218.585 3.55353e-06 0.016799 0.0208085
23.4535 223.987 3.55331e-06 0.0171005 0.020316
23.4935 224.438 3.55309e-06 0.0166927 0.0206713
23.5335 226.239 3.55291e-06 0.0170851 0.0200181
23.5736 227.589 3.55272e-06 0.017712 0.0190645
23.6136 230.291 3.5525e-06 0.0194435 0.0194449
23.6537 232.992 3.55219e-06 0.0189952 0.0189956
23.6937 232.992 3.55166e-06 0.0194016 0.0194021
23.7337 237.494 3.55118e-06 0.0194282 0.0194293
23.7738 238.845 3.55075e-06 0.0188785 0.0188794
23.8138 239.745 3.55049e-06 0.0170778 0.0185476
23.8539 245.598 3.55017e-06 0.0153012 0.0184217
23.8939 246.499 3.54995e-06 0.0148554 0.0183458
23.9339 246.499 3.54976e-06 0.0133601 0.0192435
23.974 247.399 3.54964e-06 0.0127685 0.0185368
24.014 247.849 3.54942e-06 0.0126089 0.0186929
24.0541 251.001 3.54914e-06 0.0139088 0.018054
24.0941 254.603 3.54854e-06 0.0143867 0.0173441
24.1341 257.304 3.54806e-06 0.0150582 0.0176083
24.1742 259.555 3.54758e-06 0.016565 0.0173577
24.2142 260.906 3.54717e-06 0.0173016 0.0173383
24.2543 261.356 3.54671e-06 0.0174446 0.0174468
24.2943 267.209 3.54634e-06 0.0163832 0.0167614
24.3343 268.56 3.54613e-06 0.0168114 0.0168323
24.3744 268.56 3.54604e-06 0.0158375 0.0173012
24.4144 269.01 3.54591e-06 0.0151511 0.0174885
24.4545 269.91 3.54573e-06 0.013974 0.0174952
24.4945 272.162 3.54532e-06 0.0144856 0.0165244
24.5345 276.214 3.54488e-06 0.0143614 0.0156127
24.5746 278.015 3.54442e-06 0.0141568 0.0160227
24.6146 281.616 3.54396e-06 0.0144165 0.0161703
24.6547 282.517 3.54334e-06 0.0149971 0.0162171
24.6947 283.417 3.54282e-06 0.0152469 0.0166332
24.7347 283.867 3.54243e-06 0.0140885 0.0166437
24.7748 290.171 3.54226e-06 0.0139325 0.0162204
24.8148 291.521 3.54211e-06 0.0132542 0.0154576
24.8549 292.422 3.542e-06 0.0129018 0.0153888
24.8949 293.772 3.54183e-06 0.0113553 0.0153624
24.9349 296.924 3.5417e-06 0.0114901 0.0153589
24.975 296.024 3.54145e-06 0.0115333 0.0160124
25.015 298.275 3.54123e-06 0.0120669 0.0152111
25.0551 300.526 3.54075e-06 0.0121266 0.0153631
25.0951 304.578 3.54023e-06 0.013412 0.0159724
25.1351 305.028 3.53972e-06 0.0146795 0.0153778
25.1752 306.829 3.53939e-06 0.0151749 0.0151765
25.2152 307.729 3.53909e-06 0.0151763 0.0151777
25.2553 313.132 3.53882e-06 0.0152605 0.0152618
25.2953 314.033 3.53861e-06 0.0155439 0.015545
25.3353 315.834 3.53856e-06 0.0143987 0.0143996
25.3754 318.985 3.53855e-06 0.0134039 0.0142874
25.4154 320.336 3.53856e-06 0.0123533 0.014129
25.4555 320.336 3.53854e-06 0.0123635 0.0142574
25.4955 327.539 3.53845e-06 0.0112522 0.0139329
25.5355 327.99 3.53822e-06 0.0110835 0.0136758
25.5756 328.89 3.538e-06 0.0109457 0.0138293
25.6156 329.791 3.53772e-06 0.0120045 0.0134895
25.6557 330.241 3.53742e-06 0.0116658 0.0142442
25.6957 330.241 3.53699e-06 0.0119567 0.0148783
25.7357 335.643 3.53659e-06 0.0118893 0.0143772
25.7758 338.345 3.53629e-06 0.0126025 0.0137819
25.8158 341.496 3.5361e-06 0.0118219 0.013666
25.8559 342.847 3.53588e-06 0.0113778 0.0133955
25.8959 345.098 3.53579e-06 0.0108456 0.0128011
25.9359 350.501 3.53574e-06 0.0111112 0.0128892
25.976 350.951 3.53578e-06 0.0106065 0.0132119
26.016 351.852 3.5357e-06 0.0104788 0.0134528
26.0561 352.302 3.53555e-06 0.0108797 0.0134897
26.0961 353.202 3.53534e-06 0.0118537 0.0134435
26.1361 354.103 3.53488e-06 0.0122999 0.0130806
26.1762 355.904 3.53416e-06 0.0124599 0.013259
26.2162 359.505 3.53303e-06 0.0130436 0.0130436
26.2563 359.505 3.53182e-06 0.0136349 0.0136349
26.2963 364.908 3.53028e-06 0.0135829 0.0135837
26.3363 367.159 3.52835e-06 0.0126977 0.012698
26.3764 368.06 3.52602e-06 0.0121157 0.0126936
26.4164 368.96 3.52354e-06 0.0116413 0.0125441
26.4565 374.363 3.52097e-06 0.0109681 0.0128704
26.4965 376.614 3.51824e-06 0.00980734 0.0126412
26.5365 376.614 3.51498e-06 0.00932346 0.0125843
26.5766 377.965 3.51144e-06 0.00932887 0.012609
26.6166 380.666 3.50789e-06 0.00955209 0.0123862
26.6567 383.367 3.50428e-06 0.00930279 0.0117946
26.6967 382.467 3.50061e-06 0.00965229 0.0123137
26.7367 383.818 3.49649e-06 0.0102762 0.0123693
26.7768 390.571 3.49221e-06 0.0109521 0.0122187
26.8168 391.472 3.48802e-06 0.010718 0.0123034
26.8569 391.922 3.48399e-06 0.0106054 0.0124137
26.8969 392.822 3.47971e-06 0.0106008 0.0122986
26.9369 395.524 3.47542e-06 0.0107127 0.0117517
26.977 400.026 3.47088e-06 0.0100878 0.0114745
27.017 401.827 3.46695e-06 0.00963849 0.0116759
27.0571 404.528 3.46304e-06 0.00960074 0.0117155
27.0971 406.329 3.45921e-06 0.0100593 0.0117946
27.1371 407.229 3.45505e-06 0.0100477 0.0116142
27.1772 408.13 3.45108e-06 0.010104 0.0115833
27.2172 414.883 3.44706e-06 0.0105432 0.0114712
27.2573 415.784 3.44341e-06 0.0113688 0.011557
27.2973 415.784 3.43928e-06 0.0116999 0.0117003
27.3373 417.585 3.4351e-06 0.0113905 0.0113909
27.3774 418.485 3.43078e-06 0.0112917 0.0112921
27.4174 419.836 3.42666e-06 0.0111663 0.0111664
27.4575 422.537 3.42227e-06 0.0110283 0.0110283
27.4975 423.888 3.41764e-06 0.00988227 0.0111644
27.5375 423.888 3.41225e-06 0.00923514 0.0112742
27.5776 431.091 3.40696e-06 0.00859072 0.0114253
27.6176 431.992 3.40149e-06 0.00865176 0.0111526
27.6577 432.892 3.39569e-06 0.00793527 0.0112318
27.6977 435.143 3.38933e-06 0.0078982 0.0106573
27.7377 439.195 3.38237e-06 0.00790689 0.010855
27.7778 440.546 3.3752e-06 0.00885462 0.0104134
27.8178 440.096 3.36779e-06 0.00887999 0.0107174
27.8579 440.096 3.35979e-06 0.00924152 0.0109988
27.8979 447.3 3.35078e-06 0.00914095 0.0108175
27.9379 448.2 3.34148e-06 0.00996912 0.0107185
27.978 448.65 3.33163e-06 0.00976966 0.0105323
28.018 450.001 3.32199e-06 0.00972068 0.0106167
28.0581 450.001 3.3115e-06 0.00899002 0.0106557
28.0981 450.001 3.30051e-06 0.00925715 0.0103457
28.1381 450.001 3.28888e-06 0.00900702 0.0103381
28.1782 450.001 3.27766e-06 0.00893883 0.0105729
28.2182 450.001 3.26607e-06 0.00844607 0.0107605
28.2583 450.001 3.25474e-06 0.00880635 0.0105526
28.2983 450.001 3.24277e-06 0.00930962 0.0100467
28.3383 450.001 3.23129e-06 0.00966796 0.00975296
28.3784 450.001 3.22049e-06 0.00971965 0.0100675
28.4184 450.001 3.21011e-06 0.00968328 0.010076
28.4585 450.001 3.19988e-06 0.0103098 0.0103104
28.4985 450.001 3.18968e-06 0.0102055 0.0102886
28.5385 388.77 3.17999e-06 0.0101569 0.0101578
28.5786 423.888 3.17096e-06 0.00913452 0.00975894
28.6186 433.793 3.16278e-06 0.00910138 0.00960224
28.6587 433.793 3.15433e-06 0.00848967 0.0097433
28.6987 424.338 3.14645e-06 0.00826786 0.010201
28.7387 392.822 3.13865e-06 0.00727127 0.0102813
28.7788 433.343 3.13147e-06 0.00711767 0.0100528
28.8188 400.476 3.12423e-06 0.00708143 0.009959
28.8589 435.143 3.11692e-06 0.00743629 0.00984863
28.8989 435.143 3.10918e-06 0.00734382 0.00952338
28.9389 441.447 3.10209e-06 0.00741304 0.00932897
28.979 449.1 3.09486e-06 0.00790481 0.00939282
29.019 450.001 3.08761e-06 0.00840203 0.00950727
29.0591 450.001 3.0799e-06 0.00881409 0.00934485
29.0991 449.551 3.07187e-06 0.00840516 0.00939555
29.1391 450.001 3.06414e-06 0.00860183 0.00968731
29.1792 449.551 3.05651e-06 0.00840487 0.00945917
29.2192 450.001 3.04879e-06 0.00873552 0.00924957
29.2593 450.001 3.04083e-06 0.00802576 0.00925323
29.2993 450.001 3.03342e-06 0.00787804 0.00927426
29.3393 422.087 3.02608e-06 0.00763332 0.00939679
29.3794 424.788 3.01952e-06 0.00804659 0.00945163
29.4194 426.139 3.01262e-06 0.00809685 0.0092949
29.4595 430.191 3.00601e-06 0.00795304 0.00922641
29.4995 432.442 2.99978e-06 0.00823191 0.00903769
29.5395 433.793 2.99425e-06 0.0085046 0.0089443
29.5796 433.793 2.98884e-06 0.00933919 0.00934078
29.6196 434.693 2.98359e-06 0.00901276 0.00904566
29.6597 436.044 2.97815e-06 0.0091279 0.0091286
29.6997 441.447 2.97289e-06 0.0086813 0.00923877
29.7397 442.347 2.96785e-06 0.00895592 0.00901895
29.7798 442.797 2.96229e-06 0.00860703 0.008993
29.8198 447.3 2.95647e-06 0.00798472 0.00867865
29.8599 446.849 2.95016e-06 0.00740461 0.00894728
29.8999 449.551 2.94391e-06 0.00689429 0.00888407
29.9399 450.001 2.93712e-06 0.0070389 0.00884407
29.98 450.001 2.92995e-06 0.0065331 0.00900877
30.02 450.001 2.92158e-06 0.00648298 0.00870947
30.0601 450.001 2.91329e-06 0.00616463 0.00849014
30.1001 450.001 2.90476e-06 0.00675078 0.00879589
30.1401 450.001 2.89617e-06 0.00701305 0.00852295
30.1802 450.001 2.88737e-06 0.00724336 0.00838285
30.2202 450.001 2.87813e-06 0.00723425 0.00865374
30.2603 450.001 2.86924e-06 0.00729583 0.00862433
30.3003 450.001 2.86067e-06 0.00782392 0.00850545
30.3403 450.001 2.85253e-06 0.00768349 0.00838207
30.3804 450.001 2.84414e-06 0.00771554 0.00801051
30.4204 450.001 2.83642e-06 0.00706936 0.0082374
30.4605 450.001 2.82891e-06 0.00720022 0.00848033
30.5005 450.001 2.82232e-06 0.00711757 0.00879426
30.5405 450.001 2.81588e-06 0.0070941 0.00828027
30.5806 450.001 2.80935e-06 0.00690406 0.00838163
30.6206 450.001 2.80294e-06 0.00666112 0.00849829
30.6607 447.75 2.79683e-06 0.00724524 0.00840245
30.7007 450.001 2.79099e-06 0.00739329 0.00813796
30.7407 450.001 2.78495e-06 0.0079502 0.00803876
30.7808 450.001 2.77889e-06 0.00768419 0.00835283
30.8208 450.001 2.7723e-06 0.00796728 0.00846669
30.8609 450.001 2.76626e-06 0.00830496 0.00830559
30.9009 450.001 2.7599e-06 0.00842325 0.00842325
30.9409 450.001 2.75336e-06 0.0085354 0.00853546
30.981 450.001 2.74659e-06 0.00772847 0.00824197
31.021 450.001 2.73993e-06 0.0076961 0.00808709
31.0611 450.001 2.73368e-06 0.0072715 0.00788939
31.1011 450.001 2.72765e-06 0.00719542 0.00775814
31.1411 450.001 2.72173e-06 0.00673949 0.0079059
31.1812 450.001 2.71546e-06 0.00607721 0.00798729
31.2212 449.551 2.70994e-06 0.0060983 0.00779648
31.2613 447.75 2.70452e-06 0.00592388 0.00791885
31.3013 448.65 2.69948e-06 0.00632095 0.00768084
31.3413 450.001 2.69439e-06 0.0060306 0.0077096
31.3814 449.1 2.68917e-06 0.00608781 0.00776942
31.4214 450.001 2.68408e-06 0.00630365 0.00767516
31.4615 449.551 2.67906e-06 0.0065731 0.00782752
31.5015 450.001 2.67372e-06 0.00702933 0.00799985
31.5415 450.001 2.66763e-06 0.00664248 0.0078645
31.5816 450.001 2.66157e-06 0.00667651 0.00776089
31.6216 450.001 2.65498e-06 0.00645116 0.00761547
31.6617 450.001 2.64857e-06 0.00660265 0.00744776
31.7017 450.001 2.64165e-06 0.00657827 0.00737465
31.7417 450.001 2.63411e-06 0.00609079 0.00739088
31.7818 450.001 2.6264e-06 0.00602197 0.00738635
31.8218 450.001 2.61884e-06 0.00577021 0.00756199
31.8619 450.001 2.61156e-06 0.00620347 0.00740083
31.9019 450.001 2.60405e-06 0.00623278 0.00761265
31.9419 450.001 2.59701e-06 0.00625282 0.00745961
31.982 450.001 2.5898e-06 0.00643949 0.0076995
32.022 450.001 2.58339e-06 0.00658401 0.00752635
32.0621 450.001 2.57747e-06 0.00736392 0.00736583
32.1021 450.001 2.57146e-06 0.00741073 0.00757923
32.1421 450.001 2.56575e-06 0.00755804 0.00775965
32.1822 450.001 2.56021e-06 0.00741915 0.00770761
32.2222 448.2 2.55522e-06 0.00730853 0.00737665
32.2623 450.001 2.55024e-06 0.00768445 0.00768465
32.3023 450.001 2.54541e-06 0.00728317 0.00728395
32.3423 450.001 2.54002e-06 0.00711971 0.00712135
32.3824 450.001 2.53468e-06 0.00651033 0.00703921
32.4224 450.001 2.52959e-06 0.00618318 0.00704387
32.4625 450.001 2.52415e-06 0.00632416 0.00715435
32.5025 450.001 2.51872e-06 0.00595154 0.00740716
32.5425 450.001 2.51296e-06 0.00597942 0.00712919
32.5826 450.001 2.50737e-06 0.00555393 0.00694589
32.6226 450.001 2.50187e-06 0.00564331 0.00702448
32.6627 450.001 2.49667e-06 0.00603628 0.00702492
32.7027 450.001 2.49119e-06 0.00600157 0.00706216
32.7427 450.001 2.48567e-06 0.00627747 0.00702606
32.7828 450.001 2.48078e-06 0.00590674 0.00709423
32.8228 450.001 2.47591e-06 0.00603605 0.00705855
32.8629 450.001 2.47152e-06 0.00628158 0.0069911
32.9029 450.001 2.46688e-06 0.00611333 0.00708183
32.9429 450.001 2.46209e-06 0.006192 0.00688872
32.983 450.001 2.45734e-06 0.00556191 0.00684891
33.023 450.001 2.45267e-06 0.00541804 0.00703484
33.0631 450.001 2.44788e-06 0.0054274 0.00687895
33.1031 450.001 2.4424e-06 0.00524519 0.00696378
33.1431 450.001 2.43702e-06 0.00539535 0.00675748
33.1832 450.001 2.43113e-06 0.00496596 0.00694598
33.2232 450.001 2.4253e-06 0.00507744 0.00676042
33.2633 450.001 2.4193e-06 0.00536175 0.00696435
33.3033 450.001 2.41259e-06 0.00557159 0.00693757
33.3433 450.001 2.40597e-06 0.00606437 0.00687702
33.3834 450.001 2.3994e-06 0.00588716 0.00679307
33.4234 450.001 2.39338e-06 0.00614554 0.00688144
33.4635 450.001 2.38735e-06 0.00648437 0.00671435
33.5035 450.001 2.38148e-06 0.00665553 0.00669441
33.5435 450.001 2.37579e-06 0.00704201 0.00704347
33.5836 450.001 2.37018e-06 0.0066332 0.0067713
33.6236 450.001 2.36544e-06 0.00646771 0.00672539
33.6637 450.001 2.36067e-06 0.00641596 0.00659325
33.7037 450.001 2.35604e-06 0.00623491 0.0067683
33.7437 450.001 2.35154e-06 0.0064143 0.00669982
33.7838 450.001 2.34714e-06 0.00596353 0.00652985
33.8238 450.001 2.34297e-06 0.00567731 0.00676721
33.8639 450.001 2.33857e-06 0.00560273 0.00681524
33.9039 450.001 2.33407e-06 0.00550224 0.0065321
33.9439 450.001 2.32906e-06 0.00589102 0.00660588
33.984 450.001 2.3243e-06 0.00576319 0.00667004
34.024 450.001 2.3197e-06 0.0056891 0.00657279
34.0641 450.001 2.31484e-06 0.00580244 0.00634711
34.1041 450.001 2.31005e-06 0.00578028 0.00639132
34.1441 450.001 2.30491e-06 0.00623464 0.00646236
34.1842 450.001 2.30003e-06 0.00616905 0.00640016
34.2242 450.001 2.29539e-06 0.00592569 0.00635332
34.2643 450.001 2.29094e-06 0.0058349 0.00631744
34.3043 450.001 2.28656e-06 0.00546303 0.00642014
34.3443 450.001 2.282e-06 0.00560792 0.00649177
34.3844 450.001 2.27797e-06 0.00548063 0.00651916
34.4244 450.001 2.27385e-06 0.00505852 0.00641239
34.4645 450.001 2.26981e-06 0.00488098 0.00631777
34.5045 450.001 2.2656e-06 0.00444086 0.00660202
34.5445 450.001 2.26089e-06 0.0045494 0.00634745
34.5846 450.001 2.25637e-06 0.00471279 0.00630504
34.6246 450.001 2.25171e-06 0.00456496 0.00646916
34.6647 450.001 2.24703e-06 0.00473634 0.00624927
34.7047 450.001 2.24193e-06 0.00460144 0.00606669
34.7447 450.001 2.23638e-06 0.00484181 0.00615925
34.7848 450.001 2.23098e-06 0.00534566 0.00603103
34.8248 450.001 2.22535e-06 0.0053581 0.00602846
34.8649 450.001 2.22011e-06 0.00562121 0.00602869
34.9049 450.001 2.21482e-06 0.00552144 0.00595222
34.9449 450.001 2.20934e-06 0.00540706 0.00610495
34.985 450.001 2.20438e-06 0.00582843 0.00598484
35.025 450.001 2.19959e-06 0.00571079 0.00603966
35.0651 450.001 2.19524e-06 0.00567798 0.00613789
35.1051 450.001 2.19097e-06 0.00555419 0.00618447
35.1451 450.001 2.18667e-06 0.00505408 0.00597124
35.1852 450.001 2.18267e-06 0.00524166 0.00620942
35.2252 450.001 2.17875e-06 0.00527307 0.00620633
35.2653 450.001 2.17532e-06 0.00520882 0.00607719
35.3053 450.001 2.17169e-06 0.00540284 0.00626293
35.3453 450.001 2.16776e-06 0.00504896 0.00609298
35.3854 450.001 2.16383e-06 0.00516699 0.00601671
35.4254 450.001 2.15964e-06 0.00555981 0.00594352
35.4655 450.001 2.15565e-06 0.00557898 0.00586011
35.5055 450.001 2.15151e-06 0.00598384 0.00598437
35.5455 450.001 2.14717e-06 0.00590542 0.00592861
35.5856 450.001 2.14282e-06 0.00566325 0.00598025
35.6256 450.001 2.13839e-06 0.0060008 0.00604782
35.6657 450.001 2.1344e-06 0.00589999 0.00598395
35.7057 450.001 2.13029e-06 0.00593512 0.00593526
35.7457 450.001 2.1261e-06 0.00595619 0.00595639
35.7858 450.001 2.12208e-06 0.00531139 0.00589733
35.8258 450.001 2.11796e-06 0.00517482 0.00583525
35.8659 450.001 2.11437e-06 0.00508626 0.00605892
35.9059 450.001 2.11084e-06 0.00479823 0.00593495
35.9459 450.001 2.10712e-06 0.00494248 0.00577694
35.986 450.001 2.10326e-06 0.00458171 0.00571961
36.026 450.001 2.09907e-06 0.0042261 0.00586455
36.0661 450.001 2.09507e-06 0.00437878 0.00577989
36.1061 450.001 2.09088e-06 0.00427386 0.00564831
36.1461 450.001 2.08649e-06 0.0045353 0.00570915
36.1862 450.001 2.082e-06 0.00476516 0.00568955
36.2262 450.001 2.07701e-06 0.00447684 0.00586749
36.2663 450.001 2.07229e-06 0.0046379 0.00590513
36.3063 450.001 2.06762e-06 0.00472537 0.00582824
36.3463 450.001 2.06273e-06 0.00472612 0.00583165
36.3864 450.001 2.05801e-06 0.00512286 0.00581147
36.4264 450.001 2.05309e-06 0.00493956 0.00567837
36.4665 450.001 2.04858e-06 0.00465815 0.00569443
36.5065 450.001 2.04455e-06 0.00471965 0.00565575
36.5465 450.001 2.04063e-06 0.00445757 0.00549522
36.5866 450.001 2.03703e-06 0.00453335 0.00549888
36.6266 450.001 2.03319e-06 0.00467051 0.0054518
36.6667 450.001 2.02951e-06 0.00428242 0.00559416
36.7067 450.001 2.02622e-06 0.00423214 0.00548605
36.7467 450.001 2.02283e-06 0.00421499 0.00562526
36.7868 450.001 2.01965e-06 0.00415178 0.00557173
36.8268 450.001 2.01623e-06 0.00459636 0.00557751
36.8669 450.001 2.0126e-06 0.00470589 0.00559213
36.9069 450.001 2.00917e-06 0.00463207 0.00551918
36.9469 450.001 2.00554e-06 0.00488181 0.00537826
36.987 450.001 2.00192e-06 0.0048595 0.00549053
37.027 450.001 1.9981e-06 0.00509949 0.00563903
37.0671 450.001 1.99402e-06 0.00559163 0.00560352
37.1071 450.001 1.99032e-06 0.00551174 0.00551241
37.1471 450.001 1.98666e-06 0.00549938 0.00550031
37.1872 450.001 1.9832e-06 0.00551038 0.00560365
37.2272 450.001 1.97984e-06 0.00520273 0.00533942
37.2673 450.001 1.97614e-06 0.00534481 0.00534499
37.3073 450.001 1.97267e-06 0.00544925 0.00545007
37.3473 450.001 1.96937e-06 0.00512242 0.00531254
37.3874 450.001 1.96614e-06 0.00502871 0.00531451
37.4274 450.001 1.96311e-06 0.00477665 0.00539611
37.4675 450.001 1.95976e-06 0.00447567 0.00545866
37.5075 450.001 1.95634e-06 0.00468814 0.00545043
37.5475 450.001 1.95287e-06 0.00470717 0.00537375
37.5876 450.001 1.94921e-06 0.00457815 0.00524711
37.6276 450.001 1.94564e-06 0.00465945 0.00527962
37.6677 450.001 1.94163e-06 0.00446858 0.00526532
37.7077 450.001 1.93736e-06 0.00446041 0.00519388
37.7477 450.001 1.93325e-06 0.00482111 0.00522008
37.7878 450.001 1.92905e-06 0.00486892 0.0051921
37.8278 450.001 1.9251e-06 0.004908 0.00511015
37.8679 450.001 1.9212e-06 0.00494995 0.00510954
37.9079 450.001 1.91703e-06 0.00463829 0.00526361
37.9479 450.001 1.91303e-06 0.00458999 0.00512979
37.988 450.001 1.90915e-06 0.00472495 0.00516169
38.028 450.001 1.9056e-06 0.00457354 0.00525211
38.0681 450.001 1.90245e-06 0.00451373 0.00512015
38.1081 450.001 1.89918e-06 0.00434091 0.00514764
38.1481 450.001 1.89606e-06 0.00391418 0.00528084
38.1882 450.001 1.89299e-06 0.00382693 0.00520753
38.2282 450.001 1.88988e-06 0.00384383 0.0052701
38.2683 450.001 1.88705e-06 0.00374121 0.00521618
38.3083 450.001 1.88404e-06 0.0038144 0.00512594
38.3483 450.001 1.88081e-06 0.00372867 0.00517059
38.3884 450.001 1.87762e-06 0.00354087 0.00531186
38.4284 450.001 1.87426e-06 0.00370676 0.00503777
38.4685 450.001 1.87109e-06 0.00388692 0.0049397
38.5085 450.001 1.86793e-06 0.00402944 0.00499987
38.5485 450.001 1.86448e-06 0.00430259 0.00490529
38.5886 450.001 1.86105e-06 0.00429055 0.00503358
38.6286 450.001 1.8575e-06 0.00419269 0.00499494
38.6687 450.001 1.85407e-06 0.00436658 0.00495411
38.7087 450.001 1.8511e-06 0.00446437 0.00490327
38.7487 450.001 1.84804e-06 0.00455943 0.00491954
38.7888 450.001 1.84504e-06 0.00472991 0.00495313
38.8288 450.001 1.84213e-06 0.00455996 0.00507684
38.8689 450.001 1.83902e-06 0.00431059 0.0051517
38.9089 450.001 1.8362e-06 0.00428789 0.00507229
38.9489 450.001 1.83342e-06 0.00421392 0.00501471
38.989 450.001 1.83039e-06 0.00423876 0.00501045
39.029 450.001 1.82738e-06 0.0043796 0.0049704
39.0691 450.001 1.82411e-06 0.00424619 0.00484958
39.1091 450.001 1.82078e-06 0.00409281 0.00486037
39.1491 450.001 1.81768e-06 0.00414344 0.00497634
39.1892 450.001 1.81423e-06 0.00417017 0.00486037
39.2292 450.001 1.81065e-06 0.00435203 0.00488403
39.2693 450.001 1.80699e-06 0.0046479 0.00495411
39.3093 450.001 1.803e-06 0.00466823 0.00489235
39.3493 450.001 1.79935e-06 0.00464138 0.00506039
39.3894 450.001 1.79597e-06 0.00473495 0.00493942
39.4294 450.001 1.79249e-06 0.00475067 0.00483181
39.4695 450.001 1.78925e-06 0.00488859 0.00488859
39.5095 450.001 1.78596e-06 0.00511901 0.00511914
39.5495 450.001 1.78264e-06 0.00505166 0.00505166
39.5896 450.001 1.77979e-06 0.00486279 0.00486288
39.6296 450.001 1.77698e-06 0.00473347 0.00474576
39.6697 450.001 1.77422e-06 0.00451351 0.00463468
39.7097 450.001 1.77162e-06 0.00441949 0.00460321
39.7497 450.001 1.76876e-06 0.00448904 0.00464971
39.7898 450.001 1.76606e-06 0.0043615 0.00471655
39.8298 450.001 1.76359e-06 0.00413421 0.00467041
39.8699 450.001 1.76085e-06 0.00397111 0.00481493
39.9099 450.001 1.75812e-06 0.00374695 0.00475899
39.9499 450.001 1.75524e-06 0.00366867 0.00469576
39.99 450.001 1.75202e-06 0.00381853 0.00463049
40.03 450.001 1.74906e-06 0.00386889 0.00463702
40.0701 450.001 1.74622e-06 0.00384566 0.00466259
40.1101 450.001 1.74329e-06 0.00385752 0.00475284
40.1502 450.001 1.74056e-06 0.0037685 0.00477857
40.1902 450.001 1.73763e-06 0.00376033 0.00470584
40.2302 450.001 1.73464e-06 0.00395849 0.00467203
40.2703 450.001 1.73201e-06 0.00407353 0.00479145
40.3103 450.001 1.72936e-06 0.00408095 0.00475964
40.3504 450.001 1.72681e-06 0.00407365 0.00467717
40.3904 450.001 1.72441e-06 0.003915 0.00469794
40.4304 450.001 1.72175e-06 0.00375168 0.00474289
40.4705 450.001 1.71916e-06 0.0037775 0.0046214
40.5105 450.001 1.71678e-06 0.00379015 0.00454003
40.5506 450.001 1.71419e-06 0.00372208 0.00449571
40.5906 450.001 1.7116e-06 0.00365259 0.00453728
40.6306 450.001 1.70885e-06 0.00346898 0.00470019
40.6707 450.001 1.70567e-06 0.00325416 0.00475927
40.7107 450.001 1.70258e-06 0.00323884 0.004699
40.7508 450.001 1.69955e-06 0.00331903 0.00457301
40.7908 450.001 1.6964e-06 0.00338405 0.00454742
40.8308 450.001 1.69341e-06 0.00349059 0.00455018
40.8709 450.001 1.69024e-06 0.0035128 0.00450083
40.9109 450.001 1.68683e-06 0.00344277 0.00440596
40.951 450.001 1.68367e-06 0.00351588 0.00432297
40.991 450.001 1.68061e-06 0.00371193 0.00436708
41.031 450.001 1.67761e-06 0.00389391 0.00447397
41.0711 450.001 1.67494e-06 0.00411559 0.00454527
41.1111 450.001 1.6722e-06 0.00425176 0.00445003
41.1512 450.001 1.66941e-06 0.00418968 0.00433652
41.1912 450.001 1.66693e-06 0.00414583 0.004423
41.2312 450.001 1.66451e-06 0.00419826 0.00440545
41.2713 450.001 1.66212e-06 0.00423531 0.00447559
41.3113 450.001 1.65985e-06 0.00431664 0.00445848
41.3514 450.001 1.65731e-06 0.00437928 0.00445201
41.3914 450.001 1.65463e-06 0.0042544 0.00443531
41.4314 450.001 1.65211e-06 0.0040579 0.00447938
41.4715 450.001 1.64953e-06 0.00395278 0.00440924
41.5115 450.001 1.64704e-06 0.00388972 0.0044337
41.5516 450.001 1.64463e-06 0.00389727 0.00446413
41.5916 450.001 1.64191e-06 0.00399912 0.00456798
41.6316 450.001 1.6391e-06 0.00400752 0.00454585
41.6717 450.001 1.63642e-06 0.00389807 0.00446218
41.7117 450.001 1.63371e-06 0.00384729 0.00441554
41.7518 450.001 1.63118e-06 0.00385181 0.00437459
41.7918 450.001 1.62885e-06 0.00391327 0.00423224
41.8318 450.001 1.62638e-06 0.0041132 0.00432271
41.8719 450.001 1.62397e-06 0.00429764 0.00432709
41.9119 450.001 1.62174e-06 0.00431954 0.00431954
41.952 450.001 1.6195e-06 0.00428349 0.00428349
41.992 450.001 1.61738e-06 0.00424006 0.0042962
42.032 450.001 1.61529e-06 0.00417838 0.00431287
42.0721 450.001 1.61292e-06 0.00421321 0.00421321
42.1121 450.001 1.6105e-06 0.00432498 0.00432546
42.1522 450.001 1.6081e-06 0.0043256 0.00433163
42.1922 450.001 1.60559e-06 0.00419824 0.00443046
42.2322 450.001 1.60319e-06 0.00403335 0.0044072
42.2723 450.001 1.60074e-06 0.00380954 0.00430333
42.3123 450.001 1.59792e-06 0.00361724 0.00418183
42.3524 450.001 1.59499e-06 0.00357565 0.00412479
42.3924 450.001 1.59204e-06 0.00356493 0.00420124
42.4324 450.001 1.589e-06 0.00348557 0.0042139
42.4725 450.001 1.58617e-06 0.00338609 0.0040969
42.5125 450.001 1.58349e-06 0.00325244 0.00421229
42.5526 450.001 1.58068e-06 0.00310502 0.00431486
42.5926 450.001 1.57793e-06 0.00307818 0.00426169
42.6326 450.001 1.57529e-06 0.00317794 0.00416857
42.6727 450.001 1.57267e-06 0.0032734 0.00421015
42.7127 450.001 1.57026e-06 0.0033379 0.00422378
42.7528 450.001 1.56798e-06 0.00337404 0.00423058
42.7928 450.001 1.56557e-06 0.00332157 0.00427495
42.8328 450.001 1.56319e-06 0.00327727 0.00426306
42.8729 450.001 1.56086e-06 0.00335158 0.00423996
42.9129 450.001 1.55852e-06 0.00346351 0.00421117
42.953 450.001 1.55633e-06 0.00354666 0.00425446
42.993 450.001 1.55423e-06 0.00359429 0.0042582
43.033 450.001 1.5519e-06 0.00354109 0.00419726
43.0731 450.001 1.54942e-06 0.00337975 0.00418762
43.1131 450.001 1.54689e-06 0.00325281 0.00418028
43.1532 450.001 1.54427e-06 0.00322415 0.00410034
43.1932 450.001 1.54178e-06 0.00322222 0.00399782
43.2332 450.001 1.53948e-06 0.003244 0.00399929
43.2733 450.001 1.53716e-06 0.00325672 0.00396829
43.3133 450.001 1.53482e-06 0.00316478 0.00397431
43.3534 450.001 1.53255e-06 0.00302806 0.00407573
43.3934 450.001 1.53024e-06 0.00296876 0.00409287
43.4334 450.001 1.52808e-06 0.00299318 0.00402034
43.4735 450.001 1.52612e-06 0.00308288 0.00388787
43.5135 450.001 1.52416e-06 0.0032402 0.00387133
43.5536 450.001 1.52218e-06 0.00337602 0.00399882
43.5936 450.001 1.52025e-06 0.00340461 0.0041008
43.6336 450.001 1.51827e-06 0.00341328 0.00410053
43.6737 450.001 1.51634e-06 0.00347197 0.0040181
43.7137 450.001 1.51454e-06 0.00356236 0.00398883
43.7538 450.001 1.51265e-06 0.00371609 0.0040955
43.7938 450.001 1.51057e-06 0.00391107 0.00414757
43.8338 450.001 1.50837e-06 0.00402389 0.00408957
43.8739 450.001 1.506e-06 0.00400935 0.00400935
43.9139 450.001 1.50356e-06 0.00395118 0.00395118
43.954 450.001 1.50124e-06 0.00389051 0.00397322
43.994 450.001 1.49895e-06 0.00383785 0.00396936
44.034 450.001 1.49657e-06 0.00386593 0.00387812
44.0741 450.001 1.49416e-06 0.00393472 0.00393537
44.1141 450.001 1.49166e-06 0.00392261 0.00395715
44.1542 450.001 1.48912e-06 0.00381996 0.00395655
44.1942 450.001 1.48673e-06 0.0036851 0.00400266
44.2342 450.001 1.48448e-06 0.0035409 0.00406766
44.2743 450.001 1.48225e-06 0.00343741 0.00407322
44.3143 450.001 1.48008e-06 0.00345977 0.00401602
44.3544 450.001 1.47793e-06 0.00355075 0.00401138
44.3944 450.001 1.47574e-06 0.00360177 0.00403415
44.4344 450.001 1.47367e-06 0.00361014 0.00399305
44.4745 450.001 1.47174e-06 0.00357918 0.00388009
44.5145 450.001 1.46979e-06 0.00351325 0.00377775
44.5546 450.001 1.46776e-06 0.00348626 0.00377999
44.5946 450.001 1.46565e-06 0.00357461 0.00383941
44.6346 450.001 1.46338e-06 0.00371412 0.00385776
44.6747 450.001 1.46109e-06 0.00381907 0.00381907
44.7147 450.001 1.45891e-06 0.00388134 0.00388151
44.7548 450.001 1.45678e-06 0.00386205 0.00386209
44.7948 450.001 1.45465e-06 0.0037542 0.00386563
44.8348 450.001 1.45251e-06 0.00364846 0.00392363
44.8749 450.001 1.45028e-06 0.00362024 0.00388145
44.9149 450.001 1.44798e-06 0.00362668 0.00386048
44.955 450.001 1.44581e-06 0.00361768 0.00378207
44.995 450.001 1.44376e-06 0.00358857 0.0038106
45.035 450.001 1.4418e-06 0.00348194 0.00383974
45.0751 450.001 1.43994e-06 0.00328918 0.00380686
45.1151 450.001 1.43813e-06 0.00310391 0.00370824
45.1552 450.001 1.43629e-06 0.00299476 0.00375238
45.1952 450.001 1.43453e-06 0.00294385 0.00376609
45.2352 450.001 1.43293e-06 0.00293186 0.00384759
45.2753 450.001 1.43137e-06 0.00294692 0.00384819
45.3153 450.001 1.42982e-06 0.00291304 0.00375562
45.3554 450.001 1.42822e-06 0.00281541 0.00377658
45.3954 450.001 1.42647e-06 0.00273211 0.00383391
45.4354 450.001 1.42463e-06 0.00271166 0.00382294
45.4755 450.001 1.42282e-06 0.00275219 0.00373927
45.5155 450.001 1.42102e-06 0.00285297 0.00380731
45.5556 450.001 1.41923e-06 0.00299144 0.0038255
45.5956 450.001 1.41742e-06 0.00307099 0.00375137
45.6356 450.001 1.41549e-06 0.00306538 0.00371108
45.6757 450.001 1.41339e-06 0.00302858 0.0037705
45.7157 450.001 1.41126e-06 0.00300121 0.00384254
45.7558 450.001 1.40918e-06 0.00299986 0.00387499
45.7958 450.001 1.40714e-06 0.00305285 0.00384371
45.8358 450.001 1.40517e-06 0.00315061 0.00378542
45.8759 450.001 1.40327e-06 0.00319867 0.00377659
45.9159 450.001 1.40132e-06 0.00315884 0.00372383
45.956 450.001 1.39936e-06 0.00306722 0.00363193
45.996 450.001 1.39749e-06 0.00295147 0.0035945
46.036 450.001 1.39568e-06 0.00284393 0.00358719
46.0761 450.001 1.39393e-06 0.00280282 0.00354839
46.1161 450.001 1.39221e-06 0.0028433 0.00355599
46.1562 450.001 1.39041e-06 0.00288624 0.00358202
46.1962 450.001 1.38849e-06 0.00289103 0.00355302
46.2362 450.001 1.38652e-06 0.00286419 0.0035325
46.2763 450.001 1.38458e-06 0.00281346 0.00355308
46.3163 450.001 1.38267e-06 0.00276204 0.00358579
46.3564 450.001 1.38081e-06 0.00277747 0.00363749
46.3964 450.001 1.37894e-06 0.0028871 0.00362193
46.4364 450.001 1.37693e-06 0.0030284 0.00365532
46.4765 450.001 1.37478e-06 0.00315557 0.00364471
46.5165 450.001 1.37259e-06 0.00324995 0.00362123
46.5566 450.001 1.3704e-06 0.00329279 0.00368916
46.5966 450.001 1.36829e-06 0.00328517 0.00367532
46.6366 450.001 1.36631e-06 0.00329971 0.00362151
46.6767 450.001 1.36442e-06 0.00338446 0.00354865
46.7167 450.001 1.36252e-06 0.00350067 0.00359709
46.7568 450.001 1.36064e-06 0.00361054 0.00361577
46.7968 450.001 1.35883e-06 0.00368806 0.00368806
46.8368 450.001 1.35709e-06 0.00369271 0.00369271
46.8769 450.001 1.35547e-06 0.00360163 0.00360163
46.9169 450.001 1.35394e-06 0.00348472 0.00349523
46.957 450.001 1.35241e-06 0.00340798 0.00353527
46.997 450.001 1.35083e-06 0.00338142 0.00351237
47.037 450.001 1.34924e-06 0.00338782 0.00352602
47.0771 450.001 1.34765e-06 0.00341539 0.00356436
47.1171 450.001 1.34609e-06 0.00341525 0.00358574
47.1572 450.001 1.34461e-06 0.00333602 0.00357986
47.1972 450.001 1.34315e-06 0.00321032 0.00361855
47.2372 450.001 1.34158e-06 0.00310243 0.00364729
47.2773 450.001 1.33988e-06 0.00304628 0.00363101
47.3173 450.001 1.33808e-06 0.00304721 0.00356347
47.3574 450.001 1.33622e-06 0.00312153 0.00349474
47.3974 450.001 1.33437e-06 0.0032211 0.00350854
47.4374 450.001 1.33263e-06 0.00327602 0.0034873
47.4775 450.001 1.33095e-06 0.00326871 0.00351545
47.5175 450.001 1.32926e-06 0.00323732 0.00355843
47.5576 450.001 1.32755e-06 0.00320907 0.00356151
47.5976 450.001 1.32582e-06 0.0032032 0.00352993
47.6376 450.001 1.32408e-06 0.00326009 0.00354045
47.6777 450.001 1.32241e-06 0.00336423 0.00354029
47.7177 450.001 1.32084e-06 0.00344964 0.00347787
47.7578 450.001 1.3193e-06 0.00346537 0.00346537
47.7978 450.001 1.31774e-06 0.00342363 0.00342363
47.8378 450.001 1.31616e-06 0.00333474 0.00335449
47.8779 450.001 1.31453e-06 0.00321891 0.00341405
47.9179 450.001 1.31288e-06 0.00313133 0.00348633
47.958 450.001 1.31129e-06 0.00310535 0.00349715
47.998 450.001 1.30974e-06 0.00310664 0.00346073
48.038 450.001 1.30813e-06 0.00308153 0.00336568
48.0781 450.001 1.30642e-06 0.00301955 0.00334197
48.1181 450.001 1.30459e-06 0.00291457 0.00332219
48.1582 450.001 1.30263e-06 0.00277185 0.0033977
48.1982 450.001 1.3006e-06 0.00262931 0.00347011
48.2382 450.001 1.29861e-06 0.00255422 0.00349131
48.2783 450.001 1.29672e-06 0.00254638 0.00344613
48.3183 450.001 1.29487e-06 0.00257486 0.00339377
48.3584 450.001 1.29303e-06 0.00260982 0.003394
48.3984 450.001 1.29116e-06 0.00263021 0.0034452
48.4384 450.001 1.28925e-06 0.0026057 0.00351115
48.4785 450.001 1.28734e-06 0.00254696 0.00349022
48.5185 450.001 1.28552e-06 0.00251047 0.00340957
48.5586 450.001 1.28381e-06 0.00253207 0.00334984
48.5986 450.001 1.28218e-06 0.00260342 0.00337856
48.6386 450.001 1.28061e-06 0.00270479 0.00338096
48.6787 450.001 1.27905e-06 0.0028152 0.00336004
48.7187 450.001 1.27746e-06 0.0028806 0.00337569
48.7588 450.001 1.27588e-06 0.00287479 0.00338345
48.7988 450.001 1.27439e-06 0.00281938 0.00339327
48.8388 450.001 1.27297e-06 0.00276818 0.00342062
48.8789 450.001 1.27156e-06 0.00273969 0.00343247
48.9189 450.001 1.27012e-06 0.00274397 0.00340083
48.959 450.001 1.2686e-06 0.00278432 0.00334615
48.999 450.001 1.26695e-06 0.00283252 0.00335712
49.039 450.001 1.26523e-06 0.00283229 0.00336199
49.0791 450.001 1.26354e-06 0.00276825 0.00334005
49.1191 450.001 1.26191e-06 0.00267174 0.0033097
49.1592 450.001 1.26034e-06 0.00257384 0.00329639
49.1992 450.001 1.25881e-06 0.00249656 0.00327828
49.2392 450.001 1.25726e-06 0.00247122 0.00328049
49.2793 450.001 1.25564e-06 0.0025087 0.00330742
49.3193 450.001 1.25399e-06 0.00256522 0.00333238
49.3594 450.001 1.25238e-06 0.00259748 0.00331752
49.3994 450.001 1.25084e-06 0.00259748 0.00324692
49.4394 450.001 1.24938e-06 0.00258051 0.0032574
49.4795 450.001 1.24802e-06 0.00255295 0.00325234
49.5195 450.001 1.24667e-06 0.00255204 0.00328669
49.5596 450.001 1.24531e-06 0.00260892 0.00330218
49.5996 450.001 1.24393e-06 0.00272655 0.00326052
49.6396 450.001 1.24259e-06 0.0028531 0.00319934
49.6797 450.001 1.24128e-06 0.00295647 0.00318866
49.7197 450.001 1.24e-06 0.00302188 0.00319208
49.7598 450.001 1.23872e-06 0.00304136 0.00315518
49.7998 450.001 1.23737e-06 0.0030178 0.00319159
49.8398 450.001 1.2359e-06 0.00299894 0.00321913
49.8799 450.001 1.23432e-06 0.00302502 0.00318919
49.9199 450.001 1.2327e-06 0.00308857 0.00313897
49.96 450.001 1.23108e-06 0.00315833 0.00315833
50 450.001 1.2295e-06 0.00321245 0.00321258
