#S 1 scored data
#N 5
#L  distance  fwhm  total_intensity  on_axis_intensity  peak_intensity
10 450.001 2.94098e-08 0.000222578 0.000314366
10.04 420.286 2.92102e-08 8.66418e-06 0.000347791
10.0801 446.399 2.90573e-08 0.000154912 0.000290353
10.1201 442.347 2.89775e-08 7.25333e-06 0.000278065
10.1602 449.551 2.89172e-08 9.71081e-06 0.000266936
10.2002 427.039 2.87087e-08 8.38041e-05 0.000277851
10.2402 428.39 2.8564e-08 9.19587e-05 0.000312765
10.2803 412.632 2.85094e-08 9.50631e-05 0.000330775
10.3203 431.542 2.83949e-08 0.00017631 0.00027604
10.3604 445.048 2.82217e-08 2.77368e-05 0.000257054
10.4004 446.849 2.80812e-08 6.10669e-05 0.000247928
10.4404 449.1 2.8076e-08 1.21381e-05 0.000265468
10.4805 444.598 2.79657e-08 4.66672e-06 0.000296931
10.5205 445.949 2.77388e-08 0.000180697 0.000257156
10.5606 447.75 2.77122e-08 3.96384e-05 0.000319811
10.6006 448.2 2.76798e-08 0.000169954 0.000323562
10.6406 444.598 2.74748e-08 6.98794e-05 0.000271243
10.6807 444.148 2.7375e-08 1.00985e-05 0.000277547
10.7207 447.75 2.73381e-08 4.67316e-05 0.000257487
10.7608 447.75 2.72168e-08 6.20588e-05 0.000252491
10.8008 450.001 2.70321e-08 4.87882e-05 0.000245614
10.8408 440.996 2.69884e-08 0.000195782 0.000273979
10.8809 437.395 2.6885e-08 4.43692e-06 0.00033076
10.9209 450.001 2.67768e-08 6.7697e-05 0.000266792
10.961 440.546 2.66077e-08 9.29472e-05 0.000217383
11.001 439.646 2.64783e-08 8.28227e-06 0.00021005
11.041 414.433 2.6464e-08 0.000167036 0.000230769
11.0811 416.684 2.63375e-08 5.28147e-05 0.000224846
11.1211 423.888 2.61794e-08 4.62029e-05 0.000243807
11.1612 448.65 2.61359e-08 5.76483e-05 0.000251794
11.2012 444.598 2.5991e-08 6.0932e-05 0.000258051
11.2412 443.698 2.58434e-08 2.17015e-05 0.000249128
11.2813 450.001 2.58986e-08 0.000191668 0.000242496
11.3213 447.3 2.58469e-08 7.39784e-06 0.000284041
11.3614 450.001 2.56693e-08 7.93502e-05 0.000274496
11.4014 450.001 2.55896e-08 8.47713e-05 0.000278075
11.4414 421.186 2.54517e-08 3.75301e-06 0.000255318
11.4815 427.94 2.5415e-08 0.000175354 0.000297698
11.5215 445.048 2.52762e-08 7.46043e-05 0.000281631
11.5616 441.897 2.51986e-08 2.07432e-05 0.000252567
11.6016 448.2 2.5231e-08 4.32478e-05 0.00027197
11.6416 445.048 2.49868e-08 5.88658e-05 0.000243302
11.6817 445.949 2.48182e-08 4.72012e-05 0.000231267
11.7217 448.2 2.46906e-08 0.000173056 0.000222191
11.7618 449.551 2.45959e-08 9.83584e-06 0.000190785
11.8018 445.499 2.44046e-08 1.29193e-05 0.000214022
11.8418 441.897 2.43849e-08 0.000126021 0.000265557
11.8819 448.875 2.44485e-08 3.17306e-05 0.000243249
11.9219 445.499 2.42852e-08 0.00013258 0.000204488
11.962 441.897 2.417e-08 7.03567e-05 0.000221268
12.002 449.1 2.41924e-08 1.0123e-05 0.000230387
12.042 450.001 2.39641e-08 8.84893e-05 0.0002163
12.0821 447.3 2.37314e-08 0.000137031 0.000236389
12.1221 450.001 2.36506e-08 1.96509e-05 0.000224056
12.1622 450.001 2.34892e-08 6.53981e-05 0.00021088
12.2022 447.75 2.33259e-08 7.88614e-05 0.000217121
12.2422 444.598 2.33272e-08 1.40543e-05 0.000241964
12.2823 444.148 2.32121e-08 0.000166635 0.000197991
12.3223 450.001 2.33104e-08 2.94103e-05 0.000178471
12.3624 443.698 2.33589e-08 1.83043e-06 0.000214502
12.4024 445.048 2.33352e-08 0.00011506 0.000205846
12.4424 445.949 2.32345e-08 6.75899e-05 0.00020396
12.4825 448.65 2.32311e-08 4.68735e-05 0.000247247
12.5225 445.499 2.31892e-08 7.17479e-05 0.000238864
12.5626 446.849 2.29928e-08 6.82795e-05 0.00021907
12.6026 443.698 2.2874e-08 4.03543e-05 0.000234167
12.6426 450.001 2.27846e-08 0.000130185 0.000213872
12.6827 446.849 2.25665e-08 8.7495e-06 0.000147126
12.7227 449.551 2.24527e-08 1.13581e-05 0.000147737
12.7628 440.996 2.22626e-08 0.000176885 0.000177509
12.8028 447.75 2.221e-08 4.2904e-05 0.000172749
12.8428 428.84 2.21198e-08 2.97578e-05 0.000176244
12.8829 435.594 2.20583e-08 7.69907e-05 0.000166506
12.9229 431.542 2.20451e-08 5.16497e-05 0.000151116
12.963 449.1 2.20994e-08 7.7628e-05 0.000150877
13.003 427.49 2.20379e-08 9.78387e-05 0.000176222
13.043 420.736 2.20382e-08 3.92211e-05 0.000188261
13.0831 422.537 2.20575e-08 3.77291e-05 0.000185256
13.1231 428.84 2.21533e-08 0.000143079 0.000189865
13.1632 450.001 2.21846e-08 6.17971e-06 0.000147025
13.2032 442.797 2.20723e-08 1.58069e-05 0.0001457
13.2432 449.1 2.21919e-08 0.000174693 0.000174974
13.2833 450.001 2.21658e-08 4.20659e-05 0.000182248
13.3233 447.75 2.21949e-08 2.34769e-05 0.000191962
13.3634 450.001 2.21822e-08 8.91823e-05 0.000160087
13.4034 450.001 2.21304e-08 5.87368e-05 0.000135417
13.4434 448.65 2.21849e-08 5.67954e-05 0.000159589
13.4835 448.65 2.22704e-08 8.39808e-05 0.000175492
13.5235 446.849 2.22193e-08 7.2353e-05 0.000172738
13.5636 443.698 2.2231e-08 3.90877e-05 0.000150982
13.6036 450.001 2.234e-08 0.000108086 0.000138242
13.6436 448.2 2.23588e-08 3.38052e-05 0.000150999
13.6837 447.75 2.24024e-08 1.21155e-05 0.000164639
13.7237 445.949 2.23612e-08 0.000163102 0.000167784
13.7638 442.797 2.24075e-08 4.15862e-05 0.000155378
13.8038 449.1 2.24903e-08 3.10697e-06 0.00015944
13.8438 446.399 2.24361e-08 0.000133843 0.00014024
13.8839 446.849 2.24087e-08 6.96385e-05 0.000176296
13.9239 443.247 2.23676e-08 1.11705e-06 0.000169836
13.964 449.551 2.24054e-08 7.97905e-05 0.000169754
14.004 447.75 2.23367e-08 0.000127179 0.000139755
14.044 444.598 2.232e-08 6.03343e-06 0.000136891
14.0841 432.892 2.227e-08 5.08777e-05 0.000159967
14.1241 439.195 2.22675e-08 0.000149369 0.000187135
14.1642 436.044 2.2305e-08 9.36458e-06 0.000150583
14.2042 433.343 2.22298e-08 3.59533e-05 0.000147281
14.2442 443.247 2.22272e-08 0.000117327 0.000152749
14.2843 439.646 2.2203e-08 3.47587e-05 0.000158743
14.3243 428.165 2.21838e-08 5.06796e-05 0.000165742
14.3644 434.243 2.21717e-08 0.000108583 0.000154568
14.4044 422.537 2.20706e-08 7.29984e-05 0.000138183
14.4444 422.087 2.20901e-08 3.02343e-05 0.000164278
14.4845 425.238 2.21035e-08 6.61613e-05 0.000165475
14.5245 417.134 2.20848e-08 8.04813e-05 0.000158628
14.5646 423.438 2.20395e-08 2.86086e-05 0.000145552
14.6046 440.096 2.20348e-08 8.37305e-05 0.00013902
14.6446 417.585 2.20929e-08 0.000116064 0.00016643
14.6847 413.983 2.21083e-08 2.14728e-05 0.000168209
14.7247 445.499 2.21202e-08 6.32856e-05 0.000141495
14.7648 441.447 2.20354e-08 9.36451e-05 0.000152513
14.8048 418.035 2.20942e-08 2.449e-05 0.000161594
14.8448 450.001 2.22059e-08 6.3968e-05 0.000153187
14.8849 445.949 2.21352e-08 9.37927e-05 0.000158089
14.9249 447.75 2.21523e-08 6.58902e-05 0.000137236
14.965 450.001 2.2151e-08 4.25037e-05 0.000167378
15.005 406.329 2.22196e-08 8.38494e-05 0.00016884
15.045 448.65 2.22961e-08 9.7521e-05 0.000163835
15.0851 445.499 2.23157e-08 1.42051e-05 0.000150619
15.1251 446.849 2.22988e-08 5.81501e-05 0.000143844
15.1652 442.347 2.2312e-08 0.000110006 0.000177465
15.2052 449.551 2.24221e-08 1.8408e-05 0.000158763
15.2452 450.001 2.24089e-08 5.50114e-05 0.000140445
15.2853 447.3 2.24337e-08 0.000145862 0.000153355
15.3253 445.048 2.24575e-08 4.39397e-05 0.00014974
15.3654 441.447 2.24174e-08 1.74586e-05 0.000162495
15.4054 448.2 2.25202e-08 0.000106363 0.000138828
15.4454 449.551 2.26062e-08 6.56647e-05 0.000139482
15.4855 445.949 2.25585e-08 6.365e-06 0.000144343
15.5255 443.247 2.25487e-08 9.06771e-05 0.000152819
15.5656 450.001 2.25797e-08 0.000127593 0.000148692
15.6056 445.949 2.26175e-08 8.41372e-06 0.000150514
15.6456 447.75 2.26083e-08 5.44989e-05 0.000152647
15.6857 444.148 2.26205e-08 0.000145626 0.000146727
15.7257 441.447 2.2611e-08 2.65367e-05 0.000137062
15.7658 438.295 2.25831e-08 1.39844e-05 0.000162379
15.8058 434.693 2.26553e-08 0.000123082 0.000144308
15.8458 436.044 2.26665e-08 5.04155e-05 0.000148613
15.8859 442.347 2.26175e-08 1.5289e-05 0.000143723
15.9259 430.191 2.26142e-08 0.000112111 0.000147428
15.966 440.096 2.25719e-08 9.92109e-05 0.000166674
16.006 427.49 2.25888e-08 5.38309e-05 0.000131992
16.046 434.243 2.25841e-08 4.36763e-05 0.000149886
16.0861 430.191 2.25675e-08 8.00153e-05 0.000156547
16.1261 431.542 2.25522e-08 8.39472e-05 0.00015431
16.1662 438.07 2.25203e-08 1.23033e-05 0.000142025
16.2062 425.238 2.25229e-08 6.13381e-05 0.000149048
16.2462 422.087 2.25174e-08 0.000135408 0.000162491
16.2863 418.485 2.24644e-08 2.12643e-05 0.000150435
16.3263 429.741 2.24581e-08 3.41278e-05 0.000152805
16.3664 425.689 2.24124e-08 0.00015958 0.000159749
16.4064 413.533 2.24004e-08 5.82266e-05 0.000152471
16.4464 419.836 2.23959e-08 1.06269e-05 0.00014674
16.4865 410.831 2.23754e-08 9.46586e-05 0.000136317
16.5265 417.585 2.23708e-08 7.2798e-05 0.000161687
16.5666 413.533 2.23322e-08 2.81794e-05 0.000144332
16.6066 411.281 2.22922e-08 5.74714e-05 0.000152903
16.6466 407.229 2.22932e-08 0.000100954 0.000149217
16.6867 409.03 2.22514e-08 0.0001021 0.000142177
16.7267 404.978 2.22573e-08 2.03377e-05 0.000141512
16.7668 402.277 2.22522e-08 6.88713e-05 0.000158265
16.8068 398.675 2.22118e-08 0.000144734 0.000163348
16.8468 395.974 2.2197e-08 2.42627e-05 0.000130017
16.8869 406.329 2.21818e-08 1.79925e-05 0.000152877
16.9269 388.32 2.21812e-08 0.000116145 0.000159504
16.967 389.671 2.21866e-08 5.66811e-05 0.000152353
17.007 400.026 2.21396e-08 1.87373e-05 0.000133494
17.047 397.324 2.21351e-08 8.87928e-05 0.000145567
17.0871 393.723 2.21259e-08 0.000117365 0.000157889
17.1271 391.021 2.21087e-08 7.78592e-05 0.000136483
17.1672 390.571 2.21435e-08 2.2063e-05 0.000156514
17.2072 382.917 2.21349e-08 9.5785e-05 0.000142328
17.2472 384.718 2.20847e-08 0.000114907 0.000151739
17.2873 381.116 2.20792e-08 1.50963e-05 0.000145007
17.3273 382.017 2.20937e-08 3.89881e-05 0.000152443
17.3674 388.77 2.21108e-08 0.000105983 0.000136548
17.4074 375.714 2.21111e-08 6.21369e-05 0.000146957
17.4474 382.017 2.20982e-08 2.54833e-05 0.000151069
17.4875 373.012 2.20864e-08 8.06556e-05 0.000138814
17.5275 379.541 2.205e-08 0.000147109 0.000147227
17.5676 366.259 2.20763e-08 6.00393e-05 0.000142135
17.6076 376.614 2.21231e-08 1.98665e-05 0.000144555
17.6476 368.51 2.20983e-08 0.000117243 0.000135303
17.6877 370.311 2.20788e-08 8.95951e-05 0.000163402
17.7277 366.709 2.20917e-08 2.91226e-05 0.000147117
17.7678 367.159 2.2078e-08 4.24024e-05 0.000148361
17.8078 359.505 2.20907e-08 8.78233e-05 0.000150929
17.8478 360.856 2.20989e-08 8.80803e-05 0.000153723
17.8879 367.159 2.20888e-08 1.61155e-05 0.000138006
17.9279 358.155 2.20755e-08 7.43177e-05 0.000145336
17.968 364.908 2.20604e-08 0.000154815 0.000156715
18.008 351.401 2.20916e-08 6.94273e-05 0.000140838
18.048 357.705 2.21195e-08 3.37919e-05 0.000152767
18.0881 348.7 2.20818e-08 8.39861e-05 0.000142673
18.1281 355.453 2.20651e-08 0.00012191 0.000158407
18.1682 341.947 2.20684e-08 4.26083e-05 0.000155716
18.2082 348.475 2.20415e-08 1.38796e-05 0.000154523
18.2482 344.648 2.20604e-08 0.000100734 0.000137935
18.2883 345.999 2.2083e-08 8.28282e-05 0.000148793
18.3283 341.947 2.20637e-08 3.03749e-05 0.000138517
18.3684 342.397 2.20377e-08 5.85013e-05 0.000152521
18.4084 349.15 2.20188e-08 0.000123557 0.000145383
18.4484 336.094 2.2018e-08 0.000127519 0.000149166
18.4885 332.267 2.20332e-08 2.96864e-05 0.000152084
18.5285 343.748 2.20221e-08 6.45435e-05 0.000151819
18.5686 339.696 2.20075e-08 0.000127628 0.000147953
18.6086 326.189 2.2002e-08 8.76579e-05 0.000159051
18.6486 332.942 2.19678e-08 2.03844e-05 0.000149637
18.6887 334.293 2.1952e-08 4.57446e-05 0.000136316
18.7287 329.791 2.1968e-08 0.000113714 0.000148424
18.7688 326.639 2.19678e-08 5.22166e-05 0.000153999
18.8088 327.089 2.19488e-08 2.04332e-05 0.000141981
18.8488 323.938 2.19402e-08 9.8418e-05 0.000155229
18.8889 319.886 2.19208e-08 0.000133922 0.000162338
18.9289 320.786 2.19075e-08 8.69957e-05 0.000148019
18.969 317.184 2.19063e-08 3.20523e-05 0.000161727
19.009 314.033 2.18878e-08 0.000107377 0.00014267
19.049 324.838 2.18923e-08 0.000136229 0.000150634
19.0891 320.786 2.18851e-08 7.10558e-05 0.000148372
19.1291 317.634 2.18515e-08 2.32069e-05 0.000162178
19.1692 308.18 2.18524e-08 6.86327e-05 0.000146762
19.2092 314.933 2.18679e-08 0.000108173 0.000168887
19.2492 311.331 2.18523e-08 3.59658e-05 0.000144839
19.2893 311.331 2.1845e-08 2.67623e-05 0.000158683
19.3293 308.63 2.18332e-08 0.000102948 0.000148561
19.3694 305.028 2.18172e-08 0.00012911 0.000160132
19.4094 305.478 2.18114e-08 6.42229e-05 0.000142519
19.4494 301.426 2.18088e-08 4.34888e-05 0.000159357
19.4895 298.725 2.18192e-08 0.000133535 0.000155231
19.5295 294.673 2.18292e-08 0.000145436 0.000165701
19.5696 295.123 2.1809e-08 7.76476e-05 0.000152568
19.6096 301.877 2.17824e-08 3.06164e-05 0.000164571
19.6496 288.37 2.17955e-08 8.81942e-05 0.000158471
19.6897 298.725 2.18153e-08 0.00010901 0.000159803
19.7297 295.573 2.17984e-08 4.42862e-05 0.000147619
19.7698 291.972 2.18068e-08 2.29798e-05 0.000156634
19.8098 291.972 2.18049e-08 8.25923e-05 0.000152948
19.8498 288.82 2.17807e-08 0.000119586 0.000166509
19.8899 285.218 2.17772e-08 5.43778e-05 0.000154277
19.9299 285.668 2.17917e-08 4.4717e-05 0.000155593
19.97 282.067 2.1819e-08 0.000124351 0.000158694
20.01 278.465 2.18227e-08 0.000165604 0.000165694
20.0501 279.365 2.17986e-08 9.5863e-05 0.000144419
20.0901 275.313 2.17802e-08 4.47089e-05 0.000162086
20.1301 272.162 2.17885e-08 0.00010119 0.000159431
20.1702 267.659 2.17967e-08 0.000135821 0.000172758
20.2102 269.01 2.17937e-08 8.27336e-05 0.000151545
20.2503 275.313 2.18153e-08 2.03991e-05 0.000171975
20.2903 276.214 2.18186e-08 6.00212e-05 0.000160249
20.3303 271.711 2.17826e-08 0.00010237 0.000176098
20.3704 268.56 2.17715e-08 6.66155e-05 0.000168574
20.4104 269.01 2.1785e-08 2.61435e-05 0.000160565
20.4505 265.408 2.18031e-08 8.06054e-05 0.000172504
20.4905 261.356 2.18054e-08 0.000153862 0.000169965
20.5305 262.257 2.17983e-08 0.000119475 0.000180587
20.5706 258.655 2.17829e-08 6.02522e-05 0.000155333
20.6106 258.655 2.17731e-08 8.82391e-05 0.000170312
20.6507 255.053 2.17677e-08 0.000169406 0.000178316
20.6907 251.901 2.17608e-08 0.000147912 0.000178123
20.7307 252.352 2.17798e-08 6.59404e-05 0.000151366
20.7708 259.105 2.17899e-08 4.49422e-05 0.000176225
20.8108 254.603 2.17671e-08 0.000101642 0.000176087
20.8509 255.503 2.17444e-08 0.000105249 0.000173695
20.8909 252.352 2.17429e-08 4.24101e-05 0.000158976
20.9309 248.3 2.17453e-08 2.58109e-05 0.000171948
20.971 249.2 2.17418e-08 8.73843e-05 0.000159183
21.011 244.698 2.17469e-08 0.00012056 0.000190329
21.0511 241.546 2.17413e-08 6.94952e-05 0.000171254
21.0911 241.996 2.17282e-08 5.1667e-05 0.000184591
21.1311 237.944 2.17148e-08 0.000123556 0.000185866
21.1712 234.343 2.16972e-08 0.000190384 0.000190482
21.2112 235.018 2.16994e-08 0.000142386 0.000187356
21.2513 230.741 2.17164e-08 7.43109e-05 0.000192873
21.2913 231.191 2.17227e-08 9.35922e-05 0.000168134
21.3313 237.944 2.17015e-08 0.000160468 0.00018066
21.3714 223.987 2.16896e-08 0.000141345 0.000177842
21.4114 224.438 2.16857e-08 6.03735e-05 0.000175922
21.4515 231.641 2.16766e-08 3.49847e-05 0.000174794
21.4915 216.784 2.16757e-08 8.4254e-05 0.000194066
21.5315 217.234 2.16863e-08 9.88086e-05 0.000199299
21.5716 224.438 2.16952e-08 4.70283e-05 0.000180225
21.6116 224.888 2.16864e-08 3.11358e-05 0.000184131
21.6517 220.836 2.16684e-08 9.75181e-05 0.000175284
21.6917 217.684 2.16509e-08 0.000152894 0.000172896
21.7317 217.684 2.16618e-08 0.000115276 0.000202254
21.7718 213.632 2.16815e-08 7.28225e-05 0.000188784
21.8118 210.03 2.16865e-08 0.000119964 0.000193013
21.8519 210.481 2.16762e-08 0.000205345 0.000205427
21.8919 206.429 2.16755e-08 0.000195142 0.000204149
21.9319 206.879 2.16717e-08 0.00011108 0.00019215
21.972 213.632 2.16548e-08 7.53137e-05 0.000207893
22.012 203.727 2.1658e-08 0.00012664 0.000179131
22.0521 199.675 2.16807e-08 0.000150634 0.000198582
22.0921 206.429 2.17001e-08 9.16265e-05 0.000210947
22.1321 206.879 2.16898e-08 2.95401e-05 0.000199286
22.1722 203.277 2.16722e-08 5.15755e-05 0.000180334
22.2122 199.225 2.16635e-08 9.92223e-05 0.000223773
22.2523 199.675 2.16728e-08 8.45642e-05 0.000218154
22.2923 195.623 2.16847e-08 4.02173e-05 0.000198093
22.3323 196.073 2.16897e-08 6.82525e-05 0.000188873
22.3724 192.922 2.16932e-08 0.000155597 0.000203436
22.4124 192.922 2.16973e-08 0.000187696 0.00019278
22.4525 188.42 2.16879e-08 0.000133763 0.000210919
22.4925 185.268 2.16662e-08 0.00010222 0.000219257
22.5325 185.718 2.16669e-08 0.000164154 0.000198179
22.5726 181.216 2.16884e-08 0.00023569 0.000235773
22.6126 177.614 2.17054e-08 0.000207267 0.00023843
22.6527 188.87 2.16979e-08 0.000115281 0.000195589
22.6927 174.012 2.16857e-08 8.10522e-05 0.000219845
22.7327 180.766 2.16778e-08 0.000123968 0.000215668
22.7728 181.666 2.16747e-08 0.000141859 0.000206204
22.8128 166.359 2.16734e-08 8.35747e-05 0.000238924
22.8529 178.064 2.16764e-08 2.82463e-05 0.000209577
22.8929 174.463 2.16834e-08 5.14255e-05 0.000204582
22.9329 174.012 2.16895e-08 0.000104049 0.000245666
22.973 169.51 2.16822e-08 9.78002e-05 0.000258166
23.013 166.809 2.16624e-08 5.80345e-05 0.000228221
23.0531 167.034 2.16506e-08 8.08394e-05 0.00023195
23.0931 174.012 2.16574e-08 0.000174404 0.000196649
23.1331 162.757 2.16694e-08 0.000229263 0.000229349
23.1732 159.605 2.16697e-08 0.000189119 0.000235823
23.2132 159.155 2.16623e-08 0.000135247 0.000258088
23.2533 166.809 2.16554e-08 0.00016848 0.000225001
23.2933 151.951 2.16484e-08 0.00024875 0.000248819
23.3333 151.951 2.16403e-08 0.000257474 0.000272146
23.3734 159.155 2.16353e-08 0.000170882 0.000255042
23.4134 160.055 2.16379e-08 9.54683e-05 0.000209313
23.4535 155.103 2.16492e-08 0.000105912 0.000241414
23.4935 151.951 2.16559e-08 0.000143629 0.00023975
23.5335 152.402 2.16479e-08 0.000118064 0.00022957
23.5736 147.449 2.16301e-08 4.9814e-05 0.000278664
23.6136 147.899 2.16229e-08 3.24902e-05 0.000229398
23.6537 144.748 2.16287e-08 8.42801e-05 0.000238161
23.6937 144.297 2.16348e-08 0.000121548 0.000289627
23.7337 140.245 2.16324e-08 9.65993e-05 0.000282738
23.7738 146.999 2.16318e-08 7.50628e-05 0.000247232
23.8138 147.449 2.16349e-08 0.000135288 0.00026979
23.8539 137.544 2.16345e-08 0.00023647 0.000250975
23.8939 138.895 2.16254e-08 0.000269877 0.000269959
23.9339 140.245 2.16188e-08 0.000214636 0.000274634
23.974 140.245 2.16263e-08 0.000172389 0.000267496
24.014 136.644 2.1644e-08 0.000219672 0.000261165
24.0541 132.141 2.16527e-08 0.000295172 0.000295237
24.0941 132.592 2.16457e-08 0.000287408 0.000312112
24.1341 128.089 2.16348e-08 0.000191396 0.000296775
24.1742 129.44 2.16346e-08 0.00011518 0.000259755
24.2142 129.44 2.16386e-08 0.000122974 0.000238835
24.2543 125.388 2.16368e-08 0.000156728 0.000276739
24.2943 122.236 2.16339e-08 0.000129993 0.000274186
24.3343 121.336 2.1642e-08 6.11789e-05 0.000301366
24.3744 117.284 2.16549e-08 3.84062e-05 0.000302084
24.4144 124.487 2.16577e-08 8.81598e-05 0.000271172
24.4545 113.682 2.16479e-08 0.000135222 0.000333462
24.4945 109.18 2.16412e-08 0.000121788 0.000340793
24.5345 116.383 2.16475e-08 9.54875e-05 0.000284964
24.5746 118.184 2.16595e-08 0.000142214 0.000234573
24.6146 117.734 2.16639e-08 0.000249356 0.000289462
24.6547 107.829 2.16604e-08 0.000314689 0.000314791
24.6947 109.63 2.16583e-08 0.000281128 0.000303621
24.7347 109.63 2.16605e-08 0.000222482 0.000320347
24.7748 110.53 2.16582e-08 0.00023801 0.000257055
24.8148 105.128 2.1648e-08 0.000318534 0.000318612
24.8549 101.526 2.16403e-08 0.000353277 0.000365705
24.8949 101.976 2.1646e-08 0.000283835 0.000346703
24.9349 101.976 2.16589e-08 0.000178998 0.00031241
24.975 109.18 2.16652e-08 0.000141747 0.000307654
25.015 94.3223 2.16595e-08 0.000173461 0.000314226
25.0551 100.626 2.16506e-08 0.000184622 0.000331056
25.0951 101.976 2.16463e-08 0.000127773 0.000315339
25.1351 101.976 2.16464e-08 6.2668e-05 0.000313791
25.1752 92.5214 2.16462e-08 6.90788e-05 0.000338121
25.2152 93.8721 2.16455e-08 0.000132139 0.000349483
25.2553 93.8721 2.16474e-08 0.000167385 0.000386458
25.2953 93.8721 2.1652e-08 0.000142991 0.000385594
25.3353 89.3699 2.16516e-08 0.000129227 0.000305751
25.3754 86.6685 2.1641e-08 0.000196296 0.000310432
25.4154 86.6685 2.16262e-08 0.000310238 0.000310313
25.4555 86.2183 2.16207e-08 0.000365601 0.000365706
25.4955 86.6685 2.16286e-08 0.000326317 0.000328941
25.5355 78.1142 2.16409e-08 0.000271451 0.000385419
25.5756 78.5644 2.16448e-08 0.000294969 0.000351144
25.6156 85.3178 2.16384e-08 0.000377096 0.000377159
25.6557 74.5124 2.16293e-08 0.000411304 0.000422609
25.6957 75.4129 2.16243e-08 0.000340584 0.000396736
25.7357 78.1142 2.16229e-08 0.000231893 0.000376806
25.7758 78.5644 2.1622e-08 0.000188584 0.000314658
25.8158 78.5644 2.16232e-08 0.000219928 0.000336555
25.8559 72.2613 2.16307e-08 0.000240375 0.000387835
25.8959 70.9106 2.1641e-08 0.000189142 0.000378834
25.9359 70.4604 2.16433e-08 0.000114319 0.000391188
25.976 70.4604 2.16331e-08 0.000104326 0.000348497
26.016 70.4604 2.16205e-08 0.000170626 0.000388665
26.0561 62.3563 2.16196e-08 0.000231398 0.00045305
26.0961 61.9061 2.16309e-08 0.000225617 0.000462617
26.1361 62.3563 2.16419e-08 0.000194653 0.000436382
26.1762 69.3348 2.16427e-08 0.000229582 0.000378439
26.2162 62.8065 2.16377e-08 0.000343386 0.000446444
26.2563 60.5554 2.16358e-08 0.00044574 0.000459241
26.2963 61.4558 2.16384e-08 0.000450499 0.000450572
26.3363 61.9061 2.16387e-08 0.000384728 0.000384728
26.3764 61.0056 2.16348e-08 0.000355397 0.000449501
26.4164 55.1527 2.16338e-08 0.000413076 0.000477677
26.4565 53.802 2.16429e-08 0.000489111 0.000489204
26.4965 53.3518 2.16564e-08 0.000478605 0.000530793
26.5365 53.802 2.16625e-08 0.000374544 0.000485231
26.5766 53.802 2.16578e-08 0.000273415 0.000444984
26.6166 46.1482 2.16515e-08 0.000259632 0.000497881
26.6567 46.1482 2.16524e-08 0.000304204 0.000483251
26.6967 45.6979 2.1658e-08 0.000312093 0.000548315
26.7367 46.1482 2.16599e-08 0.000248077 0.000521578
26.7768 41.6459 2.16567e-08 0.000184237 0.000583773
26.8168 42.9966 2.16555e-08 0.000208398 0.000590306
26.8569 44.7975 2.16609e-08 0.000310373 0.000543227
26.8969 38.4943 2.1668e-08 0.000394589 0.000605403
26.9369 38.9445 2.16672e-08 0.00039933 0.00059385
26.977 38.0441 2.16576e-08 0.00037867 0.000650372
27.017 37.1436 2.16482e-08 0.000432778 0.000608822
27.0571 37.1436 2.16484e-08 0.000580271 0.000585489
27.0971 31.2907 2.16572e-08 0.000721322 0.000721392
27.1371 30.8405 2.16659e-08 0.000751167 0.000751252
27.1772 30.3903 2.16683e-08 0.000681354 0.000681373
27.2172 29.4898 2.16656e-08 0.000625973 0.000663426
27.2573 29.4898 2.16623e-08 0.000666305 0.000666326
27.2973 29.0396 2.16593e-08 0.00075155 0.000751642
27.3373 24.0871 2.16552e-08 0.000761928 0.000855183
27.3774 21.3857 2.16506e-08 0.000648647 0.000920191
27.4174 21.3857 2.16497e-08 0.000496363 0.000858892
27.4575 22.2862 2.16554e-08 0.000423184 0.000760925
27.4975 22.7364 2.16642e-08 0.000448868 0.000802657
27.5375 21.836 2.16677e-08 0.000481884 0.00100776
27.5776 20.0351 2.16608e-08 0.000441569 0.00110441
27.6176 19.5848 2.16478e-08 0.000366455 0.00108242
27.6577 19.1346 2.16389e-08 0.000373304 0.00106359
27.6977 14.6323 2.16403e-08 0.000519854 0.00114464
27.7377 13.7319 2.16485e-08 0.000730438 0.00129637
27.7778 12.8314 2.16545e-08 0.000886918 0.00139372
27.8178 12.8314 2.16535e-08 0.000971942 0.00133241
27.8579 13.2817 2.16487e-08 0.00110189 0.00117569
27.8979 12.8314 2.16458e-08 0.00139211 0.00139211
27.9379 10.5803 2.1646e-08 0.00181087 0.00181091
27.978 4.72737 2.16459e-08 0.00219267 0.00219279
28.018 4.27715 2.16434e-08 0.00240548 0.00240557
28.0581 4.72737 2.1642e-08 0.00249902 0.00249902
28.0981 4.72737 2.16465e-08 0.00264941 0.00264941
28.1381 4.72737 2.16556e-08 0.00296836 0.00296836
28.1782 3.82692 2.16624e-08 0.00336466 0.00336477
28.2182 3.82692 2.16617e-08 0.00362663 0.00362682
28.2583 3.82692 2.16566e-08 0.00363826 0.00363834
28.2983 4.27715 2.16546e-08 0.00349774 0.00349774
28.3383 4.72737 2.16583e-08 0.00342176 0.00342176
28.3784 4.27715 2.16628e-08 0.00351634 0.00351634
28.4184 4.27715 2.16623e-08 0.00367402 0.00367407
28.4585 3.82692 2.16585e-08 0.00368669 0.00368677
28.4985 4.27715 2.16585e-08 0.00346478 0.00346481
28.5385 5.1776 2.16659e-08 0.00313308 0.00313308
28.5786 5.1776 2.16749e-08 0.00289969 0.00289969
28.6186 5.1776 2.16763e-08 0.00285338 0.00285338
28.6587 4.72737 2.16682e-08 0.0028805 0.0028805
28.6987 4.72737 2.16586e-08 0.00279739 0.00279739
28.7387 5.62783 2.16576e-08 0.00254215 0.00254215
28.7788 6.07805 2.16665e-08 0.00223318 0.00223318
28.8188 6.52828 2.16782e-08 0.00204445 0.00204498
28.8589 6.07805 2.16848e-08 0.00202543 0.00202543
28.8989 5.62783 2.16854e-08 0.00206236 0.00206236
28.9389 5.62783 2.16841e-08 0.00199909 0.00199913
28.979 6.52828 2.16834e-08 0.00179687 0.0017969
29.019 6.9785 2.16821e-08 0.00156314 0.00156314
29.0591 6.9785 2.16794e-08 0.00143104 0.00143572
29.0991 7.42873 2.16779e-08 0.00142523 0.00142523
29.1391 11.0305 2.16819e-08 0.00144081 0.00144092
29.1792 14.4072 2.16913e-08 0.00135883 0.00135895
29.2192 15.5328 2.16997e-08 0.0011627 0.00116277
29.2593 15.983 2.16997e-08 0.000946559 0.000947202
29.2993 16.4332 2.16905e-08 0.000813642 0.00085974
29.3393 16.4332 2.16792e-08 0.000773676 0.000928196
29.3794 15.5328 2.16744e-08 0.0007467 0.000985962
29.4194 23.1866 2.16785e-08 0.000652653 0.000955043
29.4595 23.6369 2.1686e-08 0.000495385 0.000913892
29.4995 15.5328 2.16896e-08 0.000351727 0.000903827
29.5395 15.5328 2.16868e-08 0.000288022 0.000904933
29.5796 14.1821 2.1681e-08 0.000295942 0.000965975
29.6196 23.6369 2.16774e-08 0.000309135 0.000977223
29.6597 24.0871 2.16777e-08 0.000280838 0.00088744
29.6997 24.9875 2.16792e-08 0.000232075 0.000743627
29.7397 25.4378 2.16785e-08 0.00022579 0.000635488
29.7798 24.9875 2.16752e-08 0.000294661 0.000667558
29.8198 32.6414 2.16724e-08 0.000402703 0.000715942
29.8599 33.0916 2.16731e-08 0.000481056 0.000702198
29.8999 33.0916 2.16768e-08 0.000496962 0.000681266
29.9399 31.7409 2.16803e-08 0.0004872 0.000677021
29.98 31.2907 2.16814e-08 0.000516697 0.000666123
30.02 32.1912 2.16805e-08 0.000609446 0.000702273
30.0601 33.0916 2.16798e-08 0.00071982 0.000722879
30.1001 33.0916 2.16801e-08 0.000773283 0.000773405
30.1401 33.0916 2.16797e-08 0.000738241 0.000738317
30.1802 33.0916 2.16773e-08 0.000653439 0.000653439
30.2202 33.5418 2.16745e-08 0.000590394 0.000590394
30.2603 33.5418 2.16754e-08 0.000585065 0.000585084
30.3003 41.6459 2.16819e-08 0.000606721 0.000606763
30.3403 41.6459 2.16904e-08 0.000592818 0.000592899
30.3804 41.6459 2.16933e-08 0.000510056 0.000512598
30.4204 41.6459 2.16866e-08 0.000386267 0.000488742
30.4605 42.0961 2.16741e-08 0.000281543 0.000492755
30.5005 42.9966 2.16653e-08 0.000232137 0.000510458
30.5405 42.9966 2.1667e-08 0.00022272 0.000554989
30.5806 42.5464 2.16776e-08 0.000208239 0.000587228
30.6206 42.5464 2.16885e-08 0.000163468 0.000552696
30.6607 48.3993 2.16923e-08 0.000106698 0.000492114
30.7007 51.1007 2.16883e-08 7.8508e-05 0.000470306
30.7407 51.5509 2.16823e-08 9.91377e-05 0.000466917
30.7808 51.1007 2.16797e-08 0.00014765 0.000490757
30.8208 50.6504 2.16813e-08 0.000184315 0.000479906
30.8609 50.6504 2.16844e-08 0.000190313 0.000412048
30.9009 60.1052 2.16871e-08 0.000186377 0.000408486
30.9409 60.5554 2.16901e-08 0.000210152 0.000415067
30.981 60.5554 2.16951e-08 0.000275843 0.000392433
31.021 59.2047 2.17009e-08 0.000356864 0.000450875
31.0611 58.7545 2.17042e-08 0.000407125 0.000458198
31.1011 59.6549 2.17029e-08 0.000403446 0.000412924
31.1411 70.0101 2.16993e-08 0.000365981 0.000382284
31.1812 61.4558 2.16979e-08 0.000339178 0.000392482
31.2212 68.4344 2.17013e-08 0.00035104 0.000357048
31.2613 68.2092 2.1707e-08 0.000387095 0.000387123
31.3013 68.4344 2.17099e-08 0.000405424 0.000405465
31.3413 69.5599 2.17071e-08 0.000375183 0.000404622
31.3814 70.4604 2.17012e-08 0.000304496 0.00042477
31.4214 70.4604 2.16979e-08 0.000233033 0.000402473
31.4615 70.4604 2.17003e-08 0.000195876 0.000354802
31.5015 69.5599 2.17052e-08 0.000195012 0.000389324
31.5415 69.5599 2.17069e-08 0.000201303 0.000379669
31.5816 79.9151 2.17014e-08 0.000184501 0.000376027
31.6216 79.9151 2.16911e-08 0.000142353 0.000359406
31.6617 79.9151 2.16821e-08 0.000101052 0.000325718
31.7017 79.4649 2.16801e-08 9.01162e-05 0.000315625
31.7417 79.0147 2.16856e-08 0.000114345 0.00034754
31.7818 79.9151 2.16937e-08 0.000150043 0.000345096
31.8218 80.3653 2.16984e-08 0.000168007 0.000373629
31.8619 80.8156 2.16967e-08 0.000160198 0.000372594
31.9019 81.2658 2.169e-08 0.000146686 0.000333733
31.9419 87.1187 2.16824e-08 0.000155543 0.000330829
31.982 87.569 2.16777e-08 0.000195431 0.000348586
32.022 89.8201 2.16768e-08 0.000246272 0.000345869
32.0621 90.2703 2.16789e-08 0.000275538 0.000348735
32.1021 90.2703 2.1682e-08 0.000266613 0.000319447
32.1421 90.2703 2.16849e-08 0.000232548 0.000280313
32.1822 88.9196 2.16867e-08 0.000203791 0.00033146
32.2222 88.9196 2.16863e-08 0.000201849 0.000351932
32.2623 89.8201 2.16832e-08 0.00022071 0.000333092
32.3023 98.8246 2.16781e-08 0.000233815 0.000295843
32.3423 98.8246 2.16734e-08 0.00021807 0.000276093
32.3824 98.3744 2.16723e-08 0.000173685 0.000272047
32.4224 98.8246 2.16759e-08 0.000123985 0.000278714
32.4625 99.2748 2.16817e-08 9.45602e-05 0.000289042
32.5025 100.175 2.16853e-08 9.23828e-05 0.000288282
32.5425 100.626 2.16832e-08 0.00010225 0.00030501
32.5826 107.379 2.16761e-08 0.000102324 0.000288729
32.6226 108.279 2.16688e-08 8.50866e-05 0.000268055
32.6627 108.73 2.16661e-08 6.37787e-05 0.000291877
32.7027 109.18 2.16689e-08 5.99944e-05 0.000306055
32.7427 109.63 2.16727e-08 8.3702e-05 0.000294145
32.7828 110.08 2.16718e-08 0.000123469 0.000271771
32.8228 117.734 2.16641e-08 0.000156318 0.000237544
32.8629 119.085 2.16533e-08 0.00016743 0.000244604
32.9029 119.535 2.16461e-08 0.00016296 0.000274942
32.9429 119.535 2.1647e-08 0.00016464 0.000281453
32.983 119.535 2.16545e-08 0.000190058 0.000263752
33.023 119.085 2.16625e-08 0.000236745 0.000264141
33.0631 118.635 2.16649e-08 0.000282355 0.000282602
33.1031 118.635 2.16604e-08 0.000301696 0.000301763
33.1431 119.535 2.16524e-08 0.000286972 0.000287011
33.1832 120.435 2.16461e-08 0.000253074 0.000274411
33.2232 120.886 2.16446e-08 0.000225518 0.000279801
33.2633 128.089 2.16475e-08 0.000220281 0.000259297
33.3033 128.99 2.16527e-08 0.000231544 0.000231566
33.3433 129.89 2.16579e-08 0.000238158 0.000242275
33.3834 130.34 2.16621e-08 0.000221131 0.000269251
33.4234 130.34 2.16641e-08 0.000178738 0.000278471
33.4635 130.791 2.16631e-08 0.000127604 0.000262997
33.5035 130.791 2.16585e-08 8.86361e-05 0.000231653
33.5435 130.34 2.16518e-08 7.14666e-05 0.000231525
33.5836 129.89 2.16466e-08 6.89402e-05 0.000260402
33.6236 129.89 2.16463e-08 6.54697e-05 0.000282497
33.6637 130.791 2.16514e-08 5.16488e-05 0.000274297
33.7037 139.345 2.16581e-08 3.20134e-05 0.00024698
33.7437 139.795 2.1661e-08 2.03972e-05 0.000224807
33.7838 139.795 2.16563e-08 2.74021e-05 0.000218103
33.8238 140.245 2.16452e-08 5.06705e-05 0.000226029
33.8639 140.696 2.16333e-08 7.68482e-05 0.000235523
33.9039 141.596 2.16259e-08 9.27558e-05 0.000231688
33.9439 149.25 2.16252e-08 9.66459e-05 0.000223833
33.984 149.7 2.16282e-08 9.98783e-05 0.000197634
34.024 150.601 2.16292e-08 0.000116872 0.000183397
34.0641 151.051 2.16241e-08 0.000152434 0.000209022
34.1041 151.051 2.16136e-08 0.000196219 0.000228526
34.1441 151.051 2.1602e-08 0.000229142 0.000241947
34.1842 158.254 2.15945e-08 0.000237625 0.000239047
34.2242 159.605 2.15934e-08 0.000223363 0.00022338
34.2643 160.956 2.15967e-08 0.000202127 0.000205347
34.3043 161.406 2.15997e-08 0.00019193 0.00022596
34.3443 161.406 2.1598e-08 0.000199279 0.000232318
34.3844 161.406 2.15904e-08 0.000214887 0.000220385
34.4244 160.956 2.15794e-08 0.000221228 0.000221264
34.4645 161.406 2.15693e-08 0.000205525 0.000205545
34.5045 171.761 2.15635e-08 0.000169644 0.000197768
34.5445 171.761 2.15629e-08 0.000128202 0.000205295
34.5846 171.311 2.15657e-08 9.77272e-05 0.000203724
34.6246 170.861 2.15688e-08 8.52523e-05 0.000214304
34.6647 170.411 2.15694e-08 8.45223e-05 0.000226626
34.7047 170.861 2.15665e-08 8.2439e-05 0.000230027
34.7447 171.761 2.15607e-08 7.02395e-05 0.000210788
34.7848 172.662 2.15533e-08 5.00528e-05 0.00020353
34.8248 173.112 2.15464e-08 3.29327e-05 0.00021903
34.8649 173.112 2.1542e-08 2.96094e-05 0.000221656
34.9049 172.662 2.15413e-08 4.19031e-05 0.000230648
34.9449 180.766 2.15442e-08 6.14628e-05 0.00021819
34.985 182.116 2.15487e-08 7.63582e-05 0.0001954
35.025 183.017 2.15511e-08 8.04742e-05 0.000193815
35.0651 183.017 2.15485e-08 7.82178e-05 0.000199273
35.1051 183.017 2.154e-08 8.05612e-05 0.000189441
35.1451 182.567 2.15282e-08 9.62771e-05 0.000198048
35.1852 182.116 2.1518e-08 0.000124306 0.00022364
35.2252 182.116 2.15133e-08 0.000153611 0.000234655
35.2653 182.567 2.15146e-08 0.000170778 0.000223381
35.3053 192.922 2.15182e-08 0.000169204 0.000195894
35.3453 193.372 2.15185e-08 0.000153631 0.000177257
35.3854 192.472 2.15119e-08 0.00013675 0.000200679
35.4254 192.922 2.14993e-08 0.000129795 0.000210574
35.4655 193.372 2.14858e-08 0.000134915 0.000201242
35.5055 194.273 2.14769e-08 0.000144071 0.00017766
35.5455 194.723 2.14749e-08 0.000145155 0.000182594
35.5856 202.827 2.14775e-08 0.000130897 0.000189107
35.6256 203.502 2.14797e-08 0.000104001 0.000182255
35.6657 204.177 2.14767e-08 7.48418e-05 0.000170311
35.7057 204.177 2.14677e-08 5.43567e-05 0.000191089
35.7457 204.628 2.14558e-08 4.6666e-05 0.000206957
35.7858 205.078 2.14458e-08 4.72037e-05 0.000206729
35.8258 205.528 2.1441e-08 4.72892e-05 0.000196095
35.8659 212.732 2.14419e-08 4.11292e-05 0.000184742
35.9059 214.082 2.14458e-08 3.02923e-05 0.000173631
35.9459 214.533 2.14494e-08 2.24362e-05 0.000185222
35.986 215.433 2.14503e-08 2.51508e-05 0.000182078
36.026 215.883 2.14477e-08 4.00797e-05 0.000178837
36.0661 215.883 2.14423e-08 6.14103e-05 0.000170412
36.1061 215.883 2.14358e-08 7.9863e-05 0.000163971
36.1461 215.883 2.14297e-08 8.95906e-05 0.000160311
36.1862 215.433 2.14253e-08 9.22297e-05 0.000182323
36.2262 215.883 2.14237e-08 9.57598e-05 0.000193167
36.2663 216.334 2.14251e-08 0.0001086 0.000187997
36.3063 217.459 2.14277e-08 0.000133029 0.000172781
36.3463 225.788 2.14293e-08 0.00016283 0.000169246
36.3864 225.788 2.14272e-08 0.000186818 0.000186833
36.4264 225.788 2.142e-08 0.000195848 0.000195873
36.4665 226.239 2.14088e-08 0.000188614 0.000188645
36.5065 227.589 2.13972e-08 0.000172478 0.000172489
36.5465 228.039 2.1389e-08 0.000158267 0.000165369
36.5866 236.144 2.13861e-08 0.00015354 0.00017321
36.6266 237.044 2.13874e-08 0.000157775 0.000171443
36.6667 237.494 2.13895e-08 0.000163105 0.000163133
36.7067 237.944 2.13881e-08 0.000159944 0.000172274
36.7467 237.944 2.1381e-08 0.000143347 0.000188188
36.7868 237.944 2.1369e-08 0.000115956 0.000190775
36.8268 238.395 2.13558e-08 8.63181e-05 0.000178925
36.8669 247.399 2.13454e-08 6.31736e-05 0.000158798
36.9069 249.2 2.13404e-08 5.03462e-05 0.000146343
36.9469 249.2 2.13399e-08 4.52362e-05 0.000158366
36.987 238.845 2.13409e-08 4.15671e-05 0.000175303
37.027 239.295 2.13392e-08 3.42835e-05 0.000177881
37.0671 248.75 2.13325e-08 2.32974e-05 0.000168322
37.1071 249.2 2.13214e-08 1.31226e-05 0.000164544
37.1471 249.2 2.13092e-08 9.47452e-06 0.000174214
37.1872 249.65 2.12994e-08 1.50082e-05 0.000170004
37.2272 250.551 2.12947e-08 2.72993e-05 0.000154059
37.2673 251.001 2.12948e-08 4.06062e-05 0.000155559
37.3073 251.451 2.1297e-08 4.98918e-05 0.000161123
37.3473 259.105 2.12982e-08 5.42888e-05 0.000160275
37.3874 260.006 2.12959e-08 5.77926e-05 0.000151483
37.4274 260.906 2.12901e-08 6.62815e-05 0.00014948
37.4675 261.356 2.12824e-08 8.30729e-05 0.000144569
37.5075 261.806 2.12751e-08 0.000106207 0.000154577
37.5475 261.356 2.127e-08 0.000128998 0.000166238
37.5876 261.356 2.1268e-08 0.000143782 0.000165375
37.6276 270.811 2.12685e-08 0.000146626 0.000160687
37.6677 271.711 2.12705e-08 0.000139602 0.000150306
37.7077 272.612 2.12728e-08 0.000129389 0.000143498
37.7477 273.062 2.12741e-08 0.000123349 0.00014004
37.7878 273.062 2.12733e-08 0.000124727 0.00014327
37.8278 273.062 2.12697e-08 0.000130947 0.000144765
37.8679 282.517 2.12634e-08 0.00013542 0.000139749
37.9079 283.417 2.1256e-08 0.000131672 0.000136992
37.9479 283.867 2.12497e-08 0.000117331 0.000140435
37.988 283.867 2.12466e-08 9.57527e-05 0.000142906
38.028 284.318 2.12475e-08 7.36701e-05 0.00013732
38.0681 282.967 2.12507e-08 5.73621e-05 0.000151401
38.1081 282.967 2.12528e-08 4.91903e-05 0.000165146
38.1481 283.417 2.12505e-08 4.67212e-05 0.000171202
38.1882 284.318 2.12423e-08 4.49397e-05 0.000165251
38.2282 284.768 2.12297e-08 3.98051e-05 0.000161791
38.2683 285.668 2.12162e-08 3.10117e-05 0.000150167
38.3083 286.119 2.12061e-08 2.20225e-05 0.00014188
38.3483 286.569 2.12013e-08 1.77688e-05 0.000147072
38.3884 294.673 2.12008e-08 2.12313e-05 0.000144699
38.4284 295.798 2.12015e-08 3.15295e-05 0.000135313
38.4685 296.474 2.11993e-08 4.44165e-05 0.000128634
38.5085 296.924 2.11919e-08 5.49404e-05 0.000132947
38.5485 297.374 2.11801e-08 6.0607e-05 0.000138296
38.5886 296.924 2.11667e-08 6.28925e-05 0.00014199
38.6286 305.929 2.11552e-08 6.61464e-05 0.000135961
38.6687 306.829 2.11482e-08 7.47703e-05 0.000135453
38.7087 307.279 2.11456e-08 9.00473e-05 0.000144338
38.7487 307.279 2.11456e-08 0.000109043 0.000148098
38.7888 297.374 2.11453e-08 0.000125977 0.000156548
38.8288 297.824 2.11422e-08 0.000135355 0.000154248
38.8689 307.729 2.11355e-08 0.000134947 0.000143051
38.9089 308.63 2.11258e-08 0.000127045 0.000130158
38.9489 308.63 2.11147e-08 0.000117027 0.000138699
38.989 309.08 2.11044e-08 0.000110129 0.000139577
39.029 309.53 2.10964e-08 0.000108684 0.00013914
39.0691 309.981 2.10913e-08 0.000110935 0.000136883
39.1091 310.431 2.10886e-08 0.000112159 0.000133427
39.1491 319.886 2.10868e-08 0.000107695 0.000127854
39.1892 320.336 2.1084e-08 9.5636e-05 0.000127949
39.2292 321.236 2.10783e-08 7.77811e-05 0.000122827
39.2693 321.236 2.10687e-08 5.86146e-05 0.000127911
39.3093 322.137 2.10555e-08 4.28305e-05 0.000128459
39.3493 322.587 2.10404e-08 3.283e-05 0.000126945
39.3894 322.587 2.1026e-08 2.78587e-05 0.00013194
39.4294 322.587 2.10146e-08 2.50153e-05 0.000137261
39.4695 330.691 2.10071e-08 2.13427e-05 0.00014394
39.5095 331.591 2.10026e-08 1.58636e-05 0.000141834
39.5495 332.942 2.09985e-08 1.00975e-05 0.000133888
39.5896 332.942 2.09914e-08 7.03851e-06 0.000137966
39.6296 332.267 2.09791e-08 9.15736e-06 0.000145158
39.6697 323.037 2.09611e-08 1.6774e-05 0.000149819
39.7097 332.042 2.09396e-08 2.77242e-05 0.000145903
39.7497 332.942 2.0918e-08 3.86942e-05 0.000136354
39.7898 344.198 2.09001e-08 4.70961e-05 0.000125997
39.8298 345.098 2.08875e-08 5.27028e-05 0.000119312
39.8699 344.648 2.08794e-08 5.76565e-05 0.000125448
39.9099 344.648 2.08724e-08 6.52999e-05 0.000124776
39.9499 345.098 2.08624e-08 7.77171e-05 0.00011977
39.99 345.098 2.08464e-08 9.45044e-05 0.000126158
40.03 345.548 2.08239e-08 0.000112483 0.000127895
40.0701 345.999 2.07976e-08 0.000127128 0.000127148
40.1101 346.449 2.07717e-08 0.000134853 0.000134884
40.1502 346.899 2.07503e-08 0.000134901 0.000134927
40.1902 347.349 2.0735e-08 0.000129518 0.000129544
40.2302 355.904 2.07246e-08 0.000122829 0.000129677
40.2703 356.804 2.07152e-08 0.00011868 0.000134888
40.3103 357.705 2.07028e-08 0.000118471 0.000132683
40.3504 358.605 2.06847e-08 0.000120717 0.000123819
40.3904 359.055 2.0661e-08 0.000121869 0.000121891
40.4304 359.505 2.06349e-08 0.000118308 0.000125948
40.4705 359.505 2.06104e-08 0.000108266 0.000131922
40.5105 359.505 2.05912e-08 9.28587e-05 0.000131383
40.5506 368.51 2.05781e-08 7.53636e-05 0.000123997
40.5906 369.861 2.05698e-08 5.95956e-05 0.000114639
40.6306 370.311 2.0563e-08 4.81274e-05 0.000117221
40.6707 370.311 2.05541e-08 4.11674e-05 0.000126027
40.7107 369.861 2.05414e-08 3.69088e-05 0.000129611
40.7508 360.856 2.05248e-08 3.28486e-05 0.000130456
40.7908 369.861 2.05064e-08 2.73214e-05 0.000128596
40.8308 370.761 2.04891e-08 2.04541e-05 0.000121429
40.8709 371.211 2.04752e-08 1.40811e-05 0.000121121
40.9109 371.662 2.04656e-08 1.05792e-05 0.000121101
40.951 382.467 2.04597e-08 1.14839e-05 0.00011492
40.991 382.917 2.04559e-08 1.6609e-05 0.000112286
41.031 382.467 2.04519e-08 2.41577e-05 0.000116733
41.0711 382.467 2.0446e-08 3.16834e-05 0.000120547
41.1111 383.367 2.04377e-08 3.74881e-05 0.000120738
41.1512 383.818 2.04274e-08 4.14883e-05 0.000117623
41.1912 384.718 2.04163e-08 4.51649e-05 0.000113222
41.2312 385.168 2.04062e-08 5.06262e-05 0.000117504
41.2713 385.619 2.03986e-08 5.9356e-05 0.000116591
41.3113 385.619 2.03939e-08 7.10639e-05 0.000116915
41.3514 385.619 2.03918e-08 8.37681e-05 0.000127811
41.3914 385.168 2.03909e-08 9.4583e-05 0.00013395
41.4314 395.524 2.03896e-08 0.000100942 0.000133818
41.4715 396.424 2.03865e-08 0.000102025 0.000128041
41.5115 397.324 2.03814e-08 9.88911e-05 0.000119034
41.5516 398.225 2.03751e-08 9.39862e-05 0.000110661
41.5916 398.225 2.03691e-08 8.98413e-05 0.00010885
41.6316 398.225 2.03649e-08 8.7911e-05 0.000111373
41.6717 407.68 2.03632e-08 8.78434e-05 0.000108817
41.7117 409.03 2.03637e-08 8.77987e-05 0.000102288
41.7518 409.481 2.03653e-08 8.54697e-05 0.000100828
41.7918 409.931 2.03663e-08 7.93174e-05 0.000101462
41.8318 409.481 2.03659e-08 6.92914e-05 0.000108124
41.8719 409.481 2.03642e-08 5.69404e-05 0.000110063
41.9119 409.481 2.0362e-08 4.46159e-05 0.00010715
41.952 409.481 2.03606e-08 3.44007e-05 0.000110296
41.992 409.931 2.03608e-08 2.72472e-05 0.000117695
42.032 410.381 2.03624e-08 2.27711e-05 0.00012199
42.0721 410.831 2.03644e-08 1.96642e-05 0.000121929
42.1121 411.281 2.03652e-08 1.66017e-05 0.000116898
42.1522 412.182 2.03639e-08 1.30658e-05 0.00011181
42.1922 421.637 2.03601e-08 9.59834e-06 0.000108964
42.2322 422.537 2.03551e-08 7.51141e-06 0.000104938
42.2723 422.987 2.03502e-08 8.16718e-06 0.000107872
42.3123 423.438 2.03468e-08 1.21597e-05 0.000111151
42.3524 423.888 2.03449e-08 1.89686e-05 0.000114558
42.3924 424.338 2.03431e-08 2.72183e-05 0.000115795
42.4324 424.788 2.03393e-08 3.53092e-05 0.000113498
42.4725 425.238 2.03312e-08 4.22296e-05 0.000109722
42.5125 434.243 2.0318e-08 4.8072e-05 0.000106569
42.5526 435.594 2.03005e-08 5.38675e-05 0.000105148
42.5926 436.044 2.02806e-08 6.09685e-05 0.000105147
42.6326 436.719 2.02613e-08 7.03333e-05 0.000107478
42.6727 436.944 2.02441e-08 8.17859e-05 0.000109666
42.7127 436.944 2.02288e-08 9.39357e-05 0.00011304
42.7528 436.944 2.02134e-08 0.000104757 0.000112336
42.7928 436.944 2.01941e-08 0.000112339 0.000112347
42.8328 436.494 2.01678e-08 0.0001157 0.000115722
42.8729 436.944 2.01331e-08 0.000115214 0.000115224
42.9129 437.845 2.00912e-08 0.000112367 0.000112372
42.953 448.65 2.00454e-08 0.00010902 0.000109031
42.993 449.1 1.99998e-08 0.00010656 0.00010663
43.033 439.195 1.99575e-08 0.000105354 0.000109338
43.0731 449.1 1.99189e-08 0.00010459 0.000108145
43.1131 450.001 1.98815e-08 0.000102713 0.00010394
43.1532 450.001 1.98408e-08 9.82771e-05 9.84526e-05
43.1932 450.001 1.97923e-08 9.05771e-05 9.55736e-05
43.2332 450.001 1.97334e-08 8.00236e-05 9.88753e-05
43.2733 450.001 1.96653e-08 6.7933e-05 0.000100261
43.3133 450.001 1.95916e-08 5.60521e-05 0.000101922
43.3534 450.001 1.9518e-08 4.57848e-05 0.000105377
43.3934 450.001 1.9449e-08 3.77431e-05 0.000106846
43.4334 450.001 1.93865e-08 3.16482e-05 0.000105014
43.4735 450.001 1.93287e-08 2.66762e-05 0.000103082
43.5135 450.001 1.92712e-08 2.19391e-05 0.000102228
43.5536 450.001 1.92088e-08 1.70409e-05 0.000101565
43.5936 450.001 1.91382e-08 1.22854e-05 0.000105237
43.6336 450.001 1.90594e-08 8.48405e-06 0.000109101
43.6737 450.001 1.89755e-08 6.54488e-06 0.000110315
43.7137 450.001 1.88922e-08 7.03851e-06 0.000107934
43.7538 450.001 1.88146e-08 9.87062e-06 0.000104637
43.7938 450.001 1.87456e-08 1.43426e-05 9.87851e-05
43.8338 450.001 1.86847e-08 1.94878e-05 0.000100179
43.8739 450.001 1.86285e-08 2.45206e-05 0.000102371
43.9139 450.001 1.8572e-08 2.91483e-05 0.000101508
43.954 450.001 1.85115e-08 3.36982e-05 9.81472e-05
43.994 450.001 1.84459e-08 3.88559e-05 9.65514e-05
44.034 450.001 1.83772e-08 4.52355e-05 9.41915e-05
44.0741 450.001 1.83095e-08 5.29741e-05 9.37617e-05
44.1141 450.001 1.82476e-08 6.16062e-05 9.80629e-05
44.1542 440.096 1.81945e-08 7.0061e-05 0.000104847
44.1942 400.926 1.81506e-08 7.71176e-05 0.000109077
44.2342 400.926 1.81134e-08 8.18421e-05 0.000110089
44.2743 411.732 1.80791e-08 8.39564e-05 0.00010809
44.3143 412.632 1.80441e-08 8.3831e-05 0.000105219
44.3544 413.082 1.80064e-08 8.24142e-05 0.000106996
44.3944 413.533 1.79668e-08 8.07087e-05 0.000106028
44.4344 413.983 1.79278e-08 7.93324e-05 0.000102304
44.4745 413.983 1.78927e-08 7.83024e-05 9.58443e-05
44.5145 413.983 1.7864e-08 7.70953e-05 9.49453e-05
44.5546 425.689 1.78421e-08 7.48587e-05 9.26251e-05
44.5946 426.589 1.78258e-08 7.08646e-05 9.10601e-05
44.6346 427.039 1.7812e-08 6.48226e-05 9.35501e-05
44.6747 427.039 1.77978e-08 5.71225e-05 9.58386e-05
44.7147 427.49 1.77815e-08 4.85803e-05 9.52576e-05
44.7548 427.49 1.77632e-08 4.01793e-05 9.23582e-05
44.7948 427.49 1.77444e-08 3.27887e-05 8.88476e-05
44.8348 427.49 1.77273e-08 2.67972e-05 9.09152e-05
44.8749 427.49 1.77137e-08 2.21069e-05 9.52985e-05
44.9149 427.94 1.77035e-08 1.83023e-05 9.78691e-05
44.955 428.39 1.76956e-08 1.4957e-05 9.77549e-05
44.995 428.84 1.76872e-08 1.18343e-05 9.54374e-05
45.035 429.29 1.7676e-08 9.09695e-06 9.48013e-05
45.0751 429.741 1.76606e-08 7.21899e-06 9.45305e-05
45.1151 429.741 1.76413e-08 6.75484e-06 9.31351e-05
45.1552 440.096 1.76199e-08 8.09366e-06 9.42091e-05
45.1952 440.996 1.75984e-08 1.12755e-05 9.46149e-05
45.2352 441.447 1.75786e-08 1.59394e-05 9.28454e-05
45.2753 442.347 1.75607e-08 2.14674e-05 9.20318e-05
45.3153 442.347 1.75431e-08 2.72664e-05 9.38729e-05
45.3554 442.797 1.75232e-08 3.29803e-05 9.40928e-05
45.3954 443.247 1.74983e-08 3.85811e-05 9.18439e-05
45.4354 443.022 1.7467e-08 4.4386e-05 9.41067e-05
45.4755 442.797 1.74296e-08 5.08113e-05 9.54743e-05
45.5155 442.797 1.73882e-08 5.81156e-05 9.46693e-05
45.5556 442.797 1.73458e-08 6.62042e-05 9.30992e-05
45.5956 442.797 1.7305e-08 7.45978e-05 9.66132e-05
45.6356 443.247 1.72667e-08 8.25161e-05 9.82138e-05
45.6757 443.698 1.72304e-08 8.9103e-05 9.74692e-05
45.7157 444.148 1.71936e-08 9.37915e-05 9.44754e-05
45.7558 444.148 1.71534e-08 9.64123e-05 9.64289e-05
45.7958 444.148 1.7108e-08 9.72177e-05 9.72407e-05
45.8358 444.148 1.70571e-08 9.68023e-05 9.68299e-05
45.8759 443.698 1.70022e-08 9.58052e-05 9.58225e-05
45.9159 443.698 1.69466e-08 9.46287e-05 9.4658e-05
45.956 443.247 1.68931e-08 9.33539e-05 9.338e-05
45.996 443.247 1.68444e-08 9.1697e-05 9.17027e-05
46.036 443.698 1.68006e-08 8.91192e-05 8.91317e-05
46.0761 444.148 1.67607e-08 8.51668e-05 8.66671e-05
46.1161 443.698 1.6722e-08 7.95577e-05 8.97237e-05
46.1562 443.698 1.66825e-08 7.24392e-05 9.09734e-05
46.1962 412.182 1.66405e-08 6.4293e-05 9.01252e-05
46.2362 412.632 1.65969e-08 5.57699e-05 8.75478e-05
46.2763 412.632 1.65532e-08 4.75531e-05 9.08338e-05
46.3163 412.632 1.65122e-08 4.01101e-05 9.33301e-05
46.3564 412.857 1.64761e-08 3.35996e-05 9.4407e-05
46.3964 413.082 1.64462e-08 2.79288e-05 9.36315e-05
46.4364 413.983 1.64221e-08 2.28544e-05 9.08699e-05
46.4765 414.433 1.64021e-08 1.81806e-05 8.66542e-05
46.5165 414.883 1.63844e-08 1.38479e-05 8.489e-05
46.5566 415.333 1.63674e-08 1.00134e-05 8.56403e-05
46.5966 415.333 1.63503e-08 6.99261e-06 8.5806e-05
46.6366 423.888 1.63338e-08 5.13385e-06 8.53915e-05
46.6767 424.788 1.63189e-08 4.6597e-06 8.83137e-05
46.7167 425.689 1.6307e-08 5.60278e-06 9.03609e-05
46.7568 426.589 1.62987e-08 7.76406e-06 9.07465e-05
46.7968 427.039 1.62939e-08 1.08128e-05 8.95582e-05
46.8368 427.49 1.62914e-08 1.44066e-05 8.72374e-05
46.8769 427.94 1.62899e-08 1.83154e-05 8.67687e-05
46.9169 428.39 1.62881e-08 2.24728e-05 8.63224e-05
46.957 428.39 1.62854e-08 2.69845e-05 8.57404e-05
46.997 428.39 1.6282e-08 3.20012e-05 8.53588e-05
47.037 428.39 1.62786e-08 3.76302e-05 8.50698e-05
47.0771 439.646 1.62757e-08 4.37665e-05 8.42201e-05
47.1171 440.546 1.62734e-08 5.01565e-05 8.22533e-05
47.1572 440.996 1.62711e-08 5.6356e-05 8.48403e-05
47.1972 441.447 1.62675e-08 6.18697e-05 8.79594e-05
47.2372 441.447 1.62611e-08 6.63091e-05 9.0398e-05
47.2773 441.447 1.62509e-08 6.94655e-05 9.12314e-05
47.3173 441.897 1.62366e-08 7.14201e-05 9.064e-05
47.3574 441.897 1.62188e-08 7.23569e-05 8.90344e-05
47.3974 442.347 1.61988e-08 7.26243e-05 8.83782e-05
47.4374 442.797 1.61779e-08 7.24647e-05 9.00211e-05
47.4775 442.797 1.61569e-08 7.198e-05 9.01236e-05
47.5175 443.247 1.61353e-08 7.10955e-05 8.86237e-05
47.5576 443.698 1.61121e-08 6.96014e-05 8.57632e-05
47.5976 444.598 1.60854e-08 6.72027e-05 8.20475e-05
47.6376 444.598 1.60538e-08 6.37308e-05 8.09739e-05
47.6777 445.048 1.60166e-08 5.91602e-05 8.16805e-05
47.7177 445.048 1.59741e-08 5.36797e-05 8.20524e-05
47.7578 445.048 1.59282e-08 4.7666e-05 8.21296e-05
47.7978 445.048 1.58807e-08 4.14814e-05 8.18165e-05
47.8378 445.048 1.58339e-08 3.55466e-05 8.07942e-05
47.8779 445.048 1.57889e-08 3.00999e-05 7.87734e-05
47.9179 445.499 1.57456e-08 2.52312e-05 7.69444e-05
47.958 445.499 1.57029e-08 2.09152e-05 7.89575e-05
47.998 445.499 1.56591e-08 1.70298e-05 8.11726e-05
48.038 445.499 1.56128e-08 1.35361e-05 8.20244e-05
48.0781 445.499 1.55634e-08 1.04555e-05 8.18905e-05
48.1181 445.048 1.55116e-08 7.91318e-06 8.42098e-05
48.1582 444.598 1.54593e-08 6.1259e-06 8.60949e-05
48.1982 443.698 1.54085e-08 5.30841e-06 8.70444e-05
48.2382 442.797 1.53614e-08 5.59901e-06 8.67907e-05
48.2783 442.797 1.53189e-08 7.01164e-06 8.53265e-05
48.3183 442.347 1.52812e-08 9.43946e-06 8.40559e-05
48.3584 411.732 1.5247e-08 1.26749e-05 8.37806e-05
48.3984 412.182 1.5215e-08 1.64897e-05 8.2095e-05
48.4384 422.987 1.51836e-08 2.07171e-05 7.9765e-05
48.4785 424.338 1.51525e-08 2.5269e-05 7.8137e-05
48.5185 424.788 1.51218e-08 3.01444e-05 7.77126e-05
48.5586 425.238 1.50929e-08 3.54174e-05 7.67318e-05
48.5986 425.689 1.5067e-08 4.11417e-05 7.84578e-05
48.6386 426.139 1.50452e-08 4.72762e-05 7.96384e-05
48.6787 426.139 1.5028e-08 5.366e-05 8.0046e-05
48.7187 426.589 1.50147e-08 6.00397e-05 8.24725e-05
48.7588 426.589 1.50041e-08 6.60692e-05 8.47193e-05
48.7988 427.039 1.49949e-08 7.14393e-05 8.56946e-05
48.8388 427.039 1.49859e-08 7.58683e-05 8.53824e-05
48.8789 427.039 1.49766e-08 7.92885e-05 8.39582e-05
48.9189 427.039 1.49673e-08 8.17278e-05 8.34019e-05
48.959 427.039 1.49587e-08 8.33065e-05 8.3317e-05
48.999 427.039 1.49513e-08 8.42113e-05 8.42182e-05
49.039 438.745 1.49453e-08 8.45784e-05 8.45852e-05
49.0791 439.421 1.49402e-08 8.4453e-05 8.44581e-05
49.1191 439.646 1.4935e-08 8.37827e-05 8.37855e-05
49.1592 440.096 1.49283e-08 8.23878e-05 8.23919e-05
49.1992 440.546 1.4919e-08 8.01333e-05 8.0141e-05
49.2392 440.996 1.49068e-08 7.69092e-05 7.69163e-05
49.2793 441.447 1.48916e-08 7.2689e-05 7.33472e-05
49.3193 441.447 1.48745e-08 6.76007e-05 7.62283e-05
49.3594 441.447 1.48562e-08 6.18596e-05 7.81287e-05
49.3994 441.897 1.48375e-08 5.57784e-05 7.91353e-05
49.4394 441.897 1.48184e-08 4.96064e-05 7.90277e-05
49.4795 442.347 1.47983e-08 4.35898e-05 7.79269e-05
49.5195 442.347 1.47761e-08 3.78716e-05 7.90603e-05
49.5596 442.347 1.47506e-08 3.24771e-05 8.03345e-05
49.5996 442.347 1.47212e-08 2.74044e-05 8.04945e-05
49.6396 442.347 1.46881e-08 2.26367e-05 7.95443e-05
49.6797 450.001 1.4652e-08 1.8164e-05 7.7627e-05
49.7197 450.001 1.46144e-08 1.40847e-05 7.80062e-05
49.7598 450.001 1.45767e-08 1.0499e-05 7.86559e-05
49.7998 450.001 1.45403e-08 7.57453e-06 7.84467e-05
49.8398 442.347 1.45054e-08 5.45588e-06 7.75745e-05
49.8799 442.347 1.44719e-08 4.22792e-06 7.62599e-05
49.9199 450.001 1.44389e-08 3.91244e-06 7.50618e-05
49.96 450.001 1.44054e-08 4.45877e-06 7.43898e-05
50 409.481 1.4371e-08 5.75317e-06 7.61062e-05
