#S 1 scored data
#N 5
#L  distance  fwhm  total_intensity  on_axis_intensity  peak_intensity
10 449.551 4.75395e-06 0.00419735 0.0369628
10.04 446.399 4.73459e-06 0.0231193 0.0391464
10.0801 447.75 4.72967e-06 0.00671536 0.0346962
10.1201 449.551 4.72713e-06 0.0204065 0.033157
10.1602 450.001 4.69579e-06 0.00910157 0.0303368
10.2002 448.2 4.64906e-06 0.0131169 0.0268184
10.2402 440.996 4.63456e-06 0.0151965 0.0314787
10.2803 441.897 4.62311e-06 0.0132199 0.0347124
10.3203 443.698 4.61307e-06 0.0164165 0.0347969
10.3604 448.65 4.60238e-06 0.00748463 0.0300779
10.4004 450.001 4.56876e-06 0.022669 0.0273099
10.4404 448.2 4.51268e-06 0.00832623 0.0255565
10.4805 449.551 4.46894e-06 0.0203244 0.0244434
10.5205 427.49 4.4284e-06 0.00419709 0.0270569
10.5606 431.992 4.40026e-06 0.0241784 0.0272339
10.6006 430.191 4.38963e-06 0.00511694 0.0274377
10.6406 435.143 4.38389e-06 0.0211765 0.0249151
10.6807 436.494 4.37438e-06 0.0032616 0.0244372
10.7207 434.693 4.35672e-06 0.0234512 0.0240051
10.7608 366.709 4.33042e-06 0.00485322 0.0251314
10.8008 447.3 4.29126e-06 0.0200833 0.0231169
10.8408 449.1 4.25859e-06 0.00388875 0.0231957
10.8809 450.001 4.22043e-06 0.0219655 0.0228986
10.9209 403.628 4.19611e-06 0.00664935 0.0244163
10.961 408.58 4.18032e-06 0.0192138 0.0224652
11.001 406.779 4.1693e-06 0.00555621 0.0231112
11.041 401.376 4.17117e-06 0.0202814 0.0222546
11.0811 395.524 4.17146e-06 0.00912035 0.0228452
11.1211 390.571 4.17693e-06 0.0201903 0.0229972
11.1612 388.77 4.17892e-06 0.00703058 0.0221381
11.2012 393.723 4.18054e-06 0.0178466 0.0215215
11.2412 391.472 4.17585e-06 0.0108183 0.0220564
11.2813 389.671 4.17398e-06 0.0195896 0.0216714
11.3213 383.818 4.16284e-06 0.00783227 0.0224028
11.3614 378.415 4.15877e-06 0.0152342 0.0210976
11.4014 376.839 4.14991e-06 0.00943027 0.0214475
11.4414 377.965 4.14475e-06 0.0180493 0.0219843
11.4815 376.164 4.14221e-06 0.00911195 0.0224695
11.5215 373.913 4.13981e-06 0.0138504 0.0206566
11.5616 364.908 4.13888e-06 0.00845172 0.0213649
11.6016 366.709 4.13503e-06 0.0172871 0.0225895
11.6416 364.908 4.13196e-06 0.011694 0.021753
11.6817 362.657 4.12192e-06 0.0158748 0.0215141
11.7217 356.804 4.11494e-06 0.00854615 0.0212373
11.7618 355.003 4.10651e-06 0.0158068 0.0225482
11.8018 353.202 4.09891e-06 0.012339 0.0227449
11.8418 354.553 4.09693e-06 0.0189955 0.0219129
11.8819 348.7 4.09341e-06 0.00998186 0.0221482
11.9219 346.899 4.09478e-06 0.0143874 0.0218693
11.962 348.25 4.08962e-06 0.00910027 0.0224262
12.002 345.999 4.09055e-06 0.0186866 0.0223095
12.042 340.596 4.08386e-06 0.0112191 0.0222699
12.0821 338.345 4.08186e-06 0.0160656 0.023459
12.1221 336.544 4.08127e-06 0.00814319 0.0219063
12.1622 337.895 4.08025e-06 0.0158337 0.0222433
12.2022 335.643 4.08243e-06 0.0115805 0.0214762
12.2422 330.691 4.08112e-06 0.0205062 0.021668
12.2823 332.042 4.08314e-06 0.0117588 0.021878
12.3223 326.189 4.07701e-06 0.0158875 0.0223023
12.3624 323.938 4.07635e-06 0.0105153 0.0217376
12.4024 322.587 4.07312e-06 0.0183973 0.0202137
12.4424 323.938 4.0714e-06 0.0148646 0.0210068
12.4825 314.483 4.07048e-06 0.0188019 0.0215126
12.5225 315.834 4.06741e-06 0.01209 0.0214123
12.5626 314.033 4.06554e-06 0.0136183 0.0209965
12.6026 311.782 4.05844e-06 0.0126802 0.0216431
12.6426 309.981 4.05552e-06 0.0172379 0.0198289
12.6827 307.729 4.05237e-06 0.0182051 0.0203196
12.7227 301.877 4.04997e-06 0.0156868 0.0206158
12.7628 300.076 4.04866e-06 0.0151673 0.0201156
12.8028 301.426 4.04345e-06 0.0132723 0.0204098
12.8428 295.123 4.04205e-06 0.0178298 0.0204351
12.8829 293.322 4.03505e-06 0.0177747 0.0210501
12.9229 291.071 4.03533e-06 0.0213459 0.02206
12.963 288.82 4.03227e-06 0.0148542 0.020686
13.003 287.019 4.03066e-06 0.0155321 0.0209842
13.043 284.768 4.02639e-06 0.0113264 0.0215623
13.0831 279.365 4.02105e-06 0.0174814 0.0213701
13.1231 280.266 4.01853e-06 0.0158547 0.021441
13.1632 274.863 4.01401e-06 0.0206732 0.0206801
13.2032 272.612 4.01291e-06 0.0154109 0.0206268
13.2432 269.91 4.00727e-06 0.0151452 0.0230311
13.2833 267.659 4.00224e-06 0.0144239 0.0213336
13.3233 266.309 3.99782e-06 0.0170367 0.0210421
13.3634 263.607 3.99349e-06 0.0216753 0.0216819
13.4034 261.356 3.99169e-06 0.020908 0.0221038
13.4434 259.105 3.98613e-06 0.0212661 0.0234558
13.4835 256.854 3.98344e-06 0.0148218 0.0228668
13.5235 251.451 3.9787e-06 0.0156341 0.0235031
13.5636 252.352 3.97628e-06 0.0139084 0.0221011
13.6036 246.949 3.97524e-06 0.020365 0.0227303
13.6436 248.075 3.97231e-06 0.0201265 0.0239011
13.6837 245.598 3.97149e-06 0.0223405 0.0233788
13.7237 240.196 3.96734e-06 0.0183977 0.0242571
13.7638 241.096 3.96858e-06 0.015836 0.0235667
13.8038 236.144 3.96729e-06 0.0163954 0.0237761
13.8438 233.442 3.96666e-06 0.0182991 0.0256258
13.8839 230.741 3.96517e-06 0.0236519 0.0243927
13.9239 228.94 3.96296e-06 0.0227317 0.0259656
13.964 225.788 3.9637e-06 0.0246075 0.0256272
14.004 223.987 3.96175e-06 0.0170535 0.0249825
14.044 221.736 3.96176e-06 0.0158276 0.0269822
14.0841 216.334 3.9596e-06 0.0146485 0.0256347
14.1241 217.234 3.9581e-06 0.0203418 0.0256865
14.1642 214.082 3.95872e-06 0.0246835 0.0275354
14.2042 212.732 3.95765e-06 0.0264371 0.0270533
14.2442 210.03 3.95825e-06 0.0272787 0.0275993
14.2843 208.23 3.95728e-06 0.0198985 0.0263876
14.3243 205.528 3.95803e-06 0.0184356 0.0277689
14.3644 200.125 3.9604e-06 0.0150419 0.0291424
14.4044 201.026 3.95975e-06 0.0210737 0.0277501
14.4444 194.723 3.96224e-06 0.0235042 0.0299309
14.4845 196.974 3.96272e-06 0.0280115 0.0288215
14.5245 197.424 3.96535e-06 0.0277606 0.0289186
14.5646 187.519 3.96653e-06 0.0227727 0.0311571
14.6046 189.32 3.96723e-06 0.0205932 0.0304027
14.6446 183.467 3.96949e-06 0.0165191 0.0313928
14.6847 184.368 3.97025e-06 0.0217208 0.0311065
14.7247 180.316 3.97205e-06 0.0249761 0.0322793
14.7648 179.415 3.9729e-06 0.0314248 0.0320298
14.8048 180.316 3.97311e-06 0.0308404 0.0324275
14.8448 174.237 3.97499e-06 0.0262703 0.0347884
14.8849 175.813 3.97578e-06 0.0221289 0.0318875
14.9249 169.96 3.97794e-06 0.0169724 0.0349253
14.965 167.259 3.97928e-06 0.0201655 0.0350188
15.005 167.709 3.98044e-06 0.0242928 0.0348007
15.045 162.306 3.98325e-06 0.0328676 0.0361197
15.0851 162.306 3.98518e-06 0.0367865 0.0367901
15.1251 157.354 3.98816e-06 0.0344682 0.0374872
15.1652 158.254 3.99013e-06 0.0304252 0.0355358
15.2052 153.302 3.99252e-06 0.0208563 0.0365747
15.2452 153.302 3.99584e-06 0.0183565 0.040813
15.2853 147.899 3.99708e-06 0.0193149 0.0404607
15.3253 148.349 3.99944e-06 0.0278826 0.0414571
15.3654 145.198 4.00164e-06 0.0371802 0.0389404
15.4054 143.847 4.00364e-06 0.0410205 0.0415882
15.4454 138.444 4.00577e-06 0.0427727 0.0437965
15.4855 138.895 4.00631e-06 0.0336999 0.0419816
15.5255 139.345 4.0081e-06 0.0259323 0.0439766
15.5656 134.392 4.01025e-06 0.0194602 0.0438226
15.6056 134.843 4.01163e-06 0.0196804 0.0452918
15.6456 128.99 4.01373e-06 0.028127 0.0457313
15.6857 129.89 4.0157e-06 0.0367932 0.0449789
15.7257 124.487 4.01836e-06 0.048244 0.0482536
15.7658 124.487 4.02098e-06 0.0489665 0.0489713
15.8058 119.985 4.02261e-06 0.0438276 0.0499242
15.8458 119.985 4.02559e-06 0.034432 0.0495304
15.8859 119.985 4.02833e-06 0.0231125 0.0504382
15.9259 114.583 4.03071e-06 0.0210507 0.0548523
15.966 115.033 4.03291e-06 0.024086 0.0540818
16.006 110.08 4.0345e-06 0.0366917 0.054958
16.046 110.08 4.03681e-06 0.0490434 0.0526044
16.0861 104.678 4.03827e-06 0.0563268 0.0563376
16.1261 104.678 4.03933e-06 0.0582421 0.0604573
16.1662 99.7251 4.04101e-06 0.0483331 0.0589549
16.2062 100.175 4.04259e-06 0.0374177 0.0570829
16.2462 100.175 4.04432e-06 0.026003 0.0592271
16.2863 94.5475 4.0459e-06 0.0221621 0.0636664
16.3263 94.7726 4.04743e-06 0.0295363 0.0655719
16.3664 94.7726 4.04973e-06 0.0423954 0.0637187
16.4064 90.2703 4.05159e-06 0.0615271 0.0635714
16.4464 89.3699 4.05327e-06 0.0705689 0.0705787
16.4865 84.4174 4.05571e-06 0.0697785 0.0706981
16.5265 84.4174 4.05804e-06 0.0600796 0.0724583
16.5666 84.8676 4.06034e-06 0.0407627 0.0672052
16.6066 79.4649 4.06193e-06 0.0297034 0.0745503
16.6466 79.0147 4.06315e-06 0.0259022 0.0802359
16.6867 78.5644 4.06495e-06 0.0353973 0.078043
16.7267 74.5124 4.0662e-06 0.0560418 0.0726132
16.7668 74.0622 4.0671e-06 0.0729505 0.075112
16.8068 68.6595 4.06827e-06 0.0884463 0.0884638
16.8468 68.6595 4.0695e-06 0.087961 0.0879821
16.8869 68.6595 4.07087e-06 0.0715423 0.0827746
16.9269 63.707 4.07212e-06 0.0535057 0.0828036
16.967 63.2568 4.07323e-06 0.0363458 0.087848
17.007 57.4038 4.0748e-06 0.0341642 0.0977925
17.047 57.854 4.07644e-06 0.0459839 0.0941056
17.0871 57.854 4.07771e-06 0.0672864 0.0890605
17.1271 57.854 4.07933e-06 0.0916749 0.0916883
17.1672 52.4513 4.0811e-06 0.102981 0.102997
17.2072 52.2262 4.0828e-06 0.104959 0.104979
17.2472 52.0011 4.0843e-06 0.0920607 0.0999633
17.2873 47.0486 4.08525e-06 0.0684752 0.10021
17.3273 47.0486 4.08634e-06 0.0558929 0.108451
17.3674 46.1482 4.0874e-06 0.0528555 0.116918
17.4074 41.6459 4.08792e-06 0.0663741 0.112677
17.4474 41.6459 4.08868e-06 0.0927593 0.113614
17.4875 41.1957 4.08949e-06 0.11415 0.114165
17.5275 35.793 4.09024e-06 0.131468 0.131489
17.5676 35.793 4.09127e-06 0.132537 0.132754
17.6076 35.3427 4.09221e-06 0.117395 0.12933
17.6476 31.2907 4.09324e-06 0.099881 0.122338
17.6877 29.94 4.09461e-06 0.0842916 0.147222
17.7277 29.0396 4.09563e-06 0.0895077 0.16119
17.7678 24.9875 4.09663e-06 0.113941 0.159879
17.8078 24.9875 4.09771e-06 0.146639 0.16242
17.8478 20.9355 4.09857e-06 0.188433 0.188433
17.8879 19.5848 4.09957e-06 0.215592 0.215608
17.9279 19.1346 4.10058e-06 0.219178 0.219203
17.968 17.3337 4.10133e-06 0.204046 0.230077
18.008 14.6323 4.102e-06 0.171386 0.230196
18.048 13.7319 4.10262e-06 0.151209 0.277793
18.0881 11.0305 4.10309e-06 0.162365 0.339758
18.1281 9.22963 4.10363e-06 0.21736 0.367718
18.1682 8.77941 4.10405e-06 0.335267 0.362658
18.2082 7.42873 4.10442e-06 0.494386 0.494386
18.2482 3.3767 4.10519e-06 0.676719 0.676731
18.2883 2.92647 4.10588e-06 0.861338 0.861361
18.3283 2.92647 4.10646e-06 0.997467 0.99749
18.3684 2.92647 4.10721e-06 1.07969 1.07971
18.4084 2.92647 4.10811e-06 1.10189 1.10193
18.4484 2.92647 4.10904e-06 1.04559 1.04559
18.4885 2.92647 4.10976e-06 0.956282 0.956282
18.5285 3.3767 4.11028e-06 0.857107 0.857107
18.5686 3.82692 4.1108e-06 0.74135 0.74135
18.6086 3.82692 4.11143e-06 0.643808 0.643808
18.6486 4.27715 4.11168e-06 0.568508 0.568508
18.6887 4.72737 4.11179e-06 0.491632 0.491643
18.7287 8.77941 4.11213e-06 0.417014 0.417042
18.7688 10.1301 4.11242e-06 0.336331 0.336364
18.8088 10.5803 4.11274e-06 0.250757 0.275322
18.8488 10.1301 4.11316e-06 0.179468 0.292748
18.8889 14.6323 4.1136e-06 0.123965 0.289004
18.9289 15.0826 4.11414e-06 0.0964307 0.266362
18.969 15.5328 4.11478e-06 0.105525 0.228233
19.009 15.983 4.11527e-06 0.134692 0.202774
19.049 20.0351 4.11575e-06 0.174405 0.211908
19.0891 20.9355 4.11623e-06 0.20973 0.20975
19.1291 20.4853 4.11649e-06 0.219413 0.219436
19.1692 20.9355 4.11691e-06 0.204692 0.204715
19.2092 25.4378 4.11728e-06 0.16983 0.169844
19.2492 26.7884 4.11748e-06 0.120196 0.150035
19.2893 26.7884 4.11759e-06 0.0765979 0.160659
19.3293 26.7884 4.11781e-06 0.0498503 0.169707
19.3694 30.8405 4.118e-06 0.0448776 0.154395
19.4094 32.1912 4.11805e-06 0.0636718 0.126732
19.4494 37.1436 4.11815e-06 0.0892751 0.116449
19.4895 37.1436 4.11837e-06 0.111122 0.127928
19.5295 37.5939 4.11875e-06 0.125662 0.125678
19.5696 37.819 4.11914e-06 0.120685 0.120699
19.6096 43.4468 4.11937e-06 0.101517 0.106409
19.6496 43.897 4.11959e-06 0.0805969 0.108602
19.6897 43.897 4.11998e-06 0.0588427 0.103661
19.7297 49.2997 4.1201e-06 0.0464784 0.0982088
19.7698 49.75 4.12025e-06 0.0486408 0.0971673
19.8098 49.75 4.12048e-06 0.0581614 0.102775
19.8498 50.2002 4.12064e-06 0.0712277 0.0960317
19.8899 55.6029 4.12082e-06 0.0796659 0.0878768
19.9299 55.6029 4.12098e-06 0.0773484 0.0889688
19.97 56.0531 4.12113e-06 0.0677847 0.0925138
20.01 60.5554 4.1212e-06 0.0532971 0.0879316
20.0501 61.4558 4.12122e-06 0.0383972 0.0823261
20.0901 63.9321 4.12123e-06 0.0323353 0.0800538
20.1301 66.8586 4.12135e-06 0.0351285 0.0790085
20.1702 67.5339 4.12146e-06 0.0451507 0.0714826
20.2102 72.7115 4.12148e-06 0.0627878 0.0702254
20.2503 73.1617 4.1214e-06 0.0766216 0.076632
20.2903 73.1617 4.1216e-06 0.0811986 0.081204
20.3303 73.612 4.12177e-06 0.0796997 0.0797161
20.3704 79.4649 4.12172e-06 0.0666962 0.0675215
20.4104 79.4649 4.12179e-06 0.0461999 0.0671451
20.4505 79.4649 4.122e-06 0.0298873 0.0704133
20.4905 79.4649 4.12212e-06 0.0193302 0.0777002
20.5305 84.8676 4.12219e-06 0.0175024 0.0745054
20.5706 85.3178 4.12211e-06 0.027269 0.0638816
20.6106 91.1708 4.12204e-06 0.0417564 0.0604324
20.6507 91.1708 4.12192e-06 0.0550217 0.0607051
20.6907 91.1708 4.12162e-06 0.0661611 0.0665937
20.7307 96.7986 4.12145e-06 0.0677589 0.06777
20.7708 97.4739 4.12137e-06 0.0587352 0.0606988
20.8108 97.4739 4.12128e-06 0.0476799 0.0613497
20.8509 102.877 4.12118e-06 0.0345441 0.0605871
20.8909 103.327 4.12118e-06 0.0231595 0.0606654
20.9309 103.327 4.12127e-06 0.0206583 0.0602249
20.971 103.327 4.12128e-06 0.0245097 0.0633714
21.011 109.18 4.12105e-06 0.0316296 0.0587665
21.0511 109.18 4.12099e-06 0.041692 0.0618491
21.0911 114.583 4.121e-06 0.0481516 0.0595474
21.1311 115.033 4.12094e-06 0.0468044 0.0565453
21.1712 120.886 4.12072e-06 0.0419048 0.0530076
21.2112 120.886 4.12046e-06 0.0327236 0.0571556
21.2513 121.336 4.12027e-06 0.0214456 0.0571328
21.2913 121.786 4.11994e-06 0.0160459 0.0537549
21.3313 127.189 4.11941e-06 0.016798 0.0506933
21.3714 127.639 4.11901e-06 0.0228989 0.0475516
21.4114 127.639 4.1187e-06 0.0352266 0.0520619
21.4515 132.592 4.11837e-06 0.0475892 0.055145
21.4915 133.042 4.11805e-06 0.0537019 0.0537107
21.5315 133.492 4.11787e-06 0.0556105 0.0556207
21.5716 139.345 4.11778e-06 0.0498204 0.0503332
21.6116 139.345 4.11759e-06 0.0361447 0.0524461
21.6517 139.795 4.11729e-06 0.0231558 0.0479015
21.6917 144.748 4.11708e-06 0.0131539 0.0518265
21.7317 145.198 4.11697e-06 0.00839965 0.0532109
21.7718 146.098 4.11681e-06 0.0122879 0.0478948
21.8118 151.501 4.11643e-06 0.0222498 0.0454622
21.8519 151.501 4.11625e-06 0.0325297 0.0475067
21.8919 151.951 4.1161e-06 0.0426999 0.0476221
21.9319 157.354 4.11587e-06 0.0472751 0.0477222
21.972 158.254 4.11551e-06 0.0433479 0.0434408
22.012 158.254 4.11506e-06 0.0348699 0.0456214
22.0521 158.254 4.11473e-06 0.0244599 0.0493773
22.0921 163.657 4.11432e-06 0.0153425 0.0493731
22.1321 164.107 4.11382e-06 0.011213 0.0488435
22.1722 169.51 4.11343e-06 0.0141134 0.040682
22.2122 169.96 4.11313e-06 0.0217893 0.0445933
22.2523 170.411 4.11283e-06 0.0315686 0.0451514
22.2923 170.411 4.11236e-06 0.0401047 0.0467188
22.3323 176.263 4.11188e-06 0.0437861 0.0450984
22.3724 177.164 4.11145e-06 0.0392311 0.0410174
22.4124 177.164 4.11089e-06 0.0306058 0.0441375
22.4525 183.017 4.11009e-06 0.0203202 0.041429
22.4925 183.017 4.10931e-06 0.00989809 0.0419195
22.5325 183.017 4.10872e-06 0.00555821 0.046479
22.5726 183.017 4.10813e-06 0.00835831 0.0447432
22.6126 188.87 4.10726e-06 0.0159378 0.0447285
22.6527 189.32 4.10653e-06 0.0278032 0.040957
22.6927 195.173 4.10585e-06 0.0394365 0.0394439
22.7327 195.173 4.10513e-06 0.0446651 0.0446738
22.7728 195.623 4.1042e-06 0.0444111 0.0444236
22.8128 201.476 4.10323e-06 0.038172 0.0390872
22.8529 201.926 4.10249e-06 0.0279213 0.0389748
22.8929 201.926 4.10156e-06 0.0164202 0.041279
22.9329 201.926 4.1006e-06 0.00886278 0.0421181
22.973 207.779 4.09964e-06 0.00731095 0.0390207
23.013 208.68 4.09893e-06 0.0107275 0.0369575
23.0531 214.082 4.09819e-06 0.0187376 0.0364354
23.0931 214.533 4.09717e-06 0.0283223 0.0405336
23.1331 214.082 4.0961e-06 0.0334006 0.0435428
23.1732 214.983 4.09501e-06 0.0346464 0.0397991
23.2132 221.286 4.09391e-06 0.0312607 0.0344821
23.2533 221.286 4.09243e-06 0.0226791 0.0364355
23.2933 221.286 4.09082e-06 0.0134162 0.0363419
23.3333 221.286 4.08939e-06 0.00679738 0.0367894
23.3734 227.139 4.08797e-06 0.00505196 0.0388611
23.4134 227.589 4.08651e-06 0.00861547 0.0369862
23.4535 227.139 4.08476e-06 0.0169883 0.0394122
23.4935 233.892 4.08321e-06 0.027458 0.0368153
23.5335 234.343 4.08159e-06 0.035125 0.0361524
23.5736 233.892 4.0797e-06 0.0390579 0.0390663
23.6136 233.892 4.07755e-06 0.0387082 0.0387159
23.6537 240.646 4.07542e-06 0.0313214 0.0335792
23.6937 240.196 4.07361e-06 0.0217004 0.0350967
23.7337 246.949 4.07146e-06 0.0125647 0.0337421
23.7738 246.949 4.06924e-06 0.00669165 0.034483
23.8138 247.399 4.06702e-06 0.00512716 0.034588
23.8539 253.702 4.06514e-06 0.00868246 0.03142
23.8939 254.153 4.06317e-06 0.0158631 0.0303858
23.9339 253.702 4.06089e-06 0.0227366 0.0340177
23.974 186.619 4.05854e-06 0.0277795 0.036125
24.014 187.519 4.05624e-06 0.0301598 0.033579
24.0541 265.858 4.05403e-06 0.0265081 0.0302156
24.0941 266.759 4.05145e-06 0.0199684 0.0302964
24.1341 267.209 4.04891e-06 0.0126203 0.0299666
24.1742 266.759 4.04654e-06 0.00723292 0.0319435
24.2142 267.209 4.04445e-06 0.00487176 0.0320203
24.2543 273.062 4.04227e-06 0.00708961 0.029778
24.2943 266.759 4.03997e-06 0.0136805 0.0309979
24.3343 272.612 4.03774e-06 0.020989 0.0310846
24.3744 205.978 4.03565e-06 0.0278022 0.0320644
24.4144 206.429 4.03344e-06 0.0327953 0.0328015
24.4545 211.381 4.03089e-06 0.0324957 0.0325027
24.4945 287.019 4.02843e-06 0.0279756 0.0281171
24.5345 287.019 4.02612e-06 0.0204587 0.0288218
24.5746 242.447 4.02408e-06 0.0135749 0.0300875
24.6146 287.019 4.02176e-06 0.00727369 0.0283592
24.6547 250.551 4.01959e-06 0.00439897 0.0286517
24.6947 220.161 4.01754e-06 0.00613111 0.0293054
24.7347 300.076 4.01567e-06 0.0102255 0.0269075
24.7748 300.526 4.0137e-06 0.0158665 0.0262359
24.8148 300.526 4.01148e-06 0.0210807 0.0289521
24.8549 262.707 4.00945e-06 0.0243692 0.0290487
24.8949 263.607 4.00745e-06 0.0235064 0.0280586
24.9349 264.058 4.00553e-06 0.0194248 0.0266871
24.975 264.508 4.00335e-06 0.0147332 0.0266369
25.015 314.033 4.00133e-06 0.00928136 0.0249431
25.0551 313.582 3.9995e-06 0.00565501 0.0262338
25.0951 314.033 3.99786e-06 0.00514983 0.0259545
25.1351 320.786 3.99601e-06 0.00822871 0.0242957
25.1752 321.236 3.99408e-06 0.0133329 0.0243089
25.2152 277.564 3.99204e-06 0.0189719 0.0258188
25.2553 283.867 3.99011e-06 0.0249624 0.0265994
25.2953 283.867 3.98794e-06 0.0271717 0.0271778
25.3353 284.318 3.98544e-06 0.0262317 0.0262385
25.3754 334.743 3.98281e-06 0.0220606 0.0226264
25.4154 335.193 3.98023e-06 0.0171682 0.0231901
25.4555 335.193 3.97782e-06 0.0111852 0.0242001
25.4955 335.193 3.97511e-06 0.00648788 0.023561
25.5355 298.275 3.97219e-06 0.00499969 0.0237005
25.5756 298.275 3.96914e-06 0.00601327 0.0240346
25.6156 299.175 3.96611e-06 0.00918533 0.0240846
25.6557 348.25 3.96272e-06 0.013236 0.0224994
25.6957 348.25 3.95891e-06 0.0176615 0.0229488
25.7357 348.7 3.95456e-06 0.0195791 0.0239095
25.7758 349.15 3.95046e-06 0.0188999 0.022272
25.8158 349.6 3.94612e-06 0.0166272 0.0215864
25.8559 312.232 3.94164e-06 0.0129904 0.0222573
25.8959 318.085 3.93661e-06 0.00894841 0.0222868
25.9359 362.207 3.9317e-06 0.00559492 0.021442
25.976 362.657 3.92689e-06 0.00526569 0.0219546
26.016 362.657 3.92198e-06 0.00679694 0.0219103
26.0561 369.861 3.91654e-06 0.0101727 0.0209237
26.0961 370.311 3.91092e-06 0.0146856 0.0204784
26.1361 326.189 3.90523e-06 0.0191552 0.022138
26.1762 332.942 3.89976e-06 0.0216043 0.0216084
26.2162 333.392 3.89395e-06 0.0212506 0.0212523
26.2563 376.614 3.888e-06 0.0196956 0.0197857
26.2963 383.367 3.88239e-06 0.0162715 0.0197687
26.3363 384.718 3.87732e-06 0.0121927 0.0187834
26.3764 385.168 3.87275e-06 0.00796351 0.0191242
26.4164 384.268 3.86828e-06 0.00618574 0.0204417
26.4565 347.349 3.86419e-06 0.00590177 0.0195233
26.4965 347.8 3.86068e-06 0.00734618 0.0200053
26.5365 396.874 3.85772e-06 0.0100887 0.0196385
26.5766 398.225 3.85504e-06 0.0134565 0.0192204
26.6166 398.675 3.85272e-06 0.0157029 0.0189449
26.6567 398.675 3.85081e-06 0.0158699 0.0192621
26.6967 404.978 3.84965e-06 0.0151146 0.0176383
26.7367 400.026 3.84889e-06 0.0129626 0.0179111
26.7768 362.207 3.84849e-06 0.0101048 0.0187658
26.8168 363.107 3.84829e-06 0.00676765 0.0186747
26.8569 411.732 3.84829e-06 0.00528088 0.0186902
26.8969 369.41 3.84827e-06 0.00507602 0.0191493
26.9369 413.082 3.84806e-06 0.00648576 0.0188307
26.977 413.983 3.8476e-06 0.0089592 0.0180257
27.017 420.736 3.84654e-06 0.0126048 0.0167341
27.0571 376.614 3.84478e-06 0.0155032 0.0179277
27.0971 377.515 3.84201e-06 0.016953 0.0179993
27.1371 427.49 3.83859e-06 0.0171424 0.0171424
27.1772 427.94 3.83412e-06 0.0163388 0.016701
27.2172 385.168 3.82839e-06 0.0141709 0.0181107
27.2573 388.77 3.82088e-06 0.0108626 0.017529
27.2973 390.346 3.81228e-06 0.00824727 0.0173908
27.3373 391.472 3.80221e-06 0.0067278 0.0171872
27.3774 440.996 3.79103e-06 0.00657714 0.0162019
27.4174 441.897 3.77779e-06 0.00708131 0.0155629
27.4575 442.347 3.76353e-06 0.00931885 0.0161194
27.4975 449.1 3.74844e-06 0.0115926 0.0159425
27.5375 450.001 3.73311e-06 0.0136494 0.0158216
27.5776 450.001 3.71694e-06 0.0139438 0.0161076
27.6176 406.329 3.70062e-06 0.0139567 0.0165379
27.6577 411.281 3.68451e-06 0.0123487 0.0163867
27.6977 412.632 3.66987e-06 0.0100728 0.0163718
27.7377 414.433 3.65574e-06 0.00710003 0.0147015
27.7778 415.333 3.64262e-06 0.00546978 0.0151293
27.8178 418.485 3.63034e-06 0.00469645 0.0155657
27.8579 420.736 3.61984e-06 0.00499728 0.0157247
27.8979 422.537 3.61079e-06 0.00629151 0.015363
27.9379 426.589 3.60291e-06 0.00869947 0.0146927
27.978 427.94 3.59603e-06 0.0111395 0.0145139
28.018 428.84 3.59067e-06 0.0125971 0.0154902
28.0581 429.741 3.58621e-06 0.0132914 0.0153995
28.0981 435.143 3.58226e-06 0.0133998 0.013911
28.1381 436.044 3.57811e-06 0.0125984 0.0142091
28.1782 437.395 3.57391e-06 0.0106645 0.0150618
28.2182 440.546 3.56926e-06 0.00863277 0.0152163
28.2583 442.347 3.56322e-06 0.00726517 0.0141159
28.2983 443.247 3.55568e-06 0.00677974 0.0144327
28.3383 445.048 3.54633e-06 0.00668266 0.0140466
28.3784 449.551 3.53553e-06 0.00782451 0.0137092
28.4184 450.001 3.52232e-06 0.00959432 0.0141687
28.4585 450.001 3.50688e-06 0.011725 0.0138517
28.4985 450.001 3.48968e-06 0.0126029 0.0132027
28.5385 450.001 3.47161e-06 0.0131157 0.0142679
28.5786 450.001 3.45227e-06 0.0127234 0.0145511
28.6186 450.001 3.43218e-06 0.0117651 0.013713
28.6587 450.001 3.41146e-06 0.00961697 0.0140304
28.6987 450.001 3.3919e-06 0.00761402 0.0136486
28.7387 450.001 3.37349e-06 0.00603353 0.0131802
28.7788 450.001 3.35652e-06 0.00530845 0.0137836
28.8188 450.001 3.34121e-06 0.00483068 0.0134311
28.8589 425.689 3.32846e-06 0.0054997 0.0132074
28.8989 426.589 3.31847e-06 0.00675341 0.0130481
28.9389 427.49 3.31107e-06 0.00856896 0.0136056
28.979 430.191 3.30546e-06 0.00947962 0.013209
29.019 433.343 3.30188e-06 0.0103226 0.0130291
29.0591 434.243 3.2997e-06 0.0104127 0.0132205
29.0991 437.845 3.29827e-06 0.0101426 0.0132696
29.1391 439.646 3.29645e-06 0.00872935 0.0135109
29.1792 441.897 3.2939e-06 0.00740558 0.0127784
29.2192 442.797 3.2901e-06 0.00639926 0.0121534
29.2593 444.148 3.28454e-06 0.00611163 0.0124152
29.2993 446.849 3.27658e-06 0.00593487 0.0124278
29.3393 449.1 3.26692e-06 0.00659361 0.0129191
29.3794 449.551 3.25534e-06 0.00785424 0.0130751
29.4194 450.001 3.24279e-06 0.00970598 0.0127046
29.4595 450.001 3.22879e-06 0.0108396 0.012982
29.4995 450.001 3.21479e-06 0.0116545 0.0127262
29.5395 450.001 3.20158e-06 0.0119468 0.0119489
29.5796 429.29 3.18996e-06 0.0117849 0.0119947
29.6196 431.091 3.17969e-06 0.0107494 0.0120824
29.6597 432.442 3.17142e-06 0.00906089 0.0118512
29.6997 433.793 3.16513e-06 0.00772185 0.0124164
29.7397 436.044 3.1613e-06 0.00666852 0.0128628
29.7798 437.845 3.15894e-06 0.00604797 0.0129434
29.8198 439.646 3.15753e-06 0.0055829 0.0126102
29.8599 441.447 3.15631e-06 0.00605003 0.0118342
29.8999 444.598 3.15459e-06 0.00698317 0.0116139
29.9399 446.849 3.15115e-06 0.0081298 0.0120582
29.98 448.2 3.14535e-06 0.00853214 0.0114663
30.02 450.001 3.13676e-06 0.0089918 0.0115874
30.0601 450.001 3.12582e-06 0.00889386 0.0120583
30.1001 450.001 3.11152e-06 0.00873686 0.0122998
30.1401 450.001 3.09471e-06 0.00745792 0.0122353
30.1802 450.001 3.07565e-06 0.00645246 0.0119107
30.2202 450.001 3.0564e-06 0.00540693 0.0113643
30.2603 450.001 3.03759e-06 0.00511707 0.0112225
30.3003 450.001 3.02002e-06 0.00472802 0.0111155
30.3403 450.001 3.00406e-06 0.00510976 0.0108279
30.3804 450.001 2.99129e-06 0.00589475 0.0113564
30.4204 433.793 2.98166e-06 0.00734288 0.0117072
30.4605 436.044 2.97506e-06 0.00825647 0.0118792
30.5005 437.845 2.97069e-06 0.00904501 0.0114457
30.5405 440.546 2.96809e-06 0.00954128 0.0109172
30.5806 442.347 2.96659e-06 0.00989069 0.0111166
30.6206 444.148 2.96492e-06 0.00959247 0.0111155
30.6607 445.499 2.96192e-06 0.00854182 0.0105235
30.7007 447.3 2.95726e-06 0.0076592 0.0100974
30.7407 449.1 2.95032e-06 0.00688067 0.0107427
30.7808 450.001 2.94119e-06 0.00666635 0.0111496
30.8208 450.001 2.92935e-06 0.00615161 0.0114042
30.8609 450.001 2.91572e-06 0.00637838 0.0109063
30.9009 450.001 2.90156e-06 0.00682538 0.0105015
30.9409 450.001 2.88738e-06 0.00800992 0.0105104
30.981 450.001 2.87399e-06 0.00852044 0.010838
31.021 450.001 2.86187e-06 0.00904549 0.0104347
31.0611 450.001 2.85217e-06 0.00911206 0.00990883
31.1011 436.044 2.84528e-06 0.00923207 0.0100774
31.1411 437.395 2.84117e-06 0.00874146 0.0103873
31.1812 439.646 2.83873e-06 0.00767111 0.0105714
31.2212 441.897 2.83776e-06 0.00661311 0.0101957
31.2613 443.247 2.8372e-06 0.00568773 0.0104196
31.3013 445.499 2.83615e-06 0.00526916 0.010223
31.3413 447.75 2.8334e-06 0.00468137 0.0099691
31.3814 449.551 2.8285e-06 0.00470077 0.0100054
31.4214 450.001 2.82108e-06 0.00494003 0.00983921
31.4615 450.001 2.81108e-06 0.00588851 0.00966178
31.5015 450.001 2.79803e-06 0.00637119 0.00993699
31.5415 450.001 2.78353e-06 0.00696512 0.00989912
31.5816 450.001 2.7682e-06 0.0071925 0.00954405
31.6216 450.001 2.75373e-06 0.00751305 0.00964305
31.6617 450.001 2.74025e-06 0.00741853 0.00986184
31.7017 450.001 2.7284e-06 0.00675908 0.00970741
31.7417 450.001 2.719e-06 0.00616265 0.00947621
31.7818 439.195 2.71248e-06 0.00553722 0.00929317
31.8218 440.096 2.70828e-06 0.00547694 0.00941228
31.8619 441.447 2.70565e-06 0.00516298 0.00948846
31.9019 444.148 2.70372e-06 0.00535311 0.00931929
31.9419 445.949 2.70171e-06 0.00567149 0.00928463
31.982 447.75 2.69869e-06 0.00668583 0.00892366
32.022 449.1 2.69355e-06 0.00742442 0.00921607
32.0621 450.001 2.68626e-06 0.00804342 0.00916783
32.1021 450.001 2.67677e-06 0.00845873 0.00897773
32.1421 450.001 2.6656e-06 0.00870382 0.00896889
32.1822 450.001 2.65277e-06 0.00897114 0.00897325
32.2222 450.001 2.63928e-06 0.00833853 0.00909807
32.2623 450.001 2.62576e-06 0.00776384 0.00900691
32.3023 450.001 2.61406e-06 0.00680728 0.00889482
32.3423 450.001 2.60414e-06 0.00643636 0.00875935
32.3824 436.494 2.59646e-06 0.0059741 0.00872794
32.4224 438.295 2.59105e-06 0.00561285 0.008665
32.4625 440.546 2.58774e-06 0.00551092 0.00863609
32.5025 442.797 2.5861e-06 0.00569241 0.00837473
32.5425 444.148 2.58516e-06 0.00638429 0.00841731
32.5826 445.048 2.58402e-06 0.00664752 0.00886424
32.6226 446.399 2.58217e-06 0.0070278 0.00881905
32.6627 448.65 2.57895e-06 0.0069764 0.00870312
32.7027 450.001 2.57359e-06 0.0072077 0.00829848
32.7427 450.001 2.56622e-06 0.00702295 0.00825796
32.7828 450.001 2.55685e-06 0.00645487 0.00811541
32.8228 450.001 2.54677e-06 0.00576147 0.00817344
32.8629 450.001 2.53613e-06 0.00499565 0.00830682
32.9029 450.001 2.5257e-06 0.00478621 0.00814201
32.9429 450.001 2.51597e-06 0.00434843 0.00865688
32.983 450.001 2.50808e-06 0.00426895 0.0088214
33.023 438.745 2.50202e-06 0.0042015 0.00856805
33.0631 440.546 2.49774e-06 0.00472316 0.00841648
33.1031 442.797 2.49485e-06 0.00537085 0.00804642
33.1431 445.048 2.49271e-06 0.00580499 0.00804463
33.1832 446.849 2.49107e-06 0.00625997 0.00815596
33.2232 448.65 2.4887e-06 0.00637883 0.00816876
33.2633 450.001 2.48487e-06 0.00687771 0.00776851
33.3033 450.001 2.47911e-06 0.00678409 0.00791472
33.3433 450.001 2.47169e-06 0.00650889 0.00835364
33.3834 450.001 2.4624e-06 0.00599191 0.00852856
33.4234 450.001 2.45184e-06 0.00556264 0.00853897
33.4635 450.001 2.43999e-06 0.00554324 0.00830737
33.5035 450.001 2.42827e-06 0.00527191 0.00793354
33.5435 450.001 2.41759e-06 0.00532364 0.00785616
33.5836 450.001 2.40813e-06 0.00530509 0.00814467
33.6236 450.001 2.40051e-06 0.00587999 0.00828251
33.6637 438.745 2.39461e-06 0.00648623 0.00788837
33.7037 440.096 2.39072e-06 0.00691594 0.0075716
33.7437 441.897 2.38828e-06 0.00731967 0.00768145
33.7838 443.698 2.38662e-06 0.00732236 0.00746638
33.8238 445.499 2.38473e-06 0.00771963 0.00772034
33.8639 446.849 2.38252e-06 0.00758312 0.00758466
33.9039 449.1 2.37927e-06 0.00726182 0.00766598
33.9439 450.001 2.37475e-06 0.00666272 0.00795039
33.984 450.001 2.36869e-06 0.00591485 0.00783119
34.024 450.001 2.36122e-06 0.00570765 0.00797698
34.0641 450.001 2.35329e-06 0.00524155 0.00787302
34.1041 450.001 2.34518e-06 0.0050297 0.00755577
34.1441 450.001 2.33745e-06 0.00473985 0.00728683
34.1842 450.001 2.3303e-06 0.00480919 0.00730411
34.2242 450.001 2.32464e-06 0.00525948 0.00740281
34.2643 440.996 2.32033e-06 0.00545865 0.0073496
34.3043 441.897 2.31737e-06 0.00577353 0.00733175
34.3443 443.247 2.31524e-06 0.00569801 0.00743737
34.3844 444.598 2.31336e-06 0.0058804 0.00759902
34.4244 445.949 2.31161e-06 0.00594694 0.00763279
34.4645 448.2 2.30928e-06 0.00567996 0.00750108
34.5045 450.001 2.30583e-06 0.00536677 0.00733164
34.5445 450.001 2.30076e-06 0.00468443 0.00704988
34.5846 450.001 2.29444e-06 0.00444777 0.00708716
34.6246 450.001 2.28678e-06 0.00420602 0.00709409
34.6647 450.001 2.27846e-06 0.00404744 0.00704286
34.7047 450.001 2.2696e-06 0.00399409 0.00703719
34.7447 450.001 2.26054e-06 0.00392648 0.00681381
34.7848 450.001 2.25253e-06 0.00446053 0.00691776
34.8248 450.001 2.2455e-06 0.00485404 0.00695871
34.8649 450.001 2.23984e-06 0.00532814 0.00691457
34.9049 441.897 2.2352e-06 0.00560835 0.00691247
34.9449 444.148 2.23164e-06 0.00570694 0.0069728
34.985 445.949 2.22891e-06 0.00615278 0.00678149
35.025 446.849 2.22671e-06 0.00614731 0.00688042
35.0651 448.65 2.2243e-06 0.00611724 0.00661827
35.1051 449.1 2.22106e-06 0.00577771 0.00675791
35.1451 450.001 2.21717e-06 0.0053102 0.00652613
35.1852 450.001 2.21222e-06 0.00528513 0.00655886
35.2252 450.001 2.20656e-06 0.00508013 0.00697911
35.2653 450.001 2.19999e-06 0.00508819 0.00673221
35.3053 450.001 2.19297e-06 0.00497026 0.00657446
35.3453 450.001 2.18617e-06 0.00501608 0.00657567
35.3854 450.001 2.17995e-06 0.00552535 0.00651696
35.4254 450.001 2.1746e-06 0.00583332 0.00658609
35.4655 450.001 2.16993e-06 0.00628836 0.00653591
35.5055 442.347 2.16647e-06 0.00637866 0.00664406
35.5455 443.698 2.16392e-06 0.00642617 0.00655688
35.5856 445.048 2.16215e-06 0.00669763 0.0066977
35.6256 446.399 2.16063e-06 0.00656767 0.00656807
35.6657 448.65 2.15866e-06 0.00648706 0.00648706
35.7057 450.001 2.15622e-06 0.00596123 0.00621451
35.7457 450.001 2.15301e-06 0.00537992 0.00624597
35.7858 450.001 2.14893e-06 0.00518705 0.00616926
35.8258 450.001 2.14359e-06 0.00479484 0.00604124
35.8659 450.001 2.13756e-06 0.00466342 0.00621682
35.9059 450.001 2.13097e-06 0.00439147 0.00637464
35.9459 450.001 2.12428e-06 0.00420999 0.00631179
35.986 450.001 2.11807e-06 0.00448814 0.00634253
36.026 450.001 2.11193e-06 0.00462614 0.00643002
36.0661 450.001 2.10669e-06 0.00495875 0.0065506
36.1061 450.001 2.10246e-06 0.00502051 0.00645355
36.1461 450.001 2.09906e-06 0.00493842 0.006243
36.1862 450.001 2.0962e-06 0.0051664 0.00623801
36.2262 450.001 2.09339e-06 0.00509075 0.00628568
36.2663 450.001 2.09053e-06 0.00503495 0.00626899
36.3063 450.001 2.08726e-06 0.00473874 0.00608533
36.3463 450.001 2.08366e-06 0.00422689 0.00603187
36.3864 450.001 2.07903e-06 0.00407461 0.00619237
36.4264 450.001 2.07349e-06 0.00384364 0.0060723
36.4665 450.001 2.06751e-06 0.00379202 0.0061529
36.5065 450.001 2.06103e-06 0.00372703 0.00616797
36.5465 450.001 2.05475e-06 0.00358583 0.00611107
36.5866 450.001 2.04854e-06 0.00390294 0.00611862
36.6266 450.001 2.04283e-06 0.0041862 0.00596519
36.6667 450.001 2.038e-06 0.0045913 0.00592729
36.7067 450.001 2.03417e-06 0.00493282 0.00595495
36.7467 450.001 2.03126e-06 0.0049375 0.00594083
36.7868 442.797 2.02867e-06 0.00523964 0.00620028
36.8268 445.048 2.0266e-06 0.00538791 0.00597279
36.8669 446.399 2.02461e-06 0.00544961 0.00593056
36.9069 450.001 2.02256e-06 0.00548743 0.00574118
36.9469 450.001 2.02022e-06 0.00504683 0.00586982
36.987 450.001 2.01697e-06 0.00486373 0.00582598
37.027 450.001 2.01315e-06 0.00477263 0.00584654
37.0671 450.001 2.00878e-06 0.00461613 0.00612681
37.1071 450.001 2.00416e-06 0.00472926 0.00600078
37.1471 450.001 1.99926e-06 0.00454768 0.00591479
37.1872 450.001 1.99431e-06 0.00455982 0.00576646
37.2272 450.001 1.98982e-06 0.00489837 0.00589827
37.2673 450.001 1.98569e-06 0.005113 0.00589741
37.3073 450.001 1.98237e-06 0.00555249 0.0059142
37.3473 450.001 1.97944e-06 0.0056988 0.00576518
37.3874 450.001 1.97667e-06 0.00565381 0.00584547
37.4274 450.001 1.97427e-06 0.00588106 0.00588259
37.4675 450.001 1.97191e-06 0.00586401 0.00586597
37.5075 450.001 1.96942e-06 0.00588786 0.00588881
37.5475 450.001 1.96633e-06 0.00575345 0.0057541
37.5876 450.001 1.96258e-06 0.00521585 0.00556764
37.6276 450.001 1.95817e-06 0.00494902 0.00573422
37.6677 450.001 1.95318e-06 0.00467304 0.00575157
37.7077 450.001 1.9481e-06 0.00444401 0.00569344
37.7477 450.001 1.94249e-06 0.00440532 0.00557967
37.7878 450.001 1.93682e-06 0.00408366 0.00565339
37.8278 450.001 1.93162e-06 0.00399131 0.00576805
37.8679 450.001 1.92677e-06 0.00411702 0.00588013
37.9079 450.001 1.92265e-06 0.00420188 0.00571184
37.9479 450.001 1.919e-06 0.00452938 0.00562774
37.988 450.001 1.91579e-06 0.00457119 0.00562867
38.028 450.001 1.91305e-06 0.00448523 0.00564609
38.0681 450.001 1.91068e-06 0.00462773 0.00548699
38.1081 450.001 1.90853e-06 0.00456323 0.0055685
38.1481 450.001 1.90595e-06 0.00459329 0.00547813
38.1882 450.001 1.90305e-06 0.00452632 0.00546272
38.2282 450.001 1.89985e-06 0.00407692 0.00540614
38.2683 450.001 1.8962e-06 0.00385509 0.00557046
38.3083 450.001 1.89247e-06 0.00364917 0.00553438
38.3483 450.001 1.88842e-06 0.00346505 0.00558939
38.3884 450.001 1.88422e-06 0.00352641 0.00560517
38.4284 450.001 1.88022e-06 0.0033455 0.00548768
38.4685 450.001 1.87656e-06 0.00328101 0.00547307
38.5085 450.001 1.87344e-06 0.00348394 0.00533617
38.5485 450.001 1.87054e-06 0.00361934 0.00547272
38.5886 450.001 1.86806e-06 0.00400548 0.00546629
38.6286 449.551 1.86599e-06 0.00426459 0.00526166
38.6687 448.2 1.86403e-06 0.00424735 0.0053479
38.7087 449.776 1.86231e-06 0.00446795 0.00519268
38.7487 450.001 1.86021e-06 0.00457203 0.00516808
38.7888 450.001 1.85762e-06 0.00464183 0.00517115
38.8288 450.001 1.85472e-06 0.00481236 0.00536955
38.8689 450.001 1.85137e-06 0.00456749 0.00542729
38.9089 450.001 1.84774e-06 0.00432631 0.00530206
38.9489 450.001 1.84362e-06 0.00425451 0.00526478
38.989 450.001 1.83923e-06 0.00407938 0.00529446
39.029 450.001 1.83483e-06 0.00415759 0.00530027
39.0691 450.001 1.83046e-06 0.00418561 0.00534672
39.1091 450.001 1.82659e-06 0.00402307 0.00531051
39.1491 450.001 1.82297e-06 0.00416056 0.00522838
39.1892 450.001 1.81948e-06 0.00431286 0.00518503
39.2292 450.001 1.81656e-06 0.00454537 0.00521822
39.2693 450.001 1.81386e-06 0.00497298 0.00515011
39.3093 450.001 1.81136e-06 0.00504453 0.0051433
39.3493 450.001 1.80882e-06 0.00508257 0.00520401
39.3894 450.001 1.80596e-06 0.00525843 0.00535468
39.4294 450.001 1.80286e-06 0.0052185 0.00524157
39.4695 450.001 1.79945e-06 0.00533633 0.00533633
39.5095 450.001 1.79599e-06 0.00537393 0.00537428
39.5495 450.001 1.79223e-06 0.00499137 0.00499137
39.5896 450.001 1.78797e-06 0.00475949 0.0049848
39.6296 450.001 1.78386e-06 0.00454438 0.00501992
39.6697 450.001 1.77981e-06 0.00426313 0.0051146
39.7097 450.001 1.77596e-06 0.00429601 0.00527055
39.7497 450.001 1.7727e-06 0.0041686 0.00520839
39.7898 450.001 1.76965e-06 0.00390889 0.00505166
39.8298 450.001 1.76697e-06 0.00394522 0.00506318
39.8699 450.001 1.76469e-06 0.00392879 0.00514605
39.9099 450.001 1.76274e-06 0.00403469 0.00517962
39.9499 450.001 1.76097e-06 0.00435198 0.00495316
39.99 450.001 1.75895e-06 0.00433114 0.00476676
40.03 450.001 1.75681e-06 0.00428803 0.0048935
40.0701 450.001 1.75454e-06 0.0043806 0.00472849
40.1101 450.001 1.75192e-06 0.00427064 0.00479974
40.1502 450.001 1.74922e-06 0.00431192 0.0047899
40.1902 450.001 1.74618e-06 0.00435593 0.00487349
40.2302 450.001 1.74268e-06 0.00402054 0.00491643
40.2703 450.001 1.73921e-06 0.00377114 0.0050693
40.3103 450.001 1.73584e-06 0.00357725 0.00497453
40.3504 450.001 1.7327e-06 0.00330093 0.00501037
40.3904 450.001 1.72977e-06 0.00329838 0.00515637
40.4304 450.001 1.72697e-06 0.00325681 0.00506118
40.4705 450.001 1.7245e-06 0.00305134 0.00492953
40.5105 450.001 1.72214e-06 0.00306854 0.00487903
40.5506 450.001 1.71994e-06 0.00310065 0.00480498
40.5906 450.001 1.71785e-06 0.00319015 0.00473596
40.6306 450.001 1.71536e-06 0.00352225 0.00467134
40.6707 450.001 1.71269e-06 0.00364999 0.00478778
40.7107 450.001 1.70992e-06 0.00366435 0.00485673
40.7508 450.001 1.70683e-06 0.00381289 0.00486824
40.7908 450.001 1.70353e-06 0.003813 0.00490686
40.8308 450.001 1.69984e-06 0.00388164 0.00488163
40.8709 450.001 1.69586e-06 0.00406744 0.00467587
40.9109 450.001 1.69193e-06 0.00393888 0.00469541
40.951 450.001 1.68804e-06 0.00375549 0.00484088
40.991 450.001 1.6846e-06 0.0036751 0.0047785
41.031 450.001 1.68142e-06 0.00347039 0.00479387
41.0711 450.001 1.67825e-06 0.00346218 0.0046901
41.1111 450.001 1.67552e-06 0.00358775 0.00461406
41.1512 450.001 1.67309e-06 0.00348842 0.00473816
41.1912 450.001 1.67074e-06 0.00348516 0.00478444
41.2312 450.001 1.66862e-06 0.00360141 0.00472848
41.2713 450.001 1.6664e-06 0.00363609 0.0046255
41.3113 450.001 1.66399e-06 0.00392808 0.00466839
41.3514 450.001 1.66156e-06 0.00427612 0.00459605
41.3914 450.001 1.65896e-06 0.00432706 0.0045711
41.4314 450.001 1.65628e-06 0.0044486 0.00459057
41.4715 450.001 1.65327e-06 0.00458646 0.00473555
41.5115 450.001 1.64999e-06 0.00452972 0.00469001
41.5516 450.001 1.64687e-06 0.00468167 0.00468167
41.5916 450.001 1.64383e-06 0.00483491 0.0048353
41.6316 450.001 1.641e-06 0.00461579 0.00461594
41.6717 450.001 1.63857e-06 0.00445758 0.00475714
41.7117 450.001 1.63618e-06 0.00433331 0.00467159
41.7518 450.001 1.63392e-06 0.00404306 0.00471527
41.7918 450.001 1.63196e-06 0.00402015 0.00467585
41.8318 450.001 1.63015e-06 0.00409067 0.00464408
41.8719 450.001 1.62843e-06 0.00390456 0.00466556
41.9119 450.001 1.62661e-06 0.00384433 0.00449552
41.952 450.001 1.6246e-06 0.00387089 0.00445079
41.992 450.001 1.62253e-06 0.00379128 0.00435069
42.032 450.001 1.62017e-06 0.00396824 0.0043562
42.0721 450.001 1.61763e-06 0.00423835 0.00439219
42.1121 450.001 1.61498e-06 0.0042293 0.0044027
42.1522 450.001 1.61186e-06 0.00425747 0.0044093
42.1922 450.001 1.60867e-06 0.00432363 0.00454492
42.2322 450.001 1.60573e-06 0.0041967 0.0044223
42.2723 450.001 1.60284e-06 0.00422087 0.00443968
42.3123 450.001 1.60013e-06 0.00433501 0.00450255
42.3524 450.001 1.59757e-06 0.00414134 0.00458937
42.3924 450.001 1.59501e-06 0.00391906 0.00460809
42.4324 450.001 1.59265e-06 0.00376094 0.00449362
42.4725 450.001 1.5904e-06 0.0034493 0.00443905
42.5125 450.001 1.58827e-06 0.00329498 0.00456777
42.5526 450.001 1.58627e-06 0.00332341 0.0044738
42.5926 450.001 1.58393e-06 0.0031795 0.0044489
42.6326 450.001 1.5814e-06 0.00305002 0.00432356
42.6727 450.001 1.57892e-06 0.00303874 0.00433334
42.7127 450.001 1.57616e-06 0.00294331 0.00426315
42.7528 450.001 1.57317e-06 0.00298851 0.00429153
42.7928 450.001 1.57014e-06 0.00322785 0.00422409
42.8328 450.001 1.56688e-06 0.00330547 0.00427984
42.8729 450.001 1.56362e-06 0.0033226 0.00433992
42.9129 450.001 1.56061e-06 0.0034196 0.00441124
42.953 450.001 1.55779e-06 0.00336424 0.00450041
42.993 450.001 1.55526e-06 0.00333559 0.00456237
43.033 450.001 1.55276e-06 0.00349236 0.00442043
43.0731 450.001 1.55035e-06 0.00347202 0.00438368
43.1131 450.001 1.5483e-06 0.0033178 0.00436524
43.1532 450.001 1.54641e-06 0.00325008 0.00419179
43.1932 450.001 1.54458e-06 0.00306585 0.00427257
43.2332 450.001 1.54292e-06 0.00287413 0.00428744
43.2733 450.001 1.5411e-06 0.00293073 0.00426096
43.3133 450.001 1.53905e-06 0.00295922 0.00422246
43.3534 450.001 1.53702e-06 0.00286746 0.00423161
43.3934 450.001 1.53489e-06 0.00291348 0.0041803
43.4334 450.001 1.53265e-06 0.00293875 0.00418695
43.4735 450.001 1.53029e-06 0.0029042 0.004224
43.5135 450.001 1.52778e-06 0.0031327 0.00423508
43.5536 450.001 1.52542e-06 0.0034072 0.00430021
43.5936 450.001 1.52323e-06 0.00347877 0.00429622
43.6336 450.001 1.52103e-06 0.00362232 0.00425161
43.6737 450.001 1.51909e-06 0.00376087 0.00415565
43.7137 450.001 1.51727e-06 0.00370006 0.00416738
43.7538 450.001 1.51531e-06 0.00377087 0.00426412
43.7938 450.001 1.51355e-06 0.00398684 0.00426597
43.8338 450.001 1.51201e-06 0.00395894 0.00429569
43.8739 450.001 1.51042e-06 0.00385233 0.00421072
43.9139 450.001 1.50875e-06 0.00384671 0.0041823
43.954 450.001 1.50689e-06 0.00365716 0.00430511
43.994 450.001 1.50478e-06 0.00346696 0.0042671
44.034 450.001 1.50257e-06 0.00356212 0.00419204
44.0741 450.001 1.50016e-06 0.00359919 0.0041669
44.1141 450.001 1.4976e-06 0.00349693 0.00419077
44.1542 450.001 1.49505e-06 0.00354354 0.00409414
44.1942 450.001 1.49226e-06 0.00356832 0.00408424
44.2342 450.001 1.48934e-06 0.00347196 0.00398283
44.2743 450.001 1.48673e-06 0.00362243 0.00417218
44.3143 450.001 1.48424e-06 0.0039044 0.00416528
44.3544 450.001 1.48172e-06 0.00396571 0.0040924
44.3944 450.001 1.47939e-06 0.00404634 0.00408845
44.4344 450.001 1.47714e-06 0.00419155 0.00419155
44.4745 450.001 1.47493e-06 0.00411355 0.00422778
44.5145 450.001 1.47294e-06 0.00404606 0.00421195
44.5546 450.001 1.47102e-06 0.00420475 0.00420708
44.5946 450.001 1.46913e-06 0.00423134 0.00423146
44.6346 450.001 1.46716e-06 0.00406503 0.00406503
44.6747 450.001 1.4649e-06 0.00400021 0.00400021
44.7147 450.001 1.46255e-06 0.00385148 0.00392127
44.7548 450.001 1.46032e-06 0.00354528 0.00391083
44.7948 450.001 1.45795e-06 0.00344597 0.0038613
44.8348 450.001 1.45549e-06 0.00347925 0.00382112
44.8749 450.001 1.45314e-06 0.00335975 0.00384901
44.9149 450.001 1.45073e-06 0.00326206 0.00400316
44.955 450.001 1.44833e-06 0.00326714 0.00395389
44.995 450.001 1.44618e-06 0.00314095 0.00389662
45.035 450.001 1.44422e-06 0.00305385 0.00391897
45.0751 450.001 1.44239e-06 0.00321489 0.00389089
45.1151 450.001 1.44068e-06 0.00333744 0.00384022
45.1552 450.001 1.43899e-06 0.00334293 0.00383796
45.1952 450.001 1.43747e-06 0.00342951 0.00390829
45.2352 450.001 1.43616e-06 0.00345804 0.00392498
45.2753 450.001 1.43477e-06 0.00332086 0.00394512
45.3153 450.001 1.4333e-06 0.00330575 0.00393615
45.3554 450.001 1.43181e-06 0.00340641 0.00399705
45.3954 450.001 1.43005e-06 0.00334309 0.00393634
45.4354 450.001 1.42812e-06 0.00323202 0.00404205
45.4755 450.001 1.42628e-06 0.00317525 0.00397441
45.5155 450.001 1.42438e-06 0.00298315 0.00400487
45.5556 450.001 1.42236e-06 0.00274381 0.00396567
45.5956 450.001 1.42031e-06 0.00270246 0.00398876
45.6356 450.001 1.41818e-06 0.00270368 0.00391644
45.6757 450.001 1.41609e-06 0.00260413 0.00399482
45.7157 450.001 1.41419e-06 0.00258606 0.00387394
45.7558 450.001 1.41232e-06 0.00259248 0.00392513
45.7958 450.001 1.41051e-06 0.00248758 0.00395863
45.8358 450.001 1.40886e-06 0.00247923 0.00395089
45.8759 450.001 1.40713e-06 0.00265526 0.00396152
45.9159 450.001 1.40538e-06 0.00277449 0.00393578
45.956 450.001 1.40381e-06 0.00283914 0.00383813
45.996 450.001 1.40219e-06 0.00298625 0.00391191
46.036 450.001 1.40032e-06 0.00303225 0.00397787
46.0761 450.001 1.39835e-06 0.00294967 0.00395814
46.1161 450.001 1.39623e-06 0.00299775 0.00393804
46.1562 450.001 1.39393e-06 0.00312736 0.00384557
46.1962 450.001 1.39169e-06 0.00311516 0.00381503
46.2362 450.001 1.38943e-06 0.00308265 0.00378775
46.2763 450.001 1.38708e-06 0.00310786 0.00385228
46.3163 450.001 1.38477e-06 0.00298012 0.00393517
46.3564 450.001 1.3824e-06 0.00279147 0.0038603
46.3964 450.001 1.37998e-06 0.00279165 0.00368515
46.4364 450.001 1.37784e-06 0.00284664 0.00367716
46.4765 450.001 1.37593e-06 0.00279802 0.00371796
46.5165 450.001 1.37401e-06 0.00282583 0.00370324
46.5566 450.001 1.3722e-06 0.002912 0.00364787
46.5966 450.001 1.37055e-06 0.00285145 0.00370256
46.6366 450.001 1.36886e-06 0.00282132 0.00367025
46.6767 450.001 1.36721e-06 0.00300841 0.00365249
46.7167 450.001 1.36566e-06 0.00318989 0.00375164
46.7568 450.001 1.36401e-06 0.00326608 0.00374555
46.7968 450.001 1.36224e-06 0.00344026 0.00366975
46.8368 450.001 1.36038e-06 0.00359554 0.0037369
46.8769 450.001 1.35838e-06 0.0035349 0.00378109
46.9169 450.001 1.3564e-06 0.00349965 0.00372059
46.957 450.001 1.35456e-06 0.00364718 0.00379031
46.997 450.001 1.35266e-06 0.00371655 0.00372628
47.037 450.001 1.35068e-06 0.003653 0.0036782
47.0771 450.001 1.34881e-06 0.00369032 0.00369032
47.1171 450.001 1.34694e-06 0.00368862 0.00368936
47.1572 450.001 1.34509e-06 0.00346999 0.00363532
47.1972 450.001 1.34349e-06 0.00329757 0.00363847
47.2372 450.001 1.34209e-06 0.00333785 0.0036311
47.2773 450.001 1.34069e-06 0.00332273 0.003605
47.3173 450.001 1.33935e-06 0.00322532 0.00364199
47.3574 450.001 1.33803e-06 0.00327426 0.00372646
47.3974 450.001 1.33666e-06 0.00331816 0.00365627
47.4374 450.001 1.33535e-06 0.00318136 0.00360881
47.4775 450.001 1.33401e-06 0.00312065 0.00356207
47.5175 450.001 1.33248e-06 0.00328583 0.00359724
47.5576 450.001 1.33088e-06 0.00339167 0.00367118
47.5976 450.001 1.32922e-06 0.00340926 0.00371525
47.6376 450.001 1.3274e-06 0.00355419 0.00368885
47.6777 450.001 1.32557e-06 0.00367677 0.00367702
47.7177 450.001 1.32388e-06 0.00356129 0.00366736
47.7578 450.001 1.32212e-06 0.00346423 0.00361237
47.7978 450.001 1.32021e-06 0.0035644 0.00368213
47.8378 450.001 1.31838e-06 0.00359137 0.00359782
47.8779 450.001 1.31659e-06 0.00348257 0.00363506
47.9179 450.001 1.31484e-06 0.00347516 0.00369619
47.958 450.001 1.31329e-06 0.00348006 0.00364252
47.998 450.001 1.31185e-06 0.00325272 0.00357068
48.038 450.001 1.31037e-06 0.00300797 0.00353208
48.0781 450.001 1.30889e-06 0.00296952 0.00348561
48.1181 450.001 1.30739e-06 0.00293811 0.00350517
48.1582 450.001 1.30573e-06 0.00279777 0.00358439
48.1982 450.001 1.30408e-06 0.00276749 0.00358622
48.2382 450.001 1.30247e-06 0.00281709 0.003559
48.2783 450.001 1.30067e-06 0.00270075 0.00354917
48.3183 450.001 1.29867e-06 0.00255235 0.00361507
48.3584 450.001 1.29669e-06 0.00261072 0.00361917
48.3984 450.001 1.29465e-06 0.00271993 0.00356724
48.4384 450.001 1.29251e-06 0.00271234 0.00358126
48.4785 450.001 1.29047e-06 0.00277434 0.00365843
48.5185 450.001 1.28851e-06 0.00291987 0.00361897
48.5586 450.001 1.28646e-06 0.00290227 0.00357637
48.5986 450.001 1.28442e-06 0.00275995 0.00361011
48.6386 450.001 1.28251e-06 0.00277226 0.00362369
48.6787 450.001 1.28068e-06 0.0028554 0.00356868
48.7187 450.001 1.279e-06 0.00280282 0.00353543
48.7588 450.001 1.27757e-06 0.00274338 0.00356589
48.7988 450.001 1.27613e-06 0.00279128 0.00348928
48.8388 450.001 1.27461e-06 0.00272964 0.0035216
48.8789 450.001 1.27316e-06 0.00250345 0.00344605
48.9189 450.001 1.2717e-06 0.00237593 0.00336559
48.959 450.001 1.27014e-06 0.00238954 0.00336901
48.999 450.001 1.26863e-06 0.00233816 0.00335561
49.039 450.001 1.2672e-06 0.00225761 0.00340913
49.0791 450.001 1.26562e-06 0.00231195 0.00340162
49.1191 450.001 1.26394e-06 0.00235738 0.00333188
49.1592 450.001 1.2623e-06 0.00225887 0.00325956
49.1992 450.001 1.26067e-06 0.00220337 0.00332176
49.2392 450.001 1.25903e-06 0.00232467 0.00338016
49.2793 450.001 1.25751e-06 0.00242954 0.00337915
49.3193 450.001 1.25604e-06 0.00246328 0.00338786
49.3594 450.001 1.25453e-06 0.00258723 0.00335645
49.3994 450.001 1.2531e-06 0.00275195 0.00337759
49.4394 450.001 1.25182e-06 0.00274643 0.00333313
49.4795 450.001 1.25059e-06 0.00266823 0.00341957
49.5195 450.001 1.24946e-06 0.00273251 0.00340104
49.5596 450.001 1.24848e-06 0.00283448 0.00338617
49.5996 450.001 1.24742e-06 0.00282003 0.00330425
49.6396 450.001 1.24619e-06 0.00281532 0.00330478
49.6797 450.001 1.24495e-06 0.00289923 0.00325649
49.7197 450.001 1.24368e-06 0.00287583 0.003327
49.7598 450.001 1.24231e-06 0.00270142 0.00327375
49.7998 450.001 1.24092e-06 0.0026021 0.00328323
49.8398 450.001 1.23953e-06 0.00263834 0.00334431
49.8799 450.001 1.23797e-06 0.0026256 0.00331482
49.9199 450.001 1.23628e-06 0.00258157 0.00332115
49.96 450.001 1.2346e-06 0.00265026 0.00331501
50 450.001 1.23288e-06 0.00274255 0.00343368
