#L  f1  f2  FWHM  CF  I0
15 22.1609 1.95195 1 59.2181
15.9719 22.0424 2.25225 1 57.8638
16.9439 21.9197 2.25225 1 53.9823
17.9158 21.7866 2.55255 1 50.3838
18.8878 21.6439 2.55255 1 46.5393
19.8597 21.4895 2.85285 1 42.8219
20.8317 21.3223 3.15315 1 39.229
21.8036 21.1409 3.45345 1 35.8126
22.7756 20.9431 3.75375 1 32.6168
23.7475 20.7268 4.35435 1 29.6358
24.7194 20.4891 4.65465 1 26.8604
25.6914 20.2269 5.25525 1 24.2755
26.6633 19.9362 5.85585 1 21.8674
27.6353 19.6122 6.45645 1 19.6223
28.6072 19.2489 7.35735 1 17.5259
29.5792 18.8389 8.25825 1 15.5647
30.5511 18.3732 9.45945 1 13.7287
31.523 17.8402 10.6606 1 12.0067
32.495 17.225 12.4624 1 10.3916
33.4669 16.5092 14.5645 1 8.87418
34.4389 15.6701 17.2672 1 7.44945
35.4108 14.6814 21.1711 1 6.11388
36.3828 13.5204 26.5765 1 4.86744
37.3547 12.2039 34.9849 1 3.71792
38.3267 12.376 50.9008 1 2.55999
39.2986 10.3244 69.5194 1 1.87028
40.2705 -128.619 150 1 1.46061
41.2425 -49.7728 79.4293 1 1.7534
42.2144 -237.032 53.6035 1 2.42774
43.1864 -690.697 40.3903 1 3.20652
44.1583 161.757 32.2822 1 4.00239
45.1303 87.4266 27.1771 1 4.78931
46.1022 64.9178 23.2732 1 5.55749
47.0741 54.2323 20.5705 1 6.3021
48.0461 48.0352 18.4684 1 7.02185
49.018 44.007 16.6666 1 7.7166
49.99 41.1853 15.4654 1 8.38671
50.9619 39.1022 14.2642 1 9.03315
51.9339 37.5029 13.3633 1 9.65586
52.9058 36.2371 12.4624 1 10.2571
53.8778 35.2115 11.8618 1 10.8376
54.8497 34.3629 11.2612 1 11.3973
55.8216 33.6508 10.6606 1 11.939
56.7936 33.043 10.3603 1 12.4618
57.7655 32.5204 9.75975 1 12.9674
58.7375 32.0644 9.45945 1 13.457
59.7094 31.664 9.15915 1 13.9295
60.6814 31.3101 8.85885 1 14.3878
61.6533 30.9937 8.55855 1 14.8326
62.6253 30.7105 8.25825 1 15.2622
63.5972 30.4548 8.25825 1 15.6791
64.5691 30.2228 7.95795 1 16.0845
65.5411 30.0121 7.65765 1 16.4765
66.513 29.8189 7.65765 1 16.8574
67.485 29.6415 7.35735 1 17.2286
68.4569 29.4785 7.35735 1 17.5876
69.4289 29.3276 7.05705 1 17.9363
70.4008 29.1876 7.05705 1 18.2779
71.3727 29.0578 6.75675 1 18.6078
72.3447 28.9369 6.75675 1 18.9288
73.3166 28.8234 6.75675 1 19.2419
74.2886 28.7174 6.45645 1 19.5483
75.2605 28.6183 6.45645 1 19.8447
76.2325 28.525 6.45645 1 20.1329
77.2044 28.4368 6.15615 1 20.4149
78.1764 28.3536 6.15615 1 20.6914
79.1483 28.2754 6.15615 1 20.9599
80.1202 28.2014 5.85585 1 21.2202
81.0922 28.1309 5.85585 1 21.4747
82.0641 28.064 5.85585 1 21.7244
83.0361 28.0005 5.85585 1 21.9691
84.008 27.9403 5.85585 1 22.2071
84.98 27.8829 5.55555 1 22.4384
85.9519 27.828 5.55555 1 22.6641
86.9238 27.7755 5.55555 1 22.8857
87.8958 27.7253 5.55555 1 23.1034
88.8677 27.6776 5.55555 1 23.3161
89.8397 27.6317 5.25525 1 23.5238
90.8116 27.5876 5.25525 1 23.7261
91.7836 27.5454 5.25525 1 23.9238
92.7555 27.5049 5.25525 1 24.1178
93.7275 27.466 5.25525 1 24.3083
94.6994 27.4286 5.25525 1 24.4952
95.6713 27.3926 5.25525 1 24.678
96.6433 27.3577 4.95495 1 24.8571
97.6152 27.3242 4.95495 1 25.0318
98.5872 27.2919 4.95495 1 25.2027
99.5591 27.2608 4.95495 1 25.3706
100.531 27.2308 4.95495 1 25.5358
101.503 27.2018 4.95495 1 25.6978
102.475 27.1736 4.95495 1 25.8573
103.447 27.1464 4.95495 1 26.0131
104.419 27.1201 4.95495 1 26.1654
105.391 27.0946 4.65465 1 26.3146
106.363 27.07 4.65465 1 26.4611
107.335 27.0461 4.65465 1 26.6052
108.307 27.0229 4.65465 1 26.747
109.279 27.0003 4.65465 1 26.887
110.251 26.9785 4.65465 1 27.0241
111.222 26.9572 4.65465 1 27.1588
112.194 26.9366 4.65465 1 27.2906
113.166 26.9165 4.65465 1 27.4199
114.138 26.8971 4.65465 1 27.5464
115.11 26.8782 4.65465 1 27.6713
116.082 26.8597 4.65465 1 27.7945
117.054 26.8417 4.65465 1 27.9158
118.026 26.8242 4.35435 1 28.035
118.998 26.8072 4.35435 1 28.1519
119.97 26.7905 4.35435 1 28.2681
120.942 26.7744 4.35435 1 28.3809
121.914 26.7586 4.35435 1 28.4923
122.886 26.7432 4.35435 1 28.6014
123.858 26.7282 4.35435 1 28.7087
124.83 26.7137 4.35435 1 28.8136
125.802 26.6993 4.35435 1 28.9185
126.774 26.6853 4.35435 1 29.0217
127.745 26.6717 4.35435 1 29.1229
128.717 26.6583 4.35435 1 29.2234
129.689 26.6453 4.35435 1 29.3215
130.661 26.6326 4.35435 1 29.4185
131.633 26.6201 4.35435 1 29.5142
132.605 26.608 4.35435 1 29.6068
133.577 26.5961 4.35435 1 29.699
134.549 26.5844 4.35435 1 29.79
135.521 26.573 4.35435 1 29.8795
136.493 26.5618 4.05405 1 29.9678
137.465 26.5509 4.05405 1 30.0553
138.437 26.5402 4.05405 1 30.141
139.409 26.5297 4.05405 1 30.2257
140.381 26.5194 4.05405 1 30.3097
141.353 26.5092 4.05405 1 30.3927
142.325 26.4994 4.05405 1 30.4735
143.297 26.4897 4.05405 1 30.5539
144.269 26.4802 4.05405 1 30.6329
145.24 26.4709 4.05405 1 30.7108
146.212 26.4617 4.05405 1 30.7876
147.184 26.4528 4.05405 1 30.8625
148.156 26.444 4.05405 1 30.9376
149.128 26.4354 4.05405 1 31.0106
150.1 26.4269 4.05405 1 31.0836
151.072 26.4185 4.05405 1 31.1561
152.044 26.4104 4.05405 1 31.2265
153.016 26.4023 4.05405 1 31.2972
153.988 26.3944 4.05405 1 31.3664
154.96 26.3867 4.05405 1 31.4342
155.932 26.379 4.05405 1 31.5022
156.904 26.3715 4.05405 1 31.5695
157.876 26.3642 4.05405 1 31.6349
158.848 26.3569 4.05405 1 31.7
159.82 26.3498 4.05405 1 31.764
160.792 26.3429 4.05405 1 31.8265
161.764 26.336 4.05405 1 31.8892
162.735 26.3292 4.05405 1 31.9511
163.707 26.3226 4.05405 1 32.0116
164.679 26.3161 4.05405 1 32.0714
165.651 26.3096 4.05405 1 32.131
166.623 26.3032 3.75375 1 32.1903
167.595 26.297 3.75375 1 32.2477
168.567 26.2909 3.75375 1 32.3056
169.539 26.2848 3.75375 1 32.3629
170.511 26.2788 3.75375 1 32.4191
171.483 26.2729 3.75375 1 32.4747
172.455 26.2672 3.75375 1 32.5294
173.427 26.2615 3.75375 1 32.5839
174.399 26.2558 3.75375 1 32.6378
175.371 26.2503 3.75375 1 32.6906
176.343 26.2449 3.75375 1 32.7429
177.315 26.2395 3.75375 1 32.795
178.287 26.2343 3.75375 1 32.8455
179.259 26.229 3.75375 1 32.8967
180.23 26.2239 3.75375 1 32.947
181.202 26.2189 3.75375 1 32.9958
182.174 26.2139 3.75375 1 33.0449
183.146 26.209 3.75375 1 33.0929
184.118 26.2041 3.75375 1 33.1411
185.09 26.1993 3.75375 1 33.1885
186.062 26.1946 3.75375 1 33.2347
187.034 26.19 3.75375 1 33.2818
188.006 26.1853 3.75375 1 33.3279
188.978 26.1808 3.75375 1 33.3732
189.95 26.1763 3.75375 1 33.4186
190.922 26.1719 3.75375 1 33.4637
191.894 26.1675 3.75375 1 33.5078
192.866 26.1633 3.75375 1 33.5508
193.838 26.159 3.75375 1 33.5945
194.81 26.1548 3.75375 1 33.6363
195.782 26.1507 3.75375 1 33.6788
196.754 26.1466 3.75375 1 33.7213
197.725 26.1425 3.75375 1 33.7634
198.697 26.1386 3.75375 1 33.8044
199.669 26.1347 3.75375 1 33.844
200.641 26.1308 3.75375 1 33.8843
201.613 26.1269 3.75375 1 33.9248
202.585 26.1232 3.75375 1 33.9645
203.557 26.1194 3.75375 1 34.0031
204.529 26.1157 3.75375 1 34.0423
205.501 26.1121 3.75375 1 34.0789
206.473 26.1085 3.75375 1 34.1178
207.445 26.1049 3.75375 1 34.1558
208.417 26.1014 3.75375 1 34.1926
209.389 26.0979 3.75375 1 34.2289
210.361 26.0945 3.75375 1 34.2661
211.333 26.0911 3.75375 1 34.3015
212.305 26.0877 3.75375 1 34.3383
213.277 26.0844 3.75375 1 34.3739
214.248 26.0811 3.75375 1 34.4082
215.22 26.0779 3.75375 1 34.4433
216.192 26.0747 3.75375 1 34.4779
217.164 26.0715 3.75375 1 34.5119
218.136 26.0683 3.75375 1 34.546
219.108 26.0652 3.75375 1 34.5798
220.08 26.0621 3.75375 1 34.6136
221.052 26.0591 3.75375 1 34.6469
222.024 26.0561 3.75375 1 34.6789
222.996 26.0531 3.75375 1 34.7117
223.968 26.0502 3.45345 1 34.7433
224.94 26.0473 3.45345 1 34.7753
225.912 26.0444 3.45345 1 34.8071
226.884 26.0416 3.45345 1 34.8381
227.856 26.0388 3.45345 1 34.8697
228.828 26.036 3.45345 1 34.8994
229.8 26.0333 3.45345 1 34.9299
230.772 26.0305 3.45345 1 34.9608
231.743 26.0278 3.45345 1 34.9897
232.715 26.0252 3.45345 1 35.0192
233.687 26.0225 3.45345 1 35.0492
234.659 26.0199 3.45345 1 35.0787
235.631 26.0173 3.45345 1 35.1072
236.603 26.0147 3.45345 1 35.1367
237.575 26.0122 3.45345 1 35.1651
238.547 26.0097 3.45345 1 35.1929
239.519 26.0072 3.45345 1 35.2212
240.491 26.0047 3.45345 1 35.2489
241.463 26.0023 3.45345 1 35.2771
242.435 25.9999 3.45345 1 35.3041
243.407 25.9975 3.45345 1 35.3319
244.379 25.9951 3.45345 1 35.3577
245.351 25.9928 3.45345 1 35.3838
246.323 25.9905 3.45345 1 35.4103
247.295 25.9881 3.45345 1 35.4377
248.267 25.9859 3.45345 1 35.4628
249.238 25.9836 3.45345 1 35.4883
250.21 25.9813 3.45345 1 35.5156
251.182 25.9791 3.45345 1 35.5407
252.154 25.977 3.45345 1 35.565
253.126 25.9748 3.45345 1 35.5911
254.098 25.9726 3.45345 1 35.615
255.07 25.9705 3.45345 1 35.6406
256.042 25.9684 3.45345 1 35.6639
257.014 25.9663 3.45345 1 35.6891
257.986 25.9642 3.45345 1 35.7135
258.958 25.9622 3.45345 1 35.7359
259.93 25.9601 3.45345 1 35.759
260.902 25.9581 3.45345 1 35.7847
261.874 25.9561 3.45345 1 35.8065
262.846 25.9541 3.45345 1 35.831
263.818 25.9521 3.45345 1 35.8527
264.79 25.9502 3.45345 1 35.8758
265.762 25.9482 3.45345 1 35.8995
266.733 25.9463 3.45345 1 35.9218
267.705 25.9444 3.45345 1 35.9448
268.677 25.9426 3.45345 1 35.9652
269.649 25.9407 3.45345 1 35.9874
270.621 25.9388 3.45345 1 36.0102
271.593 25.937 3.45345 1 36.0309
272.565 25.9352 3.45345 1 36.0524
273.537 25.9334 3.45345 1 36.0733
274.509 25.9316 3.45345 1 36.0961
275.481 25.9298 3.45345 1 36.1177
276.453 25.9281 3.45345 1 36.1365
277.425 25.9263 3.45345 1 36.1578
278.397 25.9246 3.45345 1 36.1775
279.369 25.9229 3.45345 1 36.1992
280.341 25.9212 3.45345 1 36.219
281.313 25.9195 3.45345 1 36.2392
282.285 25.9178 3.45345 1 36.259
283.257 25.9161 3.45345 1 36.2799
284.228 25.9145 3.45345 1 36.2997
285.2 25.9129 3.45345 1 36.319
286.172 25.9112 3.45345 1 36.3387
287.144 25.9096 3.45345 1 36.358
288.116 25.9081 3.45345 1 36.376
289.088 25.9065 3.45345 1 36.3952
290.06 25.9049 3.45345 1 36.4144
291.032 25.9033 3.45345 1 36.4329
292.004 25.9018 3.45345 1 36.4515
292.976 25.9003 3.45345 1 36.4706
293.948 25.8987 3.45345 1 36.4898
294.92 25.8972 3.45345 1 36.5086
295.892 25.8957 3.45345 1 36.5247
296.864 25.8942 3.45345 1 36.5442
297.836 25.8928 3.45345 1 36.5606
298.808 25.8913 3.45345 1 36.58
299.78 25.8898 3.45345 1 36.5974
300.752 25.8884 3.45345 1 36.615
301.723 25.887 3.45345 1 36.6322
302.695 25.8856 3.45345 1 36.6495
303.667 25.8841 3.45345 1 36.6671
304.639 25.8827 3.45345 1 36.6852
305.611 25.8813 3.45345 1 36.7028
306.583 25.88 3.45345 1 36.7171
307.555 25.8786 3.45345 1 36.7362
308.527 25.8772 3.45345 1 36.7522
309.499 25.8759 3.45345 1 36.7691
310.471 25.8746 3.45345 1 36.7847
311.443 25.8732 3.45345 1 36.8013
312.415 25.8719 3.45345 1 36.8167
313.387 25.8706 3.45345 1 36.8343
314.359 25.8693 3.45345 1 36.8485
315.331 25.868 3.45345 1 36.8665
316.303 25.8667 3.45345 1 36.8811
317.275 25.8654 3.45345 1 36.8982
318.246 25.8642 3.45345 1 36.9118
319.218 25.863 3.45345 1 36.9282
320.19 25.8617 3.45345 1 36.9452
321.162 25.8605 3.45345 1 36.9595
322.134 25.8592 3.45345 1 36.9743
323.106 25.858 3.45345 1 36.9894
324.078 25.8568 3.45345 1 37.0055
325.05 25.8556 3.45345 1 37.0183
326.022 25.8544 3.45345 1 37.036
326.994 25.8532 3.45345 1 37.0502
327.966 25.852 3.45345 1 37.0649
328.938 25.8508 3.45345 1 37.0805
329.91 25.8497 3.45345 1 37.0928
330.882 25.8485 3.45345 1 37.1092
331.854 25.8474 3.45345 1 37.1228
332.826 25.8463 3.45345 1 37.1369
333.798 25.8451 3.45345 1 37.152
334.77 25.844 3.45345 1 37.1649
335.741 25.8429 3.45345 1 37.1788
336.713 25.8418 3.45345 1 37.193
337.685 25.8407 3.45345 1 37.2083
338.657 25.8396 3.45345 1 37.2219
339.629 25.8385 3.45345 1 37.2343
340.601 25.8375 3.45345 1 37.248
341.573 25.8364 3.45345 1 37.2627
342.545 25.8353 3.45345 1 37.2753
343.517 25.8343 3.45345 1 37.2876
344.489 25.8332 3.45345 1 37.3008
345.461 25.8322 3.45345 1 37.3151
346.433 25.8311 3.45345 1 37.3291
347.405 25.8301 3.45345 1 37.3421
348.377 25.829 3.45345 1 37.3554
349.349 25.828 3.45345 1 37.3678
350.321 25.827 3.45345 1 37.3799
351.293 25.826 3.45345 1 37.3928
352.265 25.825 3.45345 1 37.4068
353.236 25.824 3.45345 1 37.4205
354.208 25.823 3.45345 1 37.4312
355.18 25.8221 3.45345 1 37.4441
356.152 25.821 3.45345 1 37.4582
357.124 25.8201 3.45345 1 37.4697
358.096 25.8191 3.45345 1 37.4824
359.068 25.8182 3.45345 1 37.4933
360.04 25.8173 3.45345 1 37.5053
361.012 25.8163 3.45345 1 37.5188
361.984 25.8154 3.45345 1 37.5301
362.956 25.8145 3.45345 1 37.5409
363.928 25.8135 3.45345 1 37.554
364.9 25.8126 3.45345 1 37.566
365.872 25.8117 3.45345 1 37.5765
366.844 25.8108 3.45345 1 37.5892
367.816 25.8098 3.45345 1 37.6029
368.788 25.8089 3.45345 1 37.6127
369.76 25.8081 3.45345 1 37.6228
370.731 25.8071 3.45345 1 37.6373
371.703 25.8062 3.45345 1 37.649
372.675 25.8053 3.45345 1 37.6606
373.647 25.8045 3.45345 1 37.6705
374.619 25.8037 3.45345 1 37.6807
375.591 25.8028 3.45345 1 37.6932
376.563 25.802 3.45345 1 37.7026
377.535 25.801 3.45345 1 37.7165
378.507 25.8002 3.45345 1 37.7265
379.479 25.7994 3.45345 1 37.7366
380.451 25.7985 3.15315 1 37.7478
381.423 25.7977 3.15315 1 37.7592
382.395 25.7968 3.15315 1 37.7709
383.367 25.7961 3.15315 1 37.7786
384.339 25.7952 3.15315 1 37.7908
385.311 25.7945 3.15315 1 37.7999
386.283 25.7936 3.15315 1 37.8133
387.255 25.7928 3.15315 1 37.8227
388.226 25.792 3.15315 1 37.8326
389.198 25.7912 3.15315 1 37.8434
390.17 25.7904 3.15315 1 37.8542
391.142 25.7896 3.15315 1 37.8648
392.114 25.7888 3.15315 1 37.8749
393.086 25.7881 3.15315 1 37.8845
394.058 25.7873 3.15315 1 37.8942
395.03 25.7865 3.15315 1 37.905
396.002 25.7858 3.15315 1 37.9139
396.974 25.785 3.15315 1 37.923
397.946 25.7842 3.15315 1 37.9345
398.918 25.7835 3.15315 1 37.9448
399.89 25.7828 3.15315 1 37.9526
400.862 25.782 3.15315 1 37.9632
401.834 25.7812 3.15315 1 37.9742
402.806 25.7805 3.15315 1 37.9834
403.778 25.7798 3.15315 1 37.9933
404.749 25.779 3.15315 1 38.0029
405.721 25.7783 3.15315 1 38.0134
406.693 25.7776 3.15315 1 38.0219
407.665 25.7769 3.15315 1 38.0308
408.637 25.7762 3.15315 1 38.0396
409.609 25.7755 3.15315 1 38.0496
410.581 25.7748 3.15315 1 38.0591
411.553 25.774 3.15315 1 38.0694
412.525 25.7734 3.15315 1 38.0778
413.497 25.7727 3.15315 1 38.0865
414.469 25.7719 3.15315 1 38.0975
415.441 25.7713 3.15315 1 38.1049
416.413 25.7706 3.15315 1 38.1144
417.385 25.7699 3.15315 1 38.1245
418.357 25.7692 3.15315 1 38.1326
419.329 25.7686 3.15315 1 38.1411
420.301 25.7679 3.15315 1 38.1495
421.273 25.7672 3.15315 1 38.1592
422.244 25.7666 3.15315 1 38.1682
423.216 25.7659 3.15315 1 38.1782
424.188 25.7653 3.15315 1 38.184
425.16 25.7646 3.15315 1 38.1942
426.132 25.7639 3.15315 1 38.2048
427.104 25.7633 3.15315 1 38.211
428.076 25.7627 3.15315 1 38.2184
429.048 25.762 3.15315 1 38.2295
430.02 25.7614 3.15315 1 38.2371
430.992 25.7608 3.15315 1 38.2449
431.964 25.7601 3.15315 1 38.2529
432.936 25.7595 3.15315 1 38.2611
433.908 25.7589 3.15315 1 38.2695
434.88 25.7582 3.15315 1 38.2788
435.852 25.7576 3.15315 1 38.2876
436.824 25.757 3.15315 1 38.2972
437.796 25.7564 3.15315 1 38.3026
438.768 25.7558 3.15315 1 38.3125
439.739 25.7552 3.15315 1 38.3184
440.711 25.7546 3.15315 1 38.3285
441.683 25.754 3.15315 1 38.3356
442.655 25.7534 3.15315 1 38.3418
443.627 25.7528 3.15315 1 38.3535
444.599 25.7522 3.15315 1 38.3607
445.571 25.7516 3.15315 1 38.3684
446.543 25.751 3.15315 1 38.3761
447.515 25.7504 3.15315 1 38.3839
448.487 25.7498 3.15315 1 38.3919
449.459 25.7492 3.15315 1 38.4009
450.431 25.7487 3.15315 1 38.4049
451.403 25.7481 3.15315 1 38.4141
452.375 25.7475 3.15315 1 38.4236
453.347 25.747 3.15315 1 38.4287
454.319 25.7464 3.15315 1 38.4384
455.291 25.7459 3.15315 1 38.4439
456.263 25.7453 3.15315 1 38.454
457.234 25.7448 3.15315 1 38.4604
458.206 25.7442 3.15315 1 38.4664
459.178 25.7437 3.15315 1 38.4731
460.15 25.7431 3.15315 1 38.4825
461.122 25.7425 3.15315 1 38.4919
462.094 25.742 3.15315 1 38.4992
463.066 25.7415 3.15315 1 38.5042
464.038 25.741 3.15315 1 38.5095
465.01 25.7404 3.15315 1 38.5174
465.982 25.7399 3.15315 1 38.5261
466.954 25.7393 3.15315 1 38.535
467.926 25.7389 3.15315 1 38.5385
468.898 25.7383 3.15315 1 38.5476
469.87 25.7377 3.15315 1 38.5568
470.842 25.7372 3.15315 1 38.5618
471.814 25.7367 3.15315 1 38.569
472.786 25.7362 3.15315 1 38.5763
473.758 25.7357 3.15315 1 38.5825
474.729 25.7352 3.15315 1 38.5876
475.701 25.7346 3.15315 1 38.5987
476.673 25.7342 3.15315 1 38.6045
477.645 25.7337 3.15315 1 38.6109
478.617 25.7332 3.15315 1 38.6177
479.589 25.7327 3.15315 1 38.6246
480.561 25.7322 3.15315 1 38.6315
481.533 25.7317 3.15315 1 38.6386
482.505 25.7311 3.15315 1 38.6467
483.477 25.7307 3.15315 1 38.6495
484.449 25.7302 3.15315 1 38.6571
485.421 25.7297 3.15315 1 38.6654
486.393 25.7293 3.15315 1 38.6695
487.365 25.7287 3.15315 1 38.6774
488.337 25.7282 3.15315 1 38.6862
489.309 25.7278 3.15315 1 38.6907
490.281 25.7273 3.15315 1 38.6951
491.253 25.7268 3.15315 1 38.7043
492.224 25.7264 3.15315 1 38.7099
493.196 25.7259 3.15315 1 38.7147
494.168 25.7254 3.15315 1 38.7244
495.14 25.7249 3.15315 1 38.7302
496.112 25.7245 3.15315 1 38.7364
497.084 25.724 3.15315 1 38.7417
498.056 25.7236 3.15315 1 38.7479
499.028 25.7231 3.15315 1 38.7543
500 25.7227 3.15315 1 38.7609
501 25.7222 3.15315 1 38.7658
750.75 25.6469 3.15315 1 39.8275
1000.5 25.5091 2.85285 1 41.9179
1250.25 25.5091 2.85285 1 41.9179
1500 25.5091 2.85285 1 41.9179
