#L  f1  f2  FWHM  CF  I0
7 22.8498 2.73874 0 1.44583
7.98798 22.7673 3.31531 0 1.26702
8.97595 22.6779 3.89189 0 1.10455
9.96393 22.5816 4.46846 0 0.962717
10.9519 22.4777 5.04504 0 0.841006
11.9399 22.3656 5.62162 0 0.736222
12.9279 22.2446 6.48648 0 0.645613
13.9158 22.1142 7.63963 0 0.567003
14.9038 21.974 8.5045 0 0.498514
15.8918 21.8241 9.65765 0 0.438619
16.8798 21.6648 11.0991 0 0.386108
17.8677 21.4975 12.5405 0 0.33999
18.8557 21.3252 14.2703 0 0.299487
19.8437 21.1528 16.2883 0 0.264011
20.8317 20.9888 18.5946 0 0.23311
21.8196 20.846 20.9009 0 0.206459
22.8076 20.7436 23.4955 0 0.183846
23.7956 20.7078 26.0901 0 0.165148
24.7836 20.771 28.6847 0 0.150308
25.7715 20.9674 30.991 0 0.139305
26.7595 21.3234 32.7207 0 0.132098
27.7475 21.8444 33.5856 0 0.128573
28.7355 22.5033 33.5856 0 0.128472
29.7234 23.2417 33.009 0 0.131373
30.7114 23.9852 31.5675 0 0.136701
31.6994 24.6668 30.1261 0 0.143808
32.6874 25.2437 28.3964 0 0.152074
33.6754 25.7003 26.6666 0 0.160978
34.6633 26.0414 25.2252 0 0.170133
35.6513 26.2833 24.072 0 0.179279
36.6393 26.4454 22.9189 0 0.18826
37.6273 26.5466 21.7657 0 0.196994
38.6152 26.6024 20.9009 0 0.205439
39.6032 26.6254 20.036 0 0.213581
40.5912 26.6253 19.4594 0 0.221415
41.5792 26.6089 18.8829 0 0.228947
42.5671 26.5814 18.3063 0 0.236188
43.5551 26.5467 17.7297 0 0.243149
44.5431 26.5074 17.1531 0 0.249842
45.5311 26.4654 16.8648 0 0.256281
46.519 26.4221 16.2883 0 0.262478
47.507 26.3783 16 0 0.268446
48.495 26.3349 15.7117 0 0.274195
49.483 26.2923 15.4234 0 0.279737
50.4709 26.2506 15.1351 0 0.285081
51.4589 26.2103 14.8468 0 0.290238
52.4469 26.1713 14.5585 0 0.295216
53.4349 26.1337 14.2703 0 0.300024
54.4228 26.0976 13.982 0 0.304672
55.4108 26.0629 13.982 0 0.309162
56.3988 26.0296 13.6937 0 0.31351
57.3868 25.9978 13.4054 0 0.317713
58.3747 25.9672 13.4054 0 0.321785
59.3627 25.9379 13.1171 0 0.325728
60.3507 25.9099 13.1171 0 0.329549
61.3387 25.883 12.8288 0 0.333254
62.3267 25.8573 12.8288 0 0.336847
63.3146 25.8326 12.5405 0 0.340331
64.3026 25.8089 12.5405 0 0.343717
65.2906 25.7862 12.2522 0 0.347005
66.2786 25.7644 12.2522 0 0.350194
67.2665 25.7435 12.2522 0 0.353295
68.2545 25.7233 11.964 0 0.356312
69.2425 25.704 11.964 0 0.359243
70.2305 25.6854 11.964 0 0.362098
71.2184 25.6674 11.6757 0 0.364877
72.2064 25.6502 11.6757 0 0.367577
73.1944 25.6336 11.6757 0 0.370209
74.1824 25.6175 11.3874 0 0.372774
75.1703 25.6021 11.3874 0 0.375274
76.1583 25.5872 11.3874 0 0.37771
77.1463 25.5728 11.3874 0 0.380086
78.1343 25.5589 11.0991 0 0.382399
79.1222 25.5455 11.0991 0 0.384656
80.1102 25.5324 11.0991 0 0.386867
81.0982 25.5199 11.0991 0 0.389018
82.0862 25.5077 10.8108 0 0.391123
83.0741 25.4959 10.8108 0 0.393178
84.0621 25.4845 10.8108 0 0.395183
85.0501 25.4735 10.8108 0 0.397142
86.0381 25.4627 10.8108 0 0.399059
87.0261 25.4523 10.8108 0 0.400935
88.014 25.4422 10.5225 0 0.402766
89.002 25.4325 10.5225 0 0.404554
89.99 25.423 10.5225 0 0.406311
90.978 25.4137 10.5225 0 0.408029
91.9659 25.4047 10.5225 0 0.409708
92.9539 25.396 10.5225 0 0.41135
93.9419 25.3876 10.2342 0 0.412958
94.9299 25.3793 10.2342 0 0.414541
95.9178 25.3712 10.2342 0 0.416089
96.9058 25.3634 10.2342 0 0.417605
97.8938 25.3558 10.2342 0 0.419082
98.8818 25.3483 10.2342 0 0.420543
99.8697 25.3411 10.2342 0 0.421968
100.858 25.3341 10.2342 0 0.423364
101.846 25.3272 9.94594 0 0.424736
102.834 25.3204 9.94594 0 0.426087
103.822 25.3139 9.94594 0 0.427407
104.81 25.3075 9.94594 0 0.428702
105.798 25.3013 9.94594 0 0.429973
106.786 25.2952 9.94594 0 0.431228
107.774 25.2892 9.94594 0 0.432451
108.762 25.2834 9.94594 0 0.43366
109.749 25.2777 9.94594 0 0.434841
110.737 25.2721 9.94594 0 0.436007
111.725 25.2668 9.65765 0 0.437139
112.713 25.2614 9.65765 0 0.438266
113.701 25.2562 9.65765 0 0.439365
114.689 25.2511 9.65765 0 0.440454
115.677 25.2462 9.65765 0 0.441514
116.665 25.2413 9.65765 0 0.442566
117.653 25.2365 9.65765 0 0.443596
118.641 25.2318 9.65765 0 0.444611
119.629 25.2273 9.65765 0 0.445605
120.617 25.2228 9.65765 0 0.446592
121.605 25.2184 9.65765 0 0.447555
122.593 25.2141 9.65765 0 0.448504
123.581 25.2099 9.36936 0 0.449431
124.569 25.2057 9.36936 0 0.450357
125.557 25.2017 9.36936 0 0.45126
126.545 25.1977 9.36936 0 0.452147
127.533 25.1938 9.36936 0 0.453027
128.521 25.19 9.36936 0 0.453892
129.509 25.1862 9.36936 0 0.454743
130.497 25.1825 9.36936 0 0.455583
131.485 25.1789 9.36936 0 0.456402
132.473 25.1753 9.36936 0 0.457226
133.461 25.1718 9.36936 0 0.458021
134.449 25.1684 9.36936 0 0.458807
135.437 25.165 9.36936 0 0.459585
136.425 25.1617 9.36936 0 0.460355
137.413 25.1584 9.36936 0 0.461116
138.401 25.1552 9.36936 0 0.461863
139.389 25.1521 9.36936 0 0.462592
140.377 25.149 9.08107 0 0.463314
141.365 25.146 9.08107 0 0.464036
142.353 25.143 9.08107 0 0.464733
143.341 25.1401 9.08107 0 0.46543
144.329 25.1372 9.08107 0 0.466118
145.317 25.1343 9.08107 0 0.466791
146.305 25.1315 9.08107 0 0.467454
147.293 25.1288 9.08107 0 0.468118
148.281 25.126 9.08107 0 0.468773
149.269 25.1234 9.08107 0 0.469403
150.257 25.1208 9.08107 0 0.470041
151.244 25.1182 9.08107 0 0.470663
152.232 25.1156 9.08107 0 0.471283
153.22 25.1131 9.08107 0 0.471888
154.208 25.1107 9.08107 0 0.472493
155.196 25.1083 9.08107 0 0.473079
156.184 25.1058 9.08107 0 0.473668
157.172 25.1035 9.08107 0 0.474244
158.16 25.1012 9.08107 0 0.474815
159.148 25.0989 9.08107 0 0.475375
160.136 25.0966 9.08107 0 0.475936
161.124 25.0944 9.08107 0 0.47649
162.112 25.0922 9.08107 0 0.477023
163.1 25.09 9.08107 0 0.477568
164.088 25.0879 8.79278 0 0.478095
165.076 25.0858 8.79278 0 0.478621
166.064 25.0838 8.79278 0 0.479136
167.052 25.0817 8.79278 0 0.479652
168.04 25.0797 8.79278 0 0.480161
169.028 25.0777 8.79278 0 0.480651
170.016 25.0758 8.79278 0 0.481141
171.004 25.0738 8.79278 0 0.48163
171.992 25.0719 8.79278 0 0.48212
172.98 25.07 8.79278 0 0.482597
173.968 25.0681 8.79278 0 0.483075
174.956 25.0663 8.79278 0 0.483537
175.944 25.0645 8.79278 0 0.483994
176.932 25.0627 8.79278 0 0.484452
177.92 25.061 8.79278 0 0.484908
178.908 25.0592 8.79278 0 0.485352
179.896 25.0575 8.79278 0 0.485796
180.884 25.0558 8.79278 0 0.486231
181.872 25.0541 8.79278 0 0.486657
182.86 25.0525 8.79278 0 0.487083
183.848 25.0509 8.79278 0 0.487507
184.836 25.0492 8.79278 0 0.487931
185.824 25.0476 8.79278 0 0.488342
186.812 25.046 8.79278 0 0.488755
187.8 25.0445 8.79278 0 0.489155
188.788 25.043 8.79278 0 0.489555
189.776 25.0414 8.79278 0 0.489953
190.764 25.0399 8.79278 0 0.49035
191.752 25.0385 8.79278 0 0.490729
192.739 25.037 8.79278 0 0.491111
193.727 25.0356 8.79278 0 0.491496
194.715 25.0341 8.79278 0 0.491874
195.703 25.0327 8.79278 0 0.492244
196.691 25.0313 8.79278 0 0.492612
197.679 25.0299 8.79278 0 0.492982
198.667 25.0286 8.5045 0 0.493343
199.655 25.0272 8.5045 0 0.493701
200.643 25.0258 8.5045 0 0.494062
201.631 25.0246 8.5045 0 0.494402
202.619 25.0232 8.5045 0 0.494761
203.607 25.0219 8.5045 0 0.495102
204.595 25.0207 8.5045 0 0.495443
205.583 25.0194 8.5045 0 0.495782
206.571 25.0181 8.5045 0 0.496123
207.559 25.0169 8.5045 0 0.496443
208.547 25.0157 8.5045 0 0.496768
209.535 25.0145 8.5045 0 0.497094
210.523 25.0133 8.5045 0 0.497415
211.511 25.0121 8.5045 0 0.497746
212.499 25.0109 8.5045 0 0.498058
213.487 25.0098 8.5045 0 0.498368
214.475 25.0086 8.5045 0 0.498684
215.463 25.0075 8.5045 0 0.498989
216.451 25.0063 8.5045 0 0.499301
217.439 25.0052 8.5045 0 0.499601
218.427 25.0041 8.5045 0 0.499891
219.415 25.0031 8.5045 0 0.500182
220.403 25.002 8.5045 0 0.500484
221.391 25.0009 8.5045 0 0.500775
222.379 24.9999 8.5045 0 0.501055
223.367 24.9988 8.5045 0 0.501356
224.355 24.9978 8.5045 0 0.501627
225.343 24.9967 8.5045 0 0.501908
226.331 24.9957 8.5045 0 0.502189
227.319 24.9947 8.5045 0 0.502469
228.307 24.9937 8.5045 0 0.502741
229.295 24.9927 8.5045 0 0.503011
230.283 24.9917 8.5045 0 0.503282
231.271 24.9907 8.5045 0 0.503555
232.259 24.9898 8.5045 0 0.503812
233.246 24.9889 8.5045 0 0.504074
234.234 24.9879 8.5045 0 0.504334
235.222 24.987 8.5045 0 0.504596
236.21 24.9861 8.5045 0 0.504846
237.198 24.9851 8.5045 0 0.505105
238.186 24.9842 8.5045 0 0.505358
239.174 24.9833 8.5045 0 0.505607
240.162 24.9824 8.5045 0 0.505857
241.15 24.9816 8.5045 0 0.506098
242.138 24.9807 8.5045 0 0.506338
243.126 24.9798 8.5045 0 0.506589
244.114 24.979 8.5045 0 0.506823
245.102 24.9781 8.5045 0 0.507058
246.09 24.9773 8.5045 0 0.507287
247.078 24.9764 8.5045 0 0.507533
248.066 24.9756 8.5045 0 0.507768
249.054 24.9748 8.5045 0 0.507988
250.042 24.9739 8.5045 0 0.508228
251.03 24.9731 8.5045 0 0.508458
252.018 24.9723 8.5045 0 0.508677
253.006 24.9716 8.5045 0 0.508895
253.994 24.9708 8.5045 0 0.509116
254.982 24.97 8.5045 0 0.509345
255.97 24.9692 8.5045 0 0.509554
256.958 24.9685 8.5045 0 0.509772
257.946 24.9677 8.21621 0 0.509992
258.934 24.9669 8.21621 0 0.5102
259.922 24.9662 8.21621 0 0.510409
260.91 24.9655 8.21621 0 0.510619
261.898 24.9647 8.21621 0 0.510825
262.886 24.964 8.21621 0 0.511037
263.874 24.9632 8.21621 0 0.511245
264.862 24.9626 8.21621 0 0.511442
265.85 24.9619 8.21621 0 0.511639
266.838 24.9611 8.21621 0 0.51185
267.826 24.9605 8.21621 0 0.512036
268.814 24.9597 8.21621 0 0.512245
269.802 24.959 8.21621 0 0.512445
270.79 24.9583 8.21621 0 0.512643
271.778 24.9577 8.21621 0 0.512823
272.766 24.957 8.21621 0 0.513018
273.754 24.9564 8.21621 0 0.513205
274.741 24.9557 8.21621 0 0.513392
275.729 24.955 8.21621 0 0.513585
276.717 24.9544 8.21621 0 0.513765
277.705 24.9538 8.21621 0 0.513955
278.693 24.9531 8.21621 0 0.514141
279.681 24.9525 8.21621 0 0.514324
280.669 24.9519 8.21621 0 0.514494
281.657 24.9512 8.21621 0 0.514683
282.645 24.9506 8.21621 0 0.514859
283.633 24.95 8.21621 0 0.515035
284.621 24.9494 8.21621 0 0.515218
285.609 24.9487 8.21621 0 0.515401
286.597 24.9481 8.21621 0 0.515567
287.585 24.9475 8.21621 0 0.515742
288.573 24.947 8.21621 0 0.515909
289.561 24.9464 8.21621 0 0.516086
290.549 24.9458 8.21621 0 0.516251
291.537 24.9452 8.21621 0 0.516417
292.525 24.9446 8.21621 0 0.516582
293.513 24.9441 8.21621 0 0.516748
294.501 24.9435 8.21621 0 0.516914
295.489 24.9429 8.21621 0 0.517082
296.477 24.9424 8.21621 0 0.517245
297.465 24.9418 8.21621 0 0.517401
298.453 24.9412 8.21621 0 0.517567
299.441 24.9407 8.21621 0 0.517723
300.429 24.9402 8.21621 0 0.517877
301.417 24.9397 8.21621 0 0.518029
302.405 24.9391 8.21621 0 0.518198
303.393 24.9386 8.21621 0 0.518338
304.381 24.938 8.21621 0 0.518508
305.369 24.9375 8.21621 0 0.51865
306.357 24.937 8.21621 0 0.518792
307.345 24.9365 8.21621 0 0.518955
308.333 24.936 8.21621 0 0.519104
309.321 24.9355 8.21621 0 0.519253
310.309 24.935 8.21621 0 0.519403
311.297 24.9345 8.21621 0 0.519545
312.285 24.934 8.21621 0 0.519691
313.273 24.9334 8.21621 0 0.519847
314.261 24.933 8.21621 0 0.519976
315.248 24.9325 8.21621 0 0.520134
316.236 24.932 8.21621 0 0.520264
317.224 24.9315 8.21621 0 0.520409
318.212 24.931 8.21621 0 0.520555
319.2 24.9306 8.21621 0 0.520691
320.188 24.9301 8.21621 0 0.520828
321.176 24.9296 8.21621 0 0.520961
322.164 24.9292 8.21621 0 0.521105
323.152 24.9287 8.21621 0 0.521238
324.14 24.9282 8.21621 0 0.521382
325.128 24.9277 8.21621 0 0.521522
326.116 24.9273 8.21621 0 0.521649
327.104 24.9269 8.21621 0 0.52178
328.092 24.9264 8.21621 0 0.521927
329.08 24.926 8.21621 0 0.522045
330.068 24.9255 8.21621 0 0.522193
331.056 24.9251 8.21621 0 0.522312
332.044 24.9247 8.21621 0 0.522432
333.032 24.9242 8.21621 0 0.522566
334.02 24.9238 8.21621 0 0.522701
335.008 24.9233 8.21621 0 0.522827
335.996 24.9229 8.21621 0 0.522954
336.984 24.9225 8.21621 0 0.523082
337.972 24.922 8.21621 0 0.523209
338.96 24.9217 8.21621 0 0.523323
339.948 24.9213 8.21621 0 0.523437
340.936 24.9208 8.21621 0 0.523571
341.924 24.9204 8.21621 0 0.5237
342.912 24.9201 8.21621 0 0.523802
343.9 24.9196 8.21621 0 0.523937
344.888 24.9192 8.21621 0 0.524058
345.876 24.9188 8.21621 0 0.52418
346.864 24.9184 8.21621 0 0.524288
347.852 24.918 8.21621 0 0.52441
348.84 24.9176 8.21621 0 0.524534
349.828 24.9172 8.21621 0 0.524643
350.816 24.9169 8.21621 0 0.524757
351.804 24.9165 8.21621 0 0.524872
352.792 24.9161 8.21621 0 0.524983
353.78 24.9157 8.21621 0 0.525098
354.768 24.9153 8.21621 0 0.525215
355.756 24.9149 8.21621 0 0.525326
356.743 24.9145 8.21621 0 0.525447
357.731 24.9142 8.21621 0 0.52555
358.719 24.9139 8.21621 0 0.525654
359.707 24.9134 8.21621 0 0.525777
360.695 24.9131 8.21621 0 0.52588
361.683 24.9127 8.21621 0 0.525986
362.671 24.9123 8.21621 0 0.526109
363.659 24.912 8.21621 0 0.526205
364.647 24.9116 8.21621 0 0.526315
365.635 24.9113 8.21621 0 0.526425
366.623 24.911 8.21621 0 0.526523
367.611 24.9106 8.21621 0 0.526634
368.599 24.9102 8.21621 0 0.526746
369.587 24.9099 8.21621 0 0.526844
370.575 24.9096 8.21621 0 0.526942
371.563 24.9092 8.21621 0 0.527045
372.551 24.9089 8.21621 0 0.527149
373.539 24.9086 8.21621 0 0.527248
374.527 24.9082 8.21621 0 0.527353
375.515 24.9079 8.21621 0 0.527457
376.503 24.9075 8.21621 0 0.527562
377.491 24.9072 8.21621 0 0.527668
378.479 24.9069 8.21621 0 0.527759
379.467 24.9066 8.07206 0 0.527851
380.455 24.9062 7.92792 0 0.527962
381.443 24.9059 7.92792 0 0.528049
382.431 24.9056 7.92792 0 0.528147
383.419 24.9052 7.92792 0 0.528258
384.407 24.9049 7.92792 0 0.528337
385.395 24.9046 7.92792 0 0.528445
386.383 24.9043 7.92792 0 0.528529
387.371 24.904 7.92792 0 0.528628
388.359 24.9037 7.92792 0 0.528728
389.347 24.9034 7.92792 0 0.528813
390.335 24.9031 7.92792 0 0.528912
391.323 24.9027 7.92792 0 0.529013
392.311 24.9024 7.92792 0 0.529099
393.299 24.9021 7.92792 0 0.529186
394.287 24.9019 7.92792 0 0.529276
395.275 24.9015 7.92792 0 0.529368
396.263 24.9012 7.92792 0 0.52947
397.251 24.9009 7.92792 0 0.529557
398.238 24.9006 7.92792 0 0.52965
399.226 24.9004 7.92792 0 0.529728
400.214 24.9001 7.92792 0 0.529817
401.202 24.8998 7.92792 0 0.529909
402.19 24.8995 7.92792 0 0.530003
403.178 24.8992 7.92792 0 0.530097
404.166 24.8989 7.92792 0 0.530177
405.154 24.8986 7.92792 0 0.530257
406.142 24.8983 7.92792 0 0.530351
407.13 24.898 7.92792 0 0.530437
408.118 24.8978 7.92792 0 0.530518
409.106 24.8975 7.92792 0 0.530613
410.094 24.8972 7.92792 0 0.530686
411.082 24.8969 7.92792 0 0.530782
412.07 24.8967 7.92792 0 0.530847
413.058 24.8964 7.92792 0 0.53095
414.046 24.8961 7.92792 0 0.531022
415.034 24.8958 7.92792 0 0.53111
416.022 24.8956 7.92792 0 0.531197
417.01 24.8953 7.92792 0 0.531264
417.998 24.895 7.92792 0 0.531353
418.986 24.8948 7.92792 0 0.531441
419.974 24.8945 7.92792 0 0.531516
420.962 24.8943 7.92792 0 0.531594
421.95 24.894 7.92792 0 0.531684
422.938 24.8937 7.92792 0 0.531757
423.926 24.8934 7.92792 0 0.531848
424.914 24.8932 7.92792 0 0.531921
425.902 24.8929 7.92792 0 0.531998
426.89 24.8927 7.92792 0 0.532078
427.878 24.8924 7.92792 0 0.532159
428.866 24.8922 7.92792 0 0.532235
429.854 24.8919 7.92792 0 0.53231
430.842 24.8917 7.92792 0 0.532383
431.83 24.8914 7.92792 0 0.532459
432.818 24.8912 7.92792 0 0.532526
433.806 24.891 7.92792 0 0.532608
434.794 24.8907 7.92792 0 0.532685
435.782 24.8904 7.92792 0 0.532773
436.77 24.8902 7.92792 0 0.532835
437.758 24.89 7.92792 0 0.532909
438.745 24.8897 7.92792 0 0.532986
439.733 24.8895 7.92792 0 0.53306
440.721 24.8893 7.92792 0 0.533129
441.709 24.889 7.92792 0 0.533213
442.697 24.8888 7.92792 0 0.533272
443.685 24.8885 7.92792 0 0.533356
444.673 24.8883 7.92792 0 0.53341
445.661 24.8881 7.92792 0 0.5335
446.649 24.8879 7.92792 0 0.53356
447.637 24.8876 7.92792 0 0.533646
448.625 24.8874 7.92792 0 0.5337
449.613 24.8872 7.92792 0 0.533777
450.601 24.8869 7.92792 0 0.533852
451.589 24.8867 7.92792 0 0.533911
452.577 24.8865 7.92792 0 0.533988
453.565 24.8862 7.92792 0 0.53406
454.553 24.8861 7.92792 0 0.534121
455.541 24.8858 7.92792 0 0.534183
456.529 24.8856 7.92792 0 0.53426
457.517 24.8854 7.92792 0 0.534337
458.505 24.8852 7.92792 0 0.534399
459.493 24.885 7.92792 0 0.534461
460.481 24.8847 7.92792 0 0.534529
461.469 24.8845 7.92792 0 0.534592
462.457 24.8843 7.92792 0 0.53467
463.445 24.8841 7.92792 0 0.534733
464.433 24.8839 7.92792 0 0.534797
465.421 24.8837 7.92792 0 0.53486
466.409 24.8834 7.92792 0 0.534929
467.397 24.8832 7.92792 0 0.534998
468.385 24.883 7.92792 0 0.535062
469.373 24.8829 7.92792 0 0.53511
470.361 24.8826 7.92792 0 0.535181
471.349 24.8824 7.92792 0 0.53525
472.337 24.8822 7.92792 0 0.535315
473.325 24.882 7.92792 0 0.535384
474.313 24.8818 7.92792 0 0.535455
475.301 24.8816 7.92792 0 0.535511
476.289 24.8814 7.92792 0 0.535566
477.277 24.8812 7.92792 0 0.535631
478.265 24.8809 7.92792 0 0.535708
479.253 24.8808 7.92792 0 0.535758
480.24 24.8806 7.92792 0 0.535819
481.228 24.8804 7.92792 0 0.535886
482.216 24.8802 7.92792 0 0.535947
483.204 24.88 7.92792 0 0.535998
484.192 24.8798 7.92792 0 0.536075
485.18 24.8796 7.92792 0 0.536116
486.168 24.8794 7.92792 0 0.536188
487.156 24.8792 7.92792 0 0.536252
488.144 24.879 7.92792 0 0.536303
489.132 24.8788 7.92792 0 0.536366
490.12 24.8786 7.92792 0 0.536428
491.108 24.8785 7.92792 0 0.536481
492.096 24.8783 7.92792 0 0.536544
493.084 24.8781 7.92792 0 0.536591
494.072 24.8779 7.92792 0 0.536665
495.06 24.8777 7.92792 0 0.536708
496.048 24.8775 7.92792 0 0.536772
497.036 24.8773 7.92792 0 0.536835
498.024 24.8772 7.92792 0 0.536884
499.012 24.877 7.92792 0 0.536943
500 24.8768 7.92792 0 0.537007
