-0.00048 0.00124729
-0.000479039 0.0012425
-0.000478078 0.00123772
-0.000477117 0.00123295
-0.000476156 0.00122819
-0.000475195 0.00122344
-0.000474234 0.0012187
-0.000473273 0.00121396
-0.000472312 0.00120924
-0.000471351 0.00120453
-0.00047039 0.00119983
-0.000469429 0.00119513
-0.000468468 0.00119045
-0.000467508 0.00118578
-0.000466547 0.00118111
-0.000465586 0.00117646
-0.000464625 0.00117181
-0.000463664 0.00116718
-0.000462703 0.00116255
-0.000461742 0.00115793
-0.000460781 0.00115333
-0.00045982 0.00114873
-0.000458859 0.00114414
-0.000457898 0.00113957
-0.000456937 0.001135
-0.000455976 0.00113044
-0.000455015 0.00112589
-0.000454054 0.00112135
-0.000453093 0.00111682
-0.000452132 0.0011123
-0.000451171 0.00110779
-0.00045021 0.00110329
-0.000449249 0.0010988
-0.000448288 0.00109431
-0.000447327 0.00108984
-0.000446366 0.00108538
-0.000445405 0.00108092
-0.000444444 0.00107648
-0.000443484 0.00107205
-0.000442523 0.00106762
-0.000441562 0.00106321
-0.000440601 0.0010588
-0.00043964 0.00105441
-0.000438679 0.00105002
-0.000437718 0.00104564
-0.000436757 0.00104128
-0.000435796 0.00103692
-0.000434835 0.00103257
-0.000433874 0.00102823
-0.000432913 0.00102391
-0.000431952 0.00101959
-0.000430991 0.00101528
-0.00043003 0.00101098
-0.000429069 0.00100669
-0.000428108 0.00100241
-0.000427147 0.000998137
-0.000426186 0.000993876
-0.000425225 0.000989624
-0.000424264 0.000985382
-0.000423303 0.000981149
-0.000422342 0.000976927
-0.000421381 0.000972713
-0.00042042 0.00096851
-0.00041946 0.000964315
-0.000418499 0.000960131
-0.000417538 0.000955956
-0.000416577 0.000951791
-0.000415616 0.000947635
-0.000414655 0.000943489
-0.000413694 0.000939352
-0.000412733 0.000935225
-0.000411772 0.000931108
-0.000410811 0.000927
-0.00040985 0.000922902
-0.000408889 0.000918814
-0.000407928 0.000914735
-0.000406967 0.000910666
-0.000406006 0.000906606
-0.000405045 0.000902556
-0.000404084 0.000898515
-0.000403123 0.000894484
-0.000402162 0.000890463
-0.000401201 0.000886451
-0.00040024 0.000882449
-0.000399279 0.000878456
-0.000398318 0.000874473
-0.000397357 0.0008705
-0.000396396 0.000866536
-0.000395436 0.000862582
-0.000394475 0.000858638
-0.000393514 0.000854703
-0.000392553 0.000850777
-0.000391592 0.000846862
-0.000390631 0.000842955
-0.00038967 0.000839059
-0.000388709 0.000835172
-0.000387748 0.000831294
-0.000386787 0.000827427
-0.000385826 0.000823568
-0.000384865 0.00081972
-0.000383904 0.000815881
-0.000382943 0.000812051
-0.000381982 0.000808232
-0.000381021 0.000804421
-0.00038006 0.000800621
-0.000379099 0.00079683
-0.000378138 0.000793048
-0.000377177 0.000789277
-0.000376216 0.000785514
-0.000375255 0.000781762
-0.000374294 0.000778019
-0.000373333 0.000774285
-0.000372372 0.000770562
-0.000371412 0.000766847
-0.000370451 0.000763143
-0.00036949 0.000759448
-0.000368529 0.000755762
-0.000367568 0.000752086
-0.000366607 0.00074842
-0.000365646 0.000744764
-0.000364685 0.000741116
-0.000363724 0.000737479
-0.000362763 0.000733851
-0.000361802 0.000730233
-0.000360841 0.000726624
-0.00035988 0.000723025
-0.000358919 0.000719436
-0.000357958 0.000715856
-0.000356997 0.000712286
-0.000356036 0.000708725
-0.000355075 0.000705174
-0.000354114 0.000701632
-0.000353153 0.000698101
-0.000352192 0.000694578
-0.000351231 0.000691066
-0.00035027 0.000687563
-0.000349309 0.000684069
-0.000348348 0.000680585
-0.000347388 0.000677111
-0.000346427 0.000673646
-0.000345466 0.000670191
-0.000344505 0.000666746
-0.000343544 0.00066331
-0.000342583 0.000659883
-0.000341622 0.000656467
-0.000340661 0.00065306
-0.0003397 0.000649662
-0.000338739 0.000646274
-0.000337778 0.000642896
-0.000336817 0.000639527
-0.000335856 0.000636168
-0.000334895 0.000632819
-0.000333934 0.000629479
-0.000332973 0.000626148
-0.000332012 0.000622828
-0.000331051 0.000619516
-0.00033009 0.000616215
-0.000329129 0.000612923
-0.000328168 0.000609641
-0.000327207 0.000606368
-0.000326246 0.000603105
-0.000325285 0.000599851
-0.000324324 0.000596607
-0.000323364 0.000593373
-0.000322403 0.000590148
-0.000321442 0.000586933
-0.000320481 0.000583727
-0.00031952 0.000580531
-0.000318559 0.000577345
-0.000317598 0.000574168
-0.000316637 0.000571001
-0.000315676 0.000567844
-0.000314715 0.000564696
-0.000313754 0.000561557
-0.000312793 0.000558428
-0.000311832 0.000555309
-0.000310871 0.0005522
-0.00030991 0.0005491
-0.000308949 0.000546009
-0.000307988 0.000542929
-0.000307027 0.000539857
-0.000306066 0.000536796
-0.000305105 0.000533744
-0.000304144 0.000530701
-0.000303183 0.000527669
-0.000302222 0.000524645
-0.000301261 0.000521632
-0.0003003 0.000518628
-0.00029934 0.000515633
-0.000298379 0.000512649
-0.000297418 0.000509673
-0.000296457 0.000506708
-0.000295496 0.000503752
-0.000294535 0.000500805
-0.000293574 0.000497868
-0.000292613 0.000494941
-0.000291652 0.000492024
-0.000290691 0.000489115
-0.00028973 0.000486217
-0.000288769 0.000483328
-0.000287808 0.000480449
-0.000286847 0.000477579
-0.000285886 0.000474719
-0.000284925 0.000471869
-0.000283964 0.000469028
-0.000283003 0.000466197
-0.000282042 0.000463375
-0.000281081 0.000460563
-0.00028012 0.000457761
-0.000279159 0.000454968
-0.000278198 0.000452184
-0.000277237 0.000449411
-0.000276276 0.000446647
-0.000275316 0.000443892
-0.000274355 0.000441147
-0.000273394 0.000438412
-0.000272433 0.000435686
-0.000271472 0.00043297
-0.000270511 0.000430264
-0.00026955 0.000427567
-0.000268589 0.00042488
-0.000267628 0.000422202
-0.000266667 0.000419534
-0.000265706 0.000416875
-0.000264745 0.000414226
-0.000263784 0.000411587
-0.000262823 0.000408957
-0.000261862 0.000406337
-0.000260901 0.000403727
-0.00025994 0.000401126
-0.000258979 0.000398534
-0.000258018 0.000395953
-0.000257057 0.000393381
-0.000256096 0.000390818
-0.000255135 0.000388265
-0.000254174 0.000385722
-0.000253213 0.000383188
-0.000252252 0.000380664
-0.000251292 0.000378149
-0.000250331 0.000375644
-0.00024937 0.000373149
-0.000248409 0.000370663
-0.000247448 0.000368187
-0.000246487 0.000365721
-0.000245526 0.000363264
-0.000244565 0.000360816
-0.000243604 0.000358379
-0.000242643 0.00035595
-0.000241682 0.000353532
-0.000240721 0.000351123
-0.00023976 0.000348724
-0.000238799 0.000346334
-0.000237838 0.000343954
-0.000236877 0.000341583
-0.000235916 0.000339222
-0.000234955 0.000336871
-0.000233994 0.000334529
-0.000233033 0.000332197
-0.000232072 0.000329874
-0.000231111 0.000327561
-0.00023015 0.000325258
-0.000229189 0.000322964
-0.000228228 0.00032068
-0.000227268 0.000318405
-0.000226307 0.00031614
-0.000225346 0.000313885
-0.000224385 0.000311639
-0.000223424 0.000309403
-0.000222463 0.000307176
-0.000221502 0.000304959
-0.000220541 0.000302752
-0.00021958 0.000300554
-0.000218619 0.000298365
-0.000217658 0.000296187
-0.000216697 0.000294018
-0.000215736 0.000291858
-0.000214775 0.000289709
-0.000213814 0.000287568
-0.000212853 0.000285438
-0.000211892 0.000283317
-0.000210931 0.000281205
-0.00020997 0.000279103
-0.000209009 0.000277011
-0.000208048 0.000274928
-0.000207087 0.000272855
-0.000206126 0.000270792
-0.000205165 0.000268738
-0.000204204 0.000266694
-0.000203244 0.000264659
-0.000202283 0.000262634
-0.000201322 0.000260619
-0.000200361 0.000258613
-0.0001994 0.000256616
-0.000198439 0.00025463
-0.000197478 0.000252653
-0.000196517 0.000250685
-0.000195556 0.000248727
-0.000194595 0.000246779
-0.000193634 0.00024484
-0.000192673 0.000242911
-0.000191712 0.000240992
-0.000190751 0.000239082
-0.00018979 0.000237182
-0.000188829 0.000235291
-0.000187868 0.00023341
-0.000186907 0.000231538
-0.000185946 0.000229676
-0.000184985 0.000227824
-0.000184024 0.000225981
-0.000183063 0.000224148
-0.000182102 0.000222325
-0.000181141 0.000220511
-0.00018018 0.000218706
-0.00017922 0.000216912
-0.000178259 0.000215126
-0.000177298 0.000213351
-0.000176337 0.000211585
-0.000175376 0.000209829
-0.000174415 0.000208082
-0.000173454 0.000206345
-0.000172493 0.000204617
-0.000171532 0.000202899
-0.000170571 0.000201191
-0.00016961 0.000199492
-0.000168649 0.000197803
-0.000167688 0.000196123
-0.000166727 0.000194453
-0.000165766 0.000192793
-0.000164805 0.000191142
-0.000163844 0.000189501
-0.000162883 0.00018787
-0.000161922 0.000186248
-0.000160961 0.000184635
-0.00016 0.000183032
-0.000159039 0.000181439
-0.000158078 0.000179856
-0.000157117 0.000178282
-0.000156156 0.000176717
-0.000155196 0.000175163
-0.000154235 0.000173617
-0.000153274 0.000172082
-0.000152313 0.000170556
-0.000151352 0.000169039
-0.000150391 0.000167533
-0.00014943 0.000166035
-0.000148469 0.000164548
-0.000147508 0.00016307
-0.000146547 0.000161601
-0.000145586 0.000160142
-0.000144625 0.000158693
-0.000143664 0.000157254
-0.000142703 0.000155824
-0.000141742 0.000154403
-0.000140781 0.000152992
-0.00013982 0.000151591
-0.000138859 0.000150199
-0.000137898 0.000148817
-0.000136937 0.000147445
-0.000135976 0.000146082
-0.000135015 0.000144729
-0.000134054 0.000143385
-0.000133093 0.000142051
-0.000132132 0.000140727
-0.000131172 0.000139412
-0.000130211 0.000138107
-0.00012925 0.000136811
-0.000128289 0.000135525
-0.000127328 0.000134248
-0.000126367 0.000132982
-0.000125406 0.000131724
-0.000124445 0.000130477
-0.000123484 0.000129238
-0.000122523 0.00012801
-0.000121562 0.000126791
-0.000120601 0.000125582
-0.00011964 0.000124382
-0.000118679 0.000123192
-0.000117718 0.000122012
-0.000116757 0.000120841
-0.000115796 0.000119679
-0.000114835 0.000118528
-0.000113874 0.000117386
-0.000112913 0.000116253
-0.000111952 0.00011513
-0.000110991 0.000114017
-0.00011003 0.000112913
-0.000109069 0.000111819
-0.000108108 0.000110734
-0.000107148 0.00010966
-0.000106187 0.000108594
-0.000105226 0.000107539
-0.000104265 0.000106492
-0.000103304 0.000105456
-0.000102343 0.000104429
-0.000101382 0.000103412
-0.000100421 0.000102404
-9.94598e-05 0.000101406
-9.84989e-05 0.000100417
-9.75379e-05 9.94382e-05
-9.6577e-05 9.84689e-05
-9.5616e-05 9.75091e-05
-9.4655e-05 9.6559e-05
-9.36941e-05 9.56184e-05
-9.27331e-05 9.46875e-05
-9.17722e-05 9.37661e-05
-9.08112e-05 9.28543e-05
-8.98502e-05 9.19522e-05
-8.88893e-05 9.10596e-05
-8.79283e-05 9.01766e-05
-8.69674e-05 8.93033e-05
-8.60064e-05 8.84395e-05
-8.50454e-05 8.75853e-05
-8.40845e-05 8.67407e-05
-8.31235e-05 8.59057e-05
-8.21626e-05 8.50803e-05
-8.12016e-05 8.42646e-05
-8.02406e-05 8.34584e-05
-7.92797e-05 8.26618e-05
-7.83187e-05 8.18748e-05
-7.73578e-05 8.10974e-05
-7.63968e-05 8.03296e-05
-7.54358e-05 7.95714e-05
-7.44749e-05 7.88228e-05
-7.35139e-05 7.80838e-05
-7.2553e-05 7.73543e-05
-7.1592e-05 7.66345e-05
-7.0631e-05 7.59243e-05
-6.96701e-05 7.52237e-05
-6.87091e-05 7.45327e-05
-6.77482e-05 7.38512e-05
-6.67872e-05 7.31794e-05
-6.58262e-05 7.25172e-05
-6.48653e-05 7.18645e-05
-6.39043e-05 7.12215e-05
-6.29434e-05 7.05881e-05
-6.19824e-05 6.99642e-05
-6.10214e-05 6.935e-05
-6.00605e-05 6.87453e-05
-5.90995e-05 6.81503e-05
-5.81386e-05 6.75649e-05
-5.71776e-05 6.6989e-05
-5.62166e-05 6.64227e-05
-5.52557e-05 6.58661e-05
-5.42947e-05 6.5319e-05
-5.33338e-05 6.47816e-05
-5.23728e-05 6.42537e-05
-5.14118e-05 6.37354e-05
-5.04509e-05 6.32268e-05
-4.94899e-05 6.27277e-05
-4.8529e-05 6.22382e-05
-4.7568e-05 6.17583e-05
-4.6607e-05 6.12881e-05
-4.56461e-05 6.08274e-05
-4.46851e-05 6.03763e-05
-4.37242e-05 5.99348e-05
-4.27632e-05 5.95029e-05
-4.18022e-05 5.90806e-05
-4.08413e-05 5.86679e-05
-3.98803e-05 5.82648e-05
-3.89194e-05 5.78713e-05
-3.79584e-05 5.74874e-05
-3.69974e-05 5.71131e-05
-3.60365e-05 5.67484e-05
-3.50755e-05 5.63933e-05
-3.41146e-05 5.60478e-05
-3.31536e-05 5.57119e-05
-3.21926e-05 5.53855e-05
-3.12317e-05 5.50688e-05
-3.02707e-05 5.47617e-05
-2.93098e-05 5.44642e-05
-2.83488e-05 5.41762e-05
-2.73878e-05 5.38979e-05
-2.64269e-05 5.36292e-05
-2.54659e-05 5.337e-05
-2.4505e-05 5.31205e-05
-2.3544e-05 5.28806e-05
-2.2583e-05 5.26502e-05
-2.16221e-05 5.24295e-05
-2.06611e-05 5.22183e-05
-1.97002e-05 5.20168e-05
-1.87392e-05 5.18248e-05
-1.77782e-05 5.16425e-05
-1.68173e-05 5.14697e-05
-1.58563e-05 5.13065e-05
-1.48954e-05 5.1153e-05
-1.39344e-05 5.1009e-05
-1.29734e-05 5.08746e-05
-1.20125e-05 5.07499e-05
-1.10515e-05 5.06347e-05
-1.00906e-05 5.05291e-05
-9.1296e-06 5.04331e-05
-8.16864e-06 5.03467e-05
-7.20768e-06 5.027e-05
-6.24672e-06 5.02028e-05
-5.28576e-06 5.01452e-05
-4.3248e-06 5.00972e-05
-3.36384e-06 5.00588e-05
-2.40288e-06 5.003e-05
-1.44192e-06 5.00108e-05
-4.8096e-07 5.00012e-05
4.8e-07 5.00012e-05
1.44096e-06 5.00108e-05
2.40192e-06 5.003e-05
3.36288e-06 5.00588e-05
4.32384e-06 5.00972e-05
5.2848e-06 5.01451e-05
6.24576e-06 5.02027e-05
7.20672e-06 5.02699e-05
8.16768e-06 5.03467e-05
9.12864e-06 5.0433e-05
1.00896e-05 5.0529e-05
1.10506e-05 5.06346e-05
1.20115e-05 5.07497e-05
1.29725e-05 5.08745e-05
1.39334e-05 5.10089e-05
1.48944e-05 5.11528e-05
1.58554e-05 5.13064e-05
1.68163e-05 5.14695e-05
1.77773e-05 5.16423e-05
1.87382e-05 5.18246e-05
1.96992e-05 5.20166e-05
2.06602e-05 5.22181e-05
2.16211e-05 5.24293e-05
2.25821e-05 5.265e-05
2.3543e-05 5.28803e-05
2.4504e-05 5.31203e-05
2.5465e-05 5.33698e-05
2.64259e-05 5.36289e-05
2.73869e-05 5.38976e-05
2.83478e-05 5.4176e-05
2.93088e-05 5.44639e-05
3.02698e-05 5.47614e-05
3.12307e-05 5.50685e-05
3.21917e-05 5.53852e-05
3.31526e-05 5.57115e-05
3.41136e-05 5.60474e-05
3.50746e-05 5.63929e-05
3.60355e-05 5.6748e-05
3.69965e-05 5.71127e-05
3.79574e-05 5.7487e-05
3.89184e-05 5.78709e-05
3.98794e-05 5.82644e-05
4.08403e-05 5.86675e-05
4.18013e-05 5.90802e-05
4.27622e-05 5.95025e-05
4.37232e-05 5.99344e-05
4.46842e-05 6.03758e-05
4.56451e-05 6.08269e-05
4.66061e-05 6.12876e-05
4.7567e-05 6.17579e-05
4.8528e-05 6.22377e-05
4.9489e-05 6.27272e-05
5.04499e-05 6.32263e-05
5.14109e-05 6.37349e-05
5.23718e-05 6.42532e-05
5.33328e-05 6.4781e-05
5.42938e-05 6.53185e-05
5.52547e-05 6.58655e-05
5.62157e-05 6.64222e-05
5.71766e-05 6.69884e-05
5.81376e-05 6.75643e-05
5.90986e-05 6.81497e-05
6.00595e-05 6.87447e-05
6.10205e-05 6.93494e-05
6.19814e-05 6.99636e-05
6.29424e-05 7.05874e-05
6.39034e-05 7.12209e-05
6.48643e-05 7.18639e-05
6.58253e-05 7.25165e-05
6.67862e-05 7.31787e-05
6.77472e-05 7.38506e-05
6.87082e-05 7.4532e-05
6.96691e-05 7.5223e-05
7.06301e-05 7.59236e-05
7.1591e-05 7.66338e-05
7.2552e-05 7.73536e-05
7.3513e-05 7.8083e-05
7.44739e-05 7.8822e-05
7.54349e-05 7.95706e-05
7.63958e-05 8.03288e-05
7.73568e-05 8.10966e-05
7.83178e-05 8.1874e-05
7.92787e-05 8.2661e-05
8.02397e-05 8.34576e-05
8.12006e-05 8.42637e-05
8.21616e-05 8.50795e-05
8.31226e-05 8.59049e-05
8.40835e-05 8.67399e-05
8.50445e-05 8.75844e-05
8.60054e-05 8.84386e-05
8.69664e-05 8.93024e-05
8.79274e-05 9.01758e-05
8.88883e-05 9.10587e-05
8.98493e-05 9.19513e-05
9.08102e-05 9.28534e-05
9.17712e-05 9.37652e-05
9.27322e-05 9.46865e-05
9.36931e-05 9.56175e-05
9.46541e-05 9.6558e-05
9.5615e-05 9.75082e-05
9.6576e-05 9.84679e-05
9.7537e-05 9.94373e-05
9.84979e-05 0.000100416
9.94589e-05 0.000101405
0.00010042 0.000102403
0.000101381 0.000103411
0.000102342 0.000104428
0.000103303 0.000105455
0.000104264 0.000106491
0.000105225 0.000107537
0.000106186 0.000108593
0.000107147 0.000109659
0.000108108 0.000110733
0.000109068 0.000111818
0.000110029 0.000112912
0.00011099 0.000114016
0.000111951 0.000115129
0.000112912 0.000116252
0.000113873 0.000117384
0.000114834 0.000118527
0.000115795 0.000119678
0.000116756 0.00012084
0.000117717 0.00012201
0.000118678 0.000123191
0.000119639 0.000124381
0.0001206 0.000125581
0.000121561 0.00012679
0.000122522 0.000128009
0.000123483 0.000129237
0.000124444 0.000130475
0.000125405 0.000131723
0.000126366 0.00013298
0.000127327 0.000134247
0.000128288 0.000135524
0.000129249 0.00013681
0.00013021 0.000138105
0.000131171 0.000139411
0.000132132 0.000140725
0.000133092 0.00014205
0.000134053 0.000143384
0.000135014 0.000144728
0.000135975 0.000146081
0.000136936 0.000147444
0.000137897 0.000148816
0.000138858 0.000150198
0.000139819 0.00015159
0.00014078 0.000152991
0.000141741 0.000154402
0.000142702 0.000155822
0.000143663 0.000157252
0.000144624 0.000158692
0.000145585 0.000160141
0.000146546 0.0001616
0.000147507 0.000163068
0.000148468 0.000164546
0.000149429 0.000166034
0.00015039 0.000167531
0.000151351 0.000169038
0.000152312 0.000170554
0.000153273 0.00017208
0.000154234 0.000173616
0.000155195 0.000175161
0.000156156 0.000176716
0.000157116 0.00017828
0.000158077 0.000179854
0.000159038 0.000181438
0.000159999 0.000183031
0.00016096 0.000184634
0.000161921 0.000186246
0.000162882 0.000187868
0.000163843 0.0001895
0.000164804 0.000191141
0.000165765 0.000192791
0.000166726 0.000194452
0.000167687 0.000196122
0.000168648 0.000197801
0.000169609 0.00019949
0.00017057 0.000201189
0.000171531 0.000202898
0.000172492 0.000204616
0.000173453 0.000206343
0.000174414 0.00020808
0.000175375 0.000209827
0.000176336 0.000211583
0.000177297 0.000213349
0.000178258 0.000215125
0.000179219 0.00021691
0.00018018 0.000218705
0.00018114 0.000220509
0.000182101 0.000222323
0.000183062 0.000224146
0.000184023 0.000225979
0.000184984 0.000227822
0.000185945 0.000229674
0.000186906 0.000231536
0.000187867 0.000233408
0.000188828 0.000235289
0.000189789 0.00023718
0.00019075 0.00023908
0.000191711 0.00024099
0.000192672 0.000242909
0.000193633 0.000244838
0.000194594 0.000246777
0.000195555 0.000248725
0.000196516 0.000250683
0.000197477 0.000252651
0.000198438 0.000254628
0.000199399 0.000256614
0.00020036 0.000258611
0.000201321 0.000260617
0.000202282 0.000262632
0.000203243 0.000264657
0.000204204 0.000266692
0.000205164 0.000268736
0.000206125 0.00027079
0.000207086 0.000272853
0.000208047 0.000274926
0.000209008 0.000277009
0.000209969 0.000279101
0.00021093 0.000281203
0.000211891 0.000283315
0.000212852 0.000285436
0.000213813 0.000287566
0.000214774 0.000289706
0.000215735 0.000291856
0.000216696 0.000294016
0.000217657 0.000296185
0.000218618 0.000298363
0.000219579 0.000300552
0.00022054 0.000302749
0.000221501 0.000304957
0.000222462 0.000307174
0.000223423 0.0003094
0.000224384 0.000311637
0.000225345 0.000313882
0.000226306 0.000316138
0.000227267 0.000318403
0.000228228 0.000320677
0.000229188 0.000322962
0.000230149 0.000325255
0.00023111 0.000327559
0.000232071 0.000329872
0.000233032 0.000332194
0.000233993 0.000334526
0.000234954 0.000336868
0.000235915 0.00033922
0.000236876 0.000341581
0.000237837 0.000343951
0.000238798 0.000346331
0.000239759 0.000348721
0.00024072 0.00035112
0.000241681 0.000353529
0.000242642 0.000355948
0.000243603 0.000358376
0.000244564 0.000360814
0.000245525 0.000363261
0.000246486 0.000365718
0.000247447 0.000368185
0.000248408 0.000370661
0.000249369 0.000373147
0.00025033 0.000375642
0.000251291 0.000378147
0.000252252 0.000380661
0.000253212 0.000383186
0.000254173 0.000385719
0.000255134 0.000388263
0.000256095 0.000390816
0.000257056 0.000393378
0.000258017 0.00039595
0.000258978 0.000398532
0.000259939 0.000401123
0.0002609 0.000403724
0.000261861 0.000406335
0.000262822 0.000408955
0.000263783 0.000411584
0.000264744 0.000414224
0.000265705 0.000416873
0.000266666 0.000419531
0.000267627 0.000422199
0.000268588 0.000424877
0.000269549 0.000427564
0.00027051 0.000430261
0.000271471 0.000432968
0.000272432 0.000435684
0.000273393 0.000438409
0.000274354 0.000441145
0.000275315 0.000443889
0.000276276 0.000446644
0.000277236 0.000449408
0.000278197 0.000452182
0.000279158 0.000454965
0.000280119 0.000457758
0.00028108 0.00046056
0.000282041 0.000463372
0.000283002 0.000466194
0.000283963 0.000469025
0.000284924 0.000471866
0.000285885 0.000474716
0.000286846 0.000477576
0.000287807 0.000480446
0.000288768 0.000483325
0.000289729 0.000486214
0.00029069 0.000489113
0.000291651 0.000492021
0.000292612 0.000494938
0.000293573 0.000497865
0.000294534 0.000500802
0.000295495 0.000503749
0.000296456 0.000506705
0.000297417 0.00050967
0.000298378 0.000512646
0.000299339 0.00051563
0.0003003 0.000518625
0.00030126 0.000521629
0.000302221 0.000524642
0.000303182 0.000527666
0.000304143 0.000530698
0.000305104 0.000533741
0.000306065 0.000536793
0.000307026 0.000539854
0.000307987 0.000542925
0.000308948 0.000546006
0.000309909 0.000549097
0.00031087 0.000552197
0.000311831 0.000555306
0.000312792 0.000558425
0.000313753 0.000561554
0.000314714 0.000564693
0.000315675 0.00056784
0.000316636 0.000570998
0.000317597 0.000574165
0.000318558 0.000577342
0.000319519 0.000580528
0.00032048 0.000583724
0.000321441 0.00058693
0.000322402 0.000590145
0.000323363 0.00059337
0.000324324 0.000596604
0.000325284 0.000599848
0.000326245 0.000603101
0.000327206 0.000606365
0.000328167 0.000609637
0.000329128 0.00061292
0.000330089 0.000616212
0.00033105 0.000619513
0.000332011 0.000622824
0.000332972 0.000626145
0.000333933 0.000629475
0.000334894 0.000632815
0.000335855 0.000636165
0.000336816 0.000639524
0.000337777 0.000642893
0.000338738 0.000646271
0.000339699 0.000649659
0.00034066 0.000653056
0.000341621 0.000656463
0.000342582 0.00065988
0.000343543 0.000663306
0.000344504 0.000666742
0.000345465 0.000670188
0.000346426 0.000673643
0.000347387 0.000677107
0.000348348 0.000680582
0.000349308 0.000684066
0.000350269 0.000687559
0.00035123 0.000691062
0.000352191 0.000694575
0.000353152 0.000698097
0.000354113 0.000701629
0.000355074 0.00070517
0.000356035 0.000708721
0.000356996 0.000712282
0.000357957 0.000715852
0.000358918 0.000719432
0.000359879 0.000723022
0.00036084 0.000726621
0.000361801 0.000730229
0.000362762 0.000733848
0.000363723 0.000737475
0.000364684 0.000741113
0.000365645 0.00074476
0.000366606 0.000748417
0.000367567 0.000752083
0.000368528 0.000755759
0.000369489 0.000759444
0.00037045 0.000763139
0.000371411 0.000766844
0.000372372 0.000770558
0.000373332 0.000774282
0.000374293 0.000778015
0.000375254 0.000781758
0.000376215 0.000785511
0.000377176 0.000789273
0.000378137 0.000793045
0.000379098 0.000796826
0.000380059 0.000800617
0.00038102 0.000804418
0.000381981 0.000808228
0.000382942 0.000812048
0.000383903 0.000815877
0.000384864 0.000819716
0.000385825 0.000823565
0.000386786 0.000827423
0.000387747 0.000831291
0.000388708 0.000835168
0.000389669 0.000839055
0.00039063 0.000842951
0.000391591 0.000846858
0.000392552 0.000850773
0.000393513 0.000854699
0.000394474 0.000858634
0.000395435 0.000862578
0.000396396 0.000866532
0.000397356 0.000870496
0.000398317 0.000874469
0.000399278 0.000878452
0.000400239 0.000882445
0.0004012 0.000886447
0.000402161 0.000890459
0.000403122 0.00089448
0.000404083 0.000898511
0.000405044 0.000902552
0.000406005 0.000906602
0.000406966 0.000910661
0.000407927 0.000914731
0.000408888 0.00091881
0.000409849 0.000922898
0.00041081 0.000926996
0.000411771 0.000931104
0.000412732 0.000935221
0.000413693 0.000939348
0.000414654 0.000943485
0.000415615 0.000947631
0.000416576 0.000951787
0.000417537 0.000955952
0.000418498 0.000960127
0.000419459 0.000964311
0.00042042 0.000968505
0.00042138 0.000972709
0.000422341 0.000976922
0.000423302 0.000981145
0.000424263 0.000985378
0.000425224 0.00098962
0.000426185 0.000993871
0.000427146 0.000998133
0.000428107 0.0010024
0.000429068 0.00100668
0.000430029 0.00101097
0.00043099 0.00101527
0.000431951 0.00101958
0.000432912 0.0010239
0.000433873 0.00102823
0.000434834 0.00103257
0.000435795 0.00103692
0.000436756 0.00104127
0.000437717 0.00104564
0.000438678 0.00105002
0.000439639 0.0010544
0.0004406 0.0010588
0.000441561 0.0010632
0.000442522 0.00106762
0.000443483 0.00107204
0.000444444 0.00107648
0.000445404 0.00108092
0.000446365 0.00108537
0.000447326 0.00108984
0.000448287 0.00109431
0.000449248 0.00109879
0.000450209 0.00110328
0.00045117 0.00110778
0.000452131 0.00111229
0.000453092 0.00111681
0.000454053 0.00112134
0.000455014 0.00112588
0.000455975 0.00113043
0.000456936 0.00113499
0.000457897 0.00113956
0.000458858 0.00114414
0.000459819 0.00114873
0.00046078 0.00115332
0.000461741 0.00115793
0.000462702 0.00116255
0.000463663 0.00116717
0.000464624 0.00117181
0.000465585 0.00117645
0.000466546 0.00118111
0.000467507 0.00118577
0.000468468 0.00119045
0.000469428 0.00119513
0.000470389 0.00119982
0.00047135 0.00120453
0.000472311 0.00120924
0.000473272 0.00121396
0.000474233 0.00121869
0.000475194 0.00122343
0.000476155 0.00122818
0.000477116 0.00123294
0.000478077 0.00123771
0.000479038 0.00124249
0.000479999 0.00124728
