#S 1 scored data
#N 6
#L  f1 [m]  fwhm  total_intensity  on_axis_intensity  peak_intensity  f2 [m]
10 16.8168 3.08214e-06 0.146914 0.166147 25.83
10.303 16.8168 3.11686e-06 0.154444 0.168915 25.7792
10.6061 16.8168 3.14624e-06 0.161997 0.171877 25.7267
10.9091 15.8558 3.17065e-06 0.169458 0.174803 25.6726
11.2121 15.8558 3.19053e-06 0.176658 0.179213 25.6171
11.5152 15.8558 3.20636e-06 0.183509 0.184245 25.5601
11.8182 14.8949 3.21867e-06 0.190008 0.190008 25.5013
12.1212 14.8949 3.22799e-06 0.19594 0.19594 25.4409
12.4242 14.8949 3.23485e-06 0.201273 0.201273 25.3789
12.7273 13.9339 3.23972e-06 0.205919 0.20592 25.3152
13.0303 13.9339 3.24308e-06 0.209852 0.209853 25.2496
13.3333 13.9339 3.24529e-06 0.213008 0.213008 25.1822
13.6364 13.9339 3.24669e-06 0.215294 0.215296 25.1132
13.9394 13.9339 3.24754e-06 0.21678 0.21678 25.0421
14.2424 13.9339 3.24802e-06 0.21743 0.217432 24.9692
14.5455 13.9339 3.24828e-06 0.217264 0.217264 24.8944
14.8485 13.9339 3.24841e-06 0.216334 0.216334 24.8176
15.1515 13.9339 3.24847e-06 0.214635 0.214635 24.7391
15.4545 13.9339 3.2485e-06 0.212215 0.212218 24.659
15.7576 13.9339 3.24851e-06 0.2092 0.2092 24.5769
16.0606 13.9339 3.24851e-06 0.205609 0.20562 24.4932
16.3636 14.8949 3.24851e-06 0.201521 0.201521 24.408
16.6667 14.8949 3.24851e-06 0.196981 0.196981 24.3214
16.9697 15.8558 3.24851e-06 0.192109 0.192109 24.2334
17.2727 15.8558 3.24851e-06 0.1869 0.1869 24.1447
17.5758 16.8168 3.24851e-06 0.18148 0.18148 24.0551
17.8788 16.8168 3.24851e-06 0.175871 0.175871 23.9655
18.1818 17.7778 3.24851e-06 0.170139 0.170139 23.8758
18.4848 17.7778 3.24851e-06 0.164336 0.164336 23.7871
18.7879 18.7387 3.24851e-06 0.158525 0.158527 23.6998
19.0909 19.6997 3.24851e-06 0.152742 0.152747 23.6143
19.3939 20.6606 3.24851e-06 0.147021 0.147028 23.5323
19.697 20.6606 3.24851e-06 0.141409 0.141414 23.4544
20 21.6216 3.24851e-06 0.135932 0.135937 23.3818
20.303 22.5826 3.24851e-06 0.130615 0.130618 23.3165
20.6061 23.5435 3.24851e-06 0.125493 0.125493 23.2598
20.9091 24.5045 3.24851e-06 0.120583 0.120583 23.2135
21.2121 25.4654 3.24851e-06 0.115906 0.115906 23.1803
21.5152 27.3874 3.24851e-06 0.111486 0.111487 23.162
21.8182 28.3483 3.24851e-06 0.107336 0.107336 23.1618
22.1212 29.3093 3.24851e-06 0.103474 0.103474 23.1819
22.4242 30.2702 3.24851e-06 0.0999103 0.099913 23.2257
22.7273 31.2312 3.24851e-06 0.0966599 0.0966657 23.296
23.0303 32.1922 3.24851e-06 0.0937374 0.0937401 23.3957
23.3333 33.1531 3.24851e-06 0.0911519 0.0911519 23.5276
23.6364 34.1141 3.24851e-06 0.0889099 0.0889099 23.694
23.9394 35.075 3.24851e-06 0.0870024 0.0870024 23.897
24.2424 35.075 3.24851e-06 0.0854476 0.0854544 24.1377
24.5455 36.036 3.24851e-06 0.0842604 0.0842633 24.4167
24.8485 36.036 3.24851e-06 0.0834082 0.0834208 24.7325
25.1515 36.036 3.24851e-06 0.0829199 0.0829199 25.0837
25.4545 36.036 3.24851e-06 0.0827602 0.0827602 25.4653
25.7576 36.036 3.24851e-06 0.0829309 0.0829309 25.8746
26.0606 36.036 3.24851e-06 0.083419 0.083419 26.3055
26.3636 36.036 3.24851e-06 0.0842025 0.0842025 26.7512
26.6667 35.075 3.24851e-06 0.0852624 0.0852624 27.2043
26.9697 35.075 3.24851e-06 0.0865804 0.0865872 27.658
27.2727 34.1141 3.24851e-06 0.088136 0.0881466 28.1057
27.5758 33.1531 3.24851e-06 0.0899084 0.089917 28.5426
27.8788 33.1531 3.24851e-06 0.0918718 0.0918758 28.9622
28.1818 32.1922 3.24851e-06 0.093994 0.0939943 29.3591
28.4848 31.2312 3.24851e-06 0.0962535 0.0962535 29.7296
28.7879 30.2702 3.24851e-06 0.0986241 0.0986241 30.0711
29.0909 29.3093 3.24851e-06 0.101089 0.101089 30.3832
29.3939 29.3093 3.24851e-06 0.103627 0.103627 30.6659
29.697 28.3483 3.24851e-06 0.106221 0.106221 30.9196
30 27.3874 3.24851e-06 0.108851 0.108851 31.1444
30.303 26.4264 3.24851e-06 0.111504 0.111504 31.3416
30.6061 26.4264 3.24851e-06 0.114167 0.114167 31.513
30.9091 25.4654 3.24851e-06 0.116827 0.116828 31.6601
31.2121 25.4654 3.24851e-06 0.119477 0.119479 31.7848
31.5152 24.5045 3.24851e-06 0.122108 0.122111 31.8894
31.8182 23.5435 3.24851e-06 0.124715 0.124718 31.9765
32.1212 23.5435 3.24851e-06 0.127291 0.127295 32.0478
32.4242 22.5826 3.24851e-06 0.129831 0.129836 32.1048
32.7273 22.5826 3.24851e-06 0.132332 0.132337 32.1489
33.0303 22.5826 3.24851e-06 0.13479 0.134794 32.1811
33.3333 21.6216 3.24851e-06 0.137204 0.137205 32.203
33.6364 21.6216 3.24851e-06 0.139574 0.139574 32.2162
33.9394 20.6606 3.24851e-06 0.141896 0.141896 32.2221
34.2424 20.6606 3.24851e-06 0.144169 0.144169 32.2219
34.5455 20.6606 3.24851e-06 0.146392 0.146392 32.2162
34.8485 19.6997 3.24851e-06 0.148565 0.148565 32.2055
35.1515 19.6997 3.24851e-06 0.150688 0.150688 32.1909
35.4545 19.6997 3.24851e-06 0.152762 0.152765 32.1727
35.7576 19.6997 3.24851e-06 0.154787 0.154795 32.1515
36.0606 18.7387 3.24851e-06 0.156765 0.156775 32.1277
36.3636 18.7387 3.24851e-06 0.158698 0.158706 32.1017
36.6667 18.7387 3.24851e-06 0.160584 0.160589 32.0741
36.9697 18.7387 3.24851e-06 0.162425 0.162425 32.045
37.2727 17.7778 3.24851e-06 0.164221 0.164221 32.0147
37.5758 17.7778 3.24851e-06 0.165974 0.165974 31.9833
37.8788 17.7778 3.24851e-06 0.167684 0.167684 31.9511
38.1818 17.7778 3.24851e-06 0.169348 0.169348 31.9186
38.4848 17.7778 3.24851e-06 0.170968 0.170968 31.8858
38.7879 16.8168 3.24851e-06 0.172545 0.172545 31.8528
39.0909 16.8168 3.24851e-06 0.17408 0.174085 31.8197
39.3939 16.8168 3.24851e-06 0.175576 0.175586 31.7867
39.697 16.8168 3.24851e-06 0.177038 0.17705 31.7535
40 16.8168 3.24851e-06 0.178463 0.178474 31.7204
