#S 1 scored data
#N 5
#L  distance  fwhm  total_intensity  on_axis_intensity  peak_intensity
10 449.551 3.01975e-08 0.000156712 0.000162944
10.04 450.001 3.00071e-08 4.04324e-05 0.000121488
10.0801 450.001 2.98473e-08 9.32117e-05 9.68004e-05
10.1201 449.1 2.97727e-08 0.000111401 0.000113695
10.1602 450.001 2.97114e-08 1.52022e-05 0.000143892
10.2002 450.001 2.95154e-08 0.000167844 0.000173675
10.2402 446.849 2.93408e-08 4.14956e-06 0.000168318
10.2803 448.65 2.93063e-08 0.000133072 0.000136256
10.3203 450.001 2.92225e-08 5.19396e-05 0.000110039
10.3604 450.001 2.90644e-08 8.25123e-05 9.35805e-05
10.4004 447.75 2.89135e-08 0.000107544 0.000109834
10.4404 449.1 2.88715e-08 2.07149e-05 0.000132422
10.4805 450.001 2.8802e-08 0.000150491 0.000155969
10.5205 450.001 2.85775e-08 3.60182e-06 0.000163745
10.5606 447.3 2.8467e-08 0.000146644 0.000151934
10.6006 449.1 2.84446e-08 2.07903e-05 0.00013066
10.6406 450.001 2.83288e-08 0.000108266 0.000110754
10.6807 450.001 2.81687e-08 6.56479e-05 9.41595e-05
10.7207 448.65 2.80641e-08 6.74048e-05 9.32308e-05
10.7608 450.001 2.80301e-08 0.000103427 0.000105837
10.8008 450.001 2.78902e-08 2.74415e-05 0.000121426
10.8408 446.849 2.77188e-08 0.000131086 0.000134498
10.8809 448.2 2.76798e-08 8.14344e-06 0.000144866
10.9209 450.001 2.76412e-08 0.000141904 0.000148699
10.961 450.001 2.74464e-08 6.80123e-06 0.000145877
11.001 447.3 2.73272e-08 0.000134088 0.00013814
11.041 449.1 2.73119e-08 1.75093e-05 0.000129374
11.0811 450.001 2.72107e-08 0.000116696 0.000119639
11.1211 450.001 2.70418e-08 3.47981e-05 0.000109377
11.1612 448.65 2.69744e-08 9.67997e-05 0.000101365
11.2012 450.001 2.69339e-08 5.30794e-05 9.67432e-05
11.2412 450.001 2.67919e-08 7.82954e-05 9.42739e-05
11.2813 448.2 2.66646e-08 6.87718e-05 9.36158e-05
11.3213 449.551 2.66427e-08 6.3261e-05 9.4122e-05
11.3614 450.001 2.65428e-08 8.0435e-05 9.53054e-05
11.4014 450.001 2.63957e-08 5.24053e-05 9.67048e-05
11.4414 448.65 2.63356e-08 8.78956e-05 9.81039e-05
11.4815 450.001 2.62951e-08 4.5617e-05 9.94774e-05
11.5215 450.001 2.61505e-08 9.16064e-05 0.000100213
11.5616 448.2 2.60447e-08 4.2431e-05 0.000100783
11.6016 449.551 2.60324e-08 9.20808e-05 0.000100734
11.6416 450.001 2.59194e-08 4.23896e-05 0.000100403
11.6817 447.75 2.57834e-08 8.95945e-05 9.96148e-05
11.7217 449.1 2.57608e-08 4.52423e-05 9.85488e-05
11.7618 450.001 2.56901e-08 8.41009e-05 9.73758e-05
11.8018 450.001 2.55472e-08 5.10961e-05 9.61247e-05
11.8418 448.65 2.54948e-08 7.57242e-05 9.49586e-05
11.8819 450.001 2.54598e-08 6.00173e-05 9.419e-05
11.9219 450.001 2.53249e-08 6.44273e-05 9.38006e-05
11.962 448.2 2.52442e-08 7.1657e-05 9.403e-05
12.002 450.001 2.52323e-08 5.08068e-05 9.49685e-05
12.042 450.001 2.51094e-08 8.50705e-05 9.71336e-05
12.0821 448.2 2.50103e-08 3.64516e-05 9.97887e-05
12.1221 449.551 2.50088e-08 9.79339e-05 0.000102869
12.1622 450.001 2.49039e-08 2.44535e-05 0.000105721
12.2022 447.75 2.47892e-08 0.000106451 0.000108825
12.2422 449.1 2.47905e-08 1.91056e-05 0.000110119
12.2823 450.001 2.47072e-08 0.000106072 0.000108467
12.3223 447.3 2.45832e-08 2.47545e-05 0.000103417
12.3624 449.1 2.4582e-08 9.33699e-05 9.85375e-05
12.4024 450.001 2.45107e-08 4.30882e-05 9.4207e-05
12.4424 447.75 2.43927e-08 6.92454e-05 9.14066e-05
12.4825 449.1 2.43881e-08 6.98656e-05 9.12752e-05
12.5225 450.001 2.43214e-08 4.17066e-05 9.33096e-05
12.5626 447.75 2.42066e-08 9.34777e-05 9.64282e-05
12.6026 449.1 2.42071e-08 2.49693e-05 0.000101383
12.6426 450.001 2.41436e-08 9.90454e-05 0.000101121
12.6827 447.75 2.40324e-08 3.17661e-05 9.43155e-05
12.7227 449.551 2.40373e-08 7.93e-05 9.0178e-05
12.7628 450.001 2.39677e-08 6.07483e-05 8.85128e-05
12.8028 447.75 2.38721e-08 4.60889e-05 8.9274e-05
12.8428 449.551 2.38819e-08 9.00216e-05 9.17611e-05
12.8829 450.001 2.38006e-08 2.79558e-05 9.70884e-05
12.9229 448.2 2.3722e-08 9.08732e-05 9.25544e-05
12.963 450.001 2.37335e-08 4.52233e-05 8.67749e-05
13.003 450.001 2.36417e-08 5.94812e-05 8.51119e-05
13.043 448.2 2.35896e-08 8.06932e-05 8.59029e-05
13.0831 450.001 2.35941e-08 3.19829e-05 9.24128e-05
13.1231 450.001 2.34922e-08 8.93092e-05 9.08936e-05
13.1632 448.65 2.34715e-08 4.62682e-05 8.37599e-05
13.2032 450.001 2.34554e-08 5.715e-05 8.27952e-05
13.2432 447.3 2.33588e-08 8.24767e-05 8.3852e-05
13.2833 449.1 2.33668e-08 3.3767e-05 9.03584e-05
13.3233 450.001 2.33195e-08 8.10223e-05 8.24106e-05
13.3634 448.2 2.32478e-08 5.99668e-05 7.99926e-05
13.4034 450.001 2.32668e-08 4.40462e-05 8.04061e-05
13.4434 450.001 2.31887e-08 8.65993e-05 8.80249e-05
13.4835 448.65 2.31613e-08 4.4292e-05 7.97851e-05
13.5235 450.001 2.31609e-08 5.94305e-05 7.74916e-05
13.5636 447.3 2.3077e-08 8.07268e-05 8.18453e-05
13.6036 449.1 2.30913e-08 3.94406e-05 8.48802e-05
13.6436 450.001 2.30475e-08 6.9793e-05 7.55896e-05
13.6837 448.2 2.29983e-08 7.33526e-05 7.56386e-05
13.7237 450.001 2.30173e-08 4.03542e-05 8.42721e-05
13.7638 450.001 2.2943e-08 7.41071e-05 7.54399e-05
13.8038 449.1 2.29489e-08 6.92229e-05 7.3545e-05
13.8438 450.001 2.29255e-08 4.23946e-05 8.24881e-05
13.8839 448.2 2.28744e-08 7.42563e-05 7.50619e-05
13.9239 450.001 2.28989e-08 6.91411e-05 7.23964e-05
13.964 450.001 2.28344e-08 4.3937e-05 8.13974e-05
14.004 449.1 2.28436e-08 7.13562e-05 7.26548e-05
14.044 450.001 2.28234e-08 7.22559e-05 7.30723e-05
14.0841 448.2 2.27846e-08 4.59733e-05 7.98192e-05
14.1241 450.001 2.28083e-08 6.53253e-05 7.0234e-05
14.1642 447.3 2.27503e-08 7.64357e-05 7.65735e-05
14.2042 449.551 2.27731e-08 5.1177e-05 7.48261e-05
14.2442 450.001 2.27417e-08 5.68338e-05 7.04608e-05
14.2843 448.65 2.27294e-08 7.74162e-05 7.80611e-05
14.3243 450.001 2.27397e-08 6.15063e-05 6.91431e-05
14.3644 447.75 2.26969e-08 5.04208e-05 7.68475e-05
14.4044 450.001 2.27287e-08 7.0248e-05 7.07912e-05
14.4444 450.001 2.26844e-08 7.31385e-05 7.36877e-05
14.4845 449.1 2.27072e-08 5.41826e-05 7.36942e-05
14.5245 450.001 2.26868e-08 5.73147e-05 7.07258e-05
14.5646 448.65 2.2684e-08 7.42089e-05 7.48215e-05
14.6046 450.001 2.26938e-08 6.85098e-05 6.93132e-05
14.6446 448.2 2.26684e-08 5.41849e-05 7.48976e-05
14.6847 450.001 2.26983e-08 6.08872e-05 6.89342e-05
14.7247 447.75 2.26642e-08 7.39016e-05 7.44188e-05
14.7648 449.551 2.26991e-08 6.84012e-05 6.90915e-05
14.8048 447.3 2.26704e-08 5.66324e-05 7.36e-05
14.8448 449.1 2.26984e-08 6.03419e-05 6.99959e-05
14.8849 450.001 2.26837e-08 7.18093e-05 7.22121e-05
14.9249 449.1 2.26995e-08 7.13742e-05 7.17585e-05
14.965 450.001 2.27009e-08 6.14334e-05 6.99129e-05
15.005 448.65 2.27048e-08 5.87583e-05 7.31105e-05
15.045 450.001 2.272e-08 6.66339e-05 6.86054e-05
15.0851 448.2 2.27154e-08 7.27255e-05 7.31134e-05
15.1251 450.001 2.27404e-08 6.91189e-05 6.93996e-05
15.1652 448.2 2.27311e-08 6.21606e-05 7.09513e-05
15.2052 450.001 2.27622e-08 6.1412e-05 7.21495e-05
15.2452 448.2 2.27514e-08 6.697e-05 6.90285e-05
15.2853 450.001 2.27859e-08 7.16427e-05 7.19416e-05
15.3253 447.75 2.27756e-08 7.07715e-05 7.09827e-05
15.3654 450.001 2.28117e-08 6.63961e-05 6.93824e-05
15.4054 447.75 2.28032e-08 6.36127e-05 7.18167e-05
15.4454 450.001 2.284e-08 6.49481e-05 7.08166e-05
15.4855 447.75 2.28339e-08 6.8587e-05 6.96776e-05
15.5255 450.001 2.28705e-08 7.10719e-05 7.11837e-05
15.5656 447.75 2.28675e-08 7.08781e-05 7.09018e-05
15.6056 450.001 2.29032e-08 6.90778e-05 7.0133e-05
15.6456 448.2 2.29041e-08 6.75454e-05 7.02013e-05
15.6857 450.001 2.29376e-08 6.7264e-05 7.09057e-05
15.7257 448.2 2.29437e-08 6.80069e-05 7.06941e-05
15.7658 450.001 2.29734e-08 6.90845e-05 7.05276e-05
15.8058 448.2 2.29864e-08 6.99705e-05 7.0365e-05
15.8458 450.001 2.30105e-08 7.04893e-05 7.05305e-05
15.8859 448.65 2.30319e-08 7.07419e-05 7.07756e-05
15.9259 446.849 2.30492e-08 7.0849e-05 7.08786e-05
15.966 448.65 2.30792e-08 7.0932e-05 7.0955e-05
16.006 446.849 2.30903e-08 7.10348e-05 7.10555e-05
16.046 449.1 2.3127e-08 7.11888e-05 7.11941e-05
16.0861 447.3 2.31355e-08 7.13705e-05 7.13798e-05
16.1261 437.845 2.31734e-08 7.15874e-05 7.15874e-05
16.1662 428.39 2.31856e-08 7.18083e-05 7.18123e-05
16.2062 422.987 2.32179e-08 7.20406e-05 7.20475e-05
16.2462 417.585 2.32402e-08 7.22777e-05 7.22816e-05
16.2863 412.182 2.32623e-08 7.25008e-05 7.25057e-05
16.3263 406.779 2.32956e-08 7.27176e-05 7.27181e-05
16.3664 401.376 2.33106e-08 7.29188e-05 7.29226e-05
16.4064 392.372 2.33478e-08 7.31315e-05 7.31835e-05
16.4464 391.021 2.33656e-08 7.33628e-05 7.34362e-05
16.4865 386.069 2.33958e-08 7.36356e-05 7.36587e-05
16.5265 377.064 2.3425e-08 7.39158e-05 7.39192e-05
16.5666 375.714 2.34449e-08 7.41647e-05 7.41673e-05
16.6066 370.761 2.34815e-08 7.43837e-05 7.44152e-05
16.6466 367.835 2.35015e-08 7.46409e-05 7.46603e-05
16.6867 364.908 2.35319e-08 7.4922e-05 7.49227e-05
16.7267 363.557 2.3563e-08 7.51646e-05 7.51687e-05
16.7668 359.055 2.3584e-08 7.54138e-05 7.54349e-05
16.8068 354.103 2.36193e-08 7.56978e-05 7.56978e-05
16.8468 353.202 2.36446e-08 7.59328e-05 7.59573e-05
16.8869 348.25 2.36706e-08 7.62181e-05 7.62181e-05
16.9269 347.349 2.37054e-08 7.64675e-05 7.64807e-05
16.967 342.847 2.37288e-08 7.67407e-05 7.67532e-05
17.007 341.947 2.37584e-08 7.70036e-05 7.70183e-05
17.047 337.444 2.37913e-08 7.72881e-05 7.72949e-05
17.0871 333.392 2.38152e-08 7.75508e-05 7.7563e-05
17.1271 332.492 2.38461e-08 7.78254e-05 7.78348e-05
17.1672 327.99 2.38781e-08 7.81137e-05 7.81151e-05
17.2072 327.089 2.39028e-08 7.83871e-05 7.83927e-05
17.2472 323.037 2.39336e-08 7.86675e-05 7.8676e-05
17.2873 322.137 2.39655e-08 7.89424e-05 7.896e-05
17.3273 318.535 2.39912e-08 7.92391e-05 7.92398e-05
17.3674 317.634 2.40208e-08 7.95221e-05 7.95274e-05
17.4074 313.582 2.40531e-08 7.98112e-05 7.98196e-05
17.4474 313.132 2.40801e-08 8.00958e-05 8.01129e-05
17.4875 309.08 2.41081e-08 8.03943e-05 8.04031e-05
17.5275 308.63 2.414e-08 8.06912e-05 8.07003e-05
17.5676 305.478 2.41691e-08 8.09847e-05 8.09985e-05
17.6076 304.803 2.4196e-08 8.12966e-05 8.12972e-05
17.6476 303.227 2.4226e-08 8.15894e-05 8.16001e-05
17.6877 301.877 2.42568e-08 8.19025e-05 8.19025e-05
17.7277 300.976 2.42846e-08 8.22111e-05 8.2215e-05
17.7678 299.625 2.43123e-08 8.25244e-05 8.25244e-05
17.8078 298.275 2.43423e-08 8.28264e-05 8.28344e-05
17.8478 297.374 2.4372e-08 8.31369e-05 8.31506e-05
17.8879 296.024 2.43999e-08 8.34589e-05 8.34644e-05
17.9279 295.123 2.44276e-08 8.37819e-05 8.37828e-05
17.968 294.223 2.44567e-08 8.40939e-05 8.41035e-05
18.008 292.872 2.44859e-08 8.44208e-05 8.44273e-05
18.048 291.972 2.4514e-08 8.47449e-05 8.47512e-05
18.0881 290.621 2.45415e-08 8.50678e-05 8.508e-05
18.1281 289.495 2.45695e-08 8.54122e-05 8.54161e-05
18.1682 288.37 2.45979e-08 8.57422e-05 8.57472e-05
18.2082 287.244 2.4626e-08 8.60804e-05 8.60816e-05
18.2482 286.119 2.46535e-08 8.64164e-05 8.64266e-05
18.2883 285.218 2.46808e-08 8.67615e-05 8.6764e-05
18.3283 283.867 2.47081e-08 8.7098e-05 8.71103e-05
18.3684 282.967 2.47354e-08 8.74524e-05 8.74556e-05
18.4084 281.616 2.47626e-08 8.78001e-05 8.78068e-05
18.4484 280.266 2.47895e-08 8.81545e-05 8.81602e-05
18.4885 279.365 2.48162e-08 8.85129e-05 8.85149e-05
18.5285 278.24 2.48428e-08 8.8869e-05 8.88714e-05
18.5686 277.114 2.48692e-08 8.92381e-05 8.92381e-05
18.6086 275.763 2.48954e-08 8.95909e-05 8.96003e-05
18.6486 274.863 2.49214e-08 8.99583e-05 8.99702e-05
18.6887 273.963 2.49473e-08 9.03329e-05 9.03383e-05
18.7287 272.612 2.4973e-08 9.07075e-05 9.07152e-05
18.7688 271.261 2.49985e-08 9.10893e-05 9.10893e-05
18.8088 270.361 2.50237e-08 9.14594e-05 9.14787e-05
18.8488 269.01 2.50488e-08 9.18448e-05 9.18549e-05
18.8889 268.11 2.50737e-08 9.22313e-05 9.22341e-05
18.9289 266.759 2.50985e-08 9.26264e-05 9.26291e-05
18.969 265.858 2.5123e-08 9.30117e-05 9.30223e-05
19.009 264.508 2.51473e-08 9.3418e-05 9.34186e-05
19.049 263.607 2.51714e-08 9.38146e-05 9.38158e-05
19.0891 262.257 2.51952e-08 9.42098e-05 9.42193e-05
19.1291 261.356 2.52189e-08 9.46249e-05 9.46249e-05
19.1692 260.006 2.52424e-08 9.5033e-05 9.50344e-05
19.2092 259.105 2.52656e-08 9.54476e-05 9.5453e-05
19.2492 257.754 2.52886e-08 9.58601e-05 9.58631e-05
19.2893 256.854 2.53114e-08 9.62827e-05 9.62893e-05
19.3293 255.503 2.5334e-08 9.67112e-05 9.67117e-05
19.3694 254.603 2.53563e-08 9.71402e-05 9.71452e-05
19.4094 253.252 2.53785e-08 9.75712e-05 9.75712e-05
19.4494 252.352 2.54004e-08 9.80052e-05 9.80093e-05
19.4895 251.001 2.5422e-08 9.84515e-05 9.84515e-05
19.5295 250.101 2.54434e-08 9.88811e-05 9.88958e-05
19.5696 248.75 2.54646e-08 9.93321e-05 9.93404e-05
19.6096 247.849 2.54855e-08 9.97931e-05 9.97931e-05
19.6496 246.499 2.55062e-08 0.000100245 0.000100249
19.6897 245.598 2.55267e-08 0.000100707 0.000100711
19.7297 244.248 2.55469e-08 0.000101176 0.000101176
19.7698 243.347 2.55668e-08 0.000101632 0.000101645
19.8098 241.996 2.55865e-08 0.000102111 0.00010212
19.8498 241.096 2.5606e-08 0.000102587 0.000102593
19.8899 239.745 2.56251e-08 0.000103071 0.000103075
19.9299 238.845 2.5644e-08 0.000103562 0.000103562
19.97 237.494 2.56627e-08 0.000104051 0.000104054
20.01 236.594 2.56811e-08 0.000104549 0.000104551
20.0501 235.243 2.56993e-08 0.000105043 0.000105051
20.0901 234.343 2.57171e-08 0.000105557 0.000105562
20.1301 232.992 2.57348e-08 0.000106067 0.000106067
20.1702 232.092 2.57521e-08 0.000106582 0.000106586
20.2102 230.741 2.57692e-08 0.000107096 0.000107103
20.2503 229.84 2.5786e-08 0.000107633 0.000107633
20.2903 228.49 2.58025e-08 0.000108161 0.000108162
20.3303 227.589 2.58188e-08 0.000108684 0.000108699
20.3704 226.239 2.58347e-08 0.000109238 0.000109238
20.4104 225.338 2.58505e-08 0.000109773 0.000109782
20.4505 223.987 2.58659e-08 0.00011033 0.000110336
20.4905 223.087 2.58811e-08 0.000110888 0.000110896
20.5305 221.736 2.58959e-08 0.000111453 0.000111457
20.5706 220.836 2.59105e-08 0.000112016 0.000112028
20.6106 219.485 2.59249e-08 0.000112591 0.000112598
20.6507 218.585 2.59389e-08 0.000113175 0.000113179
20.6907 217.234 2.59527e-08 0.000113763 0.000113767
20.7307 216.334 2.59662e-08 0.000114353 0.000114363
20.7708 214.983 2.59794e-08 0.000114954 0.000114964
20.8108 214.082 2.59923e-08 0.00011556 0.00011557
20.8509 212.732 2.6005e-08 0.000116178 0.000116178
20.8909 211.831 2.60173e-08 0.000116795 0.000116798
20.9309 210.481 2.60294e-08 0.00011742 0.000117434
20.971 209.58 2.60412e-08 0.000118057 0.000118057
21.011 208.23 2.60528e-08 0.00011869 0.000118696
21.0511 207.329 2.6064e-08 0.000119339 0.000119342
21.0911 205.978 2.6075e-08 0.000119991 0.000119992
21.1311 205.078 2.60857e-08 0.000120652 0.000120652
21.1712 203.727 2.60962e-08 0.000121306 0.000121327
21.2112 202.827 2.61063e-08 0.000121991 0.000121998
21.2513 201.476 2.61162e-08 0.000122677 0.00012268
21.2913 200.576 2.61258e-08 0.000123362 0.000123372
21.3313 199.225 2.61352e-08 0.000124055 0.000124069
21.3714 198.325 2.61443e-08 0.00012477 0.000124772
21.4114 196.974 2.61531e-08 0.000125483 0.000125485
21.4515 196.073 2.61617e-08 0.000126202 0.000126211
21.4915 194.723 2.617e-08 0.00012693 0.000126941
21.5315 193.822 2.6178e-08 0.00012767 0.000127679
21.5716 192.472 2.61858e-08 0.000128419 0.00012843
21.6116 191.571 2.61933e-08 0.000129172 0.000129177
21.6517 190.22 2.62007e-08 0.000129949 0.000129949
21.6917 189.095 2.62077e-08 0.000130723 0.000130723
21.7317 187.969 2.62145e-08 0.0001315 0.000131504
21.7718 186.619 2.6221e-08 0.000132286 0.000132296
21.8118 185.718 2.62274e-08 0.00013309 0.000133104
21.8519 184.368 2.62335e-08 0.000133913 0.000133919
21.8919 183.467 2.62393e-08 0.000134733 0.000134733
21.9319 182.116 2.6245e-08 0.000135566 0.000135569
21.972 181.216 2.62504e-08 0.000136407 0.00013641
22.012 179.865 2.62555e-08 0.000137261 0.000137266
22.0521 178.965 2.62605e-08 0.000138127 0.000138132
22.0921 177.614 2.62653e-08 0.000139002 0.000139006
22.1321 176.714 2.62698e-08 0.000139888 0.000139893
22.1722 175.363 2.62742e-08 0.000140789 0.000140792
22.2122 174.463 2.62783e-08 0.000141702 0.000141702
22.2523 173.112 2.62823e-08 0.000142609 0.000142626
22.2923 172.211 2.62861e-08 0.000143549 0.000143556
22.3323 170.861 2.62896e-08 0.000144497 0.000144507
22.3724 169.96 2.62931e-08 0.000145456 0.00014546
22.4124 168.61 2.62963e-08 0.000146424 0.000146428
22.4525 167.709 2.62993e-08 0.000147407 0.000147416
22.4925 166.359 2.63022e-08 0.000148411 0.000148411
22.5325 165.458 2.6305e-08 0.000149419 0.000149423
22.5726 164.107 2.63075e-08 0.000150438 0.000150446
22.6126 163.207 2.63099e-08 0.000151478 0.000151485
22.6527 161.856 2.63122e-08 0.000152538 0.000152543
22.6927 160.956 2.63143e-08 0.000153598 0.000153605
22.7327 159.605 2.63163e-08 0.000154686 0.000154691
22.7728 158.705 2.63182e-08 0.00015579 0.000155791
22.8128 157.354 2.632e-08 0.000156906 0.000156912
22.8529 156.454 2.63216e-08 0.000158033 0.000158035
22.8929 155.103 2.63231e-08 0.000159188 0.000159188
22.9329 154.202 2.63245e-08 0.000160359 0.000160359
22.973 152.852 2.63257e-08 0.000161529 0.000161529
23.013 151.951 2.63269e-08 0.000162722 0.000162724
23.0531 150.601 2.6328e-08 0.000163936 0.000163945
23.0931 149.7 2.6329e-08 0.000165172 0.000165177
23.1331 148.349 2.63299e-08 0.000166426 0.000166431
23.1732 147.449 2.63307e-08 0.000167703 0.000167703
23.2132 146.098 2.63314e-08 0.000168999 0.000168999
23.2533 145.198 2.63321e-08 0.000170303 0.000170313
23.2933 143.847 2.63326e-08 0.00017164 0.000171641
23.3333 142.947 2.63332e-08 0.000172986 0.000172999
23.3734 141.596 2.63336e-08 0.000174367 0.000174371
23.4134 140.696 2.6334e-08 0.00017576 0.00017577
23.4535 139.345 2.63343e-08 0.000177187 0.00017719
23.4935 138.444 2.63347e-08 0.000178622 0.000178628
23.5335 137.094 2.63349e-08 0.000180089 0.000180098
23.5736 136.193 2.63351e-08 0.000181587 0.000181587
23.6136 134.843 2.63353e-08 0.000183096 0.000183108
23.6537 133.942 2.63354e-08 0.000184647 0.000184647
23.6937 132.592 2.63355e-08 0.000186215 0.000186215
23.7337 131.691 2.63355e-08 0.000187803 0.000187803
23.7738 130.34 2.63356e-08 0.000189421 0.000189426
23.8138 129.44 2.63356e-08 0.000191077 0.000191077
23.8539 128.089 2.63356e-08 0.000192761 0.000192761
23.8939 127.189 2.63356e-08 0.000194467 0.000194467
23.9339 125.838 2.63356e-08 0.000196209 0.000196209
23.974 124.938 2.63357e-08 0.00019798 0.00019798
24.014 123.587 2.63356e-08 0.000199771 0.000199787
24.0541 122.687 2.63356e-08 0.000201614 0.000201616
24.0941 121.336 2.63356e-08 0.000203482 0.000203486
24.1341 120.435 2.63357e-08 0.000205384 0.000205394
24.1742 119.085 2.63357e-08 0.000207337 0.000207337
24.2142 118.184 2.63357e-08 0.000209314 0.000209314
24.2543 116.834 2.63357e-08 0.000211333 0.000211333
24.2943 115.933 2.63357e-08 0.000213387 0.000213387
24.3343 114.583 2.63356e-08 0.000215485 0.000215485
24.3744 113.682 2.63357e-08 0.000217613 0.000217615
24.4144 112.331 2.63357e-08 0.000219797 0.0002198
24.4545 111.431 2.63357e-08 0.000222023 0.000222031
24.4945 110.08 2.63357e-08 0.000224289 0.0002243
24.5345 109.18 2.63357e-08 0.000226619 0.000226619
24.5746 107.829 2.63357e-08 0.000228972 0.000228975
24.6146 106.929 2.63357e-08 0.000231393 0.000231393
24.6547 105.578 2.63357e-08 0.000233855 0.000233855
24.6947 104.678 2.63357e-08 0.000236367 0.000236377
24.7347 103.327 2.63357e-08 0.000238945 0.000238951
24.7748 102.426 2.63357e-08 0.000241587 0.00024159
24.8148 101.076 2.63357e-08 0.000244267 0.000244286
24.8549 100.175 2.63357e-08 0.000247022 0.000247032
24.8949 98.8246 2.63357e-08 0.000249834 0.000249851
24.9349 97.9242 2.63356e-08 0.00025272 0.000252723
24.975 96.5735 2.63357e-08 0.000255655 0.000255661
25.015 95.673 2.63356e-08 0.000258662 0.000258674
25.0551 94.3223 2.63356e-08 0.000261758 0.000261766
25.0951 93.1968 2.63357e-08 0.000264917 0.000264921
25.1351 92.0712 2.63357e-08 0.000268163 0.000268163
25.1752 90.7205 2.63357e-08 0.000271491 0.000271495
25.2152 89.8201 2.63357e-08 0.000274868 0.000274881
25.2553 88.4694 2.63356e-08 0.000278354 0.000278362
25.2953 87.569 2.63357e-08 0.000281941 0.000281941
25.3353 86.2183 2.63356e-08 0.000285623 0.000285627
25.3754 85.3178 2.63357e-08 0.000289386 0.000289394
25.4154 83.9671 2.63356e-08 0.000293246 0.000293246
25.4555 83.0667 2.63356e-08 0.000297217 0.000297234
25.4955 81.716 2.63356e-08 0.000301311 0.000301314
25.5355 80.8156 2.63357e-08 0.000305492 0.000305494
25.5756 79.4649 2.63357e-08 0.000309801 0.000309802
25.6156 78.5644 2.63357e-08 0.000314257 0.000314266
25.6557 77.2138 2.63357e-08 0.000318823 0.000318831
25.6957 76.3133 2.63357e-08 0.000323508 0.000323508
25.7357 74.9626 2.63357e-08 0.00032837 0.000328377
25.7758 74.0622 2.63357e-08 0.000333339 0.000333345
25.8158 72.7115 2.63357e-08 0.000338478 0.000338482
25.8559 71.811 2.63357e-08 0.000343805 0.000343805
25.8959 70.4604 2.63357e-08 0.000349235 0.000349249
25.9359 69.5599 2.63357e-08 0.000354916 0.000354925
25.976 68.2092 2.63357e-08 0.000360746 0.000360748
26.016 67.3088 2.63357e-08 0.00036677 0.00036677
26.0561 65.9581 2.63357e-08 0.000373021 0.000373023
26.0961 65.0577 2.63357e-08 0.000379421 0.000379427
26.1361 63.707 2.63357e-08 0.000386149 0.000386149
26.1762 62.8065 2.63357e-08 0.000393022 0.000393022
26.2162 61.4558 2.63357e-08 0.000400226 0.000400226
26.2563 60.5554 2.63357e-08 0.000407621 0.000407621
26.2963 59.2047 2.63357e-08 0.000415363 0.000415363
26.3363 58.3043 2.63357e-08 0.000423368 0.000423368
26.3764 56.9536 2.63357e-08 0.000431687 0.000431687
26.4164 56.0531 2.63357e-08 0.000440353 0.000440353
26.4565 54.7025 2.63357e-08 0.000449364 0.000449364
26.4965 53.802 2.63357e-08 0.000458736 0.000458736
26.5365 52.4513 2.63357e-08 0.000468534 0.000468541
26.5766 51.5509 2.63357e-08 0.000478735 0.000478735
26.6166 50.2002 2.63357e-08 0.000489453 0.000489453
26.6567 49.2997 2.63356e-08 0.000500535 0.000500542
26.6967 47.9491 2.63357e-08 0.000512288 0.000512288
26.7367 47.0486 2.63357e-08 0.000524407 0.000524415
26.7768 45.6979 2.63357e-08 0.000537365 0.00053738
26.8168 44.7975 2.63357e-08 0.00055069 0.000550704
26.8569 43.4468 2.63357e-08 0.000565005 0.00056501
26.8969 42.5464 2.63357e-08 0.000579778 0.000579778
26.9369 41.1957 2.63357e-08 0.000595571 0.000595582
26.977 40.2952 2.63356e-08 0.000612159 0.00061216
27.017 38.9445 2.63357e-08 0.000629607 0.000629607
27.0571 38.0441 2.63357e-08 0.000648365 0.000648376
27.0971 36.6934 2.63357e-08 0.000667835 0.000667835
27.1371 35.793 2.63357e-08 0.000688958 0.000688958
27.1772 34.4423 2.63357e-08 0.000711112 0.000711112
27.2172 33.5418 2.63357e-08 0.000734793 0.000734793
27.2573 32.1912 2.63357e-08 0.000760462 0.000760464
27.2973 31.2907 2.63357e-08 0.000787266 0.000787266
27.3373 29.94 2.63357e-08 0.00081677 0.00081677
27.3774 29.0396 2.63357e-08 0.000848197 0.000848197
27.4174 27.6889 2.63357e-08 0.000881816 0.000881816
27.4575 26.7884 2.63357e-08 0.000919149 0.000919149
27.4975 25.4378 2.63357e-08 0.000958663 0.000958672
27.5375 24.5373 2.63357e-08 0.00100214 0.00100214
27.5776 23.1866 2.63357e-08 0.00105049 0.00105049
27.6176 22.2862 2.63357e-08 0.00110203 0.00110204
27.6577 20.9355 2.63357e-08 0.00116017 0.00116017
27.6977 20.0351 2.63357e-08 0.00122511 0.00122512
27.7377 18.6844 2.63357e-08 0.00129543 0.00129543
27.7778 17.7839 2.63357e-08 0.00137653 0.00137653
27.8178 16.4332 2.63356e-08 0.00146848 0.00146848
27.8579 15.5328 2.63357e-08 0.00156993 0.00156993
27.8979 14.6323 2.63357e-08 0.00168995 0.00168997
27.9379 13.2817 2.63357e-08 0.0018301 0.00183011
27.978 12.3812 2.63357e-08 0.00198848 0.00198848
28.018 11.0305 2.63357e-08 0.00218176 0.00218176
28.0581 10.1301 2.63357e-08 0.00241934 0.00241934
28.0981 8.77941 2.63357e-08 0.00269775 0.00269775
28.1381 7.87896 2.63356e-08 0.00305034 0.00305034
28.1782 6.9785 2.63356e-08 0.00352052 0.00352052
28.2182 5.62783 2.63357e-08 0.00410863 0.00410863
28.2583 4.72737 2.63357e-08 0.00486877 0.00486877
28.2983 3.82692 2.63357e-08 0.00595652 0.00595652
28.3383 2.92647 2.63357e-08 0.00733229 0.00733229
28.3784 2.47624 2.63357e-08 0.0084816 0.0084816
28.4184 2.47624 2.63356e-08 0.00873763 0.00873763
28.4585 2.92647 2.63356e-08 0.00794339 0.00794339
28.4985 3.3767 2.63356e-08 0.00660167 0.00660167
28.5385 4.27715 2.63357e-08 0.005345 0.00534502
28.5786 5.1776 2.63357e-08 0.00443272 0.00443276
28.6186 6.52828 2.63357e-08 0.00378104 0.00378105
28.6587 7.42873 2.63357e-08 0.0032656 0.0032656
28.6987 8.32918 2.63357e-08 0.0028538 0.0028538
28.7387 9.67986 2.63357e-08 0.00253947 0.00253949
28.7788 10.5803 2.63357e-08 0.00229103 0.00229104
28.8188 11.4808 2.63357e-08 0.00207943 0.00207947
28.8589 12.8314 2.63357e-08 0.0018997 0.00189971
28.8989 13.7319 2.63357e-08 0.00175203 0.00175203
28.9389 15.0826 2.63357e-08 0.00162714 0.00162714
28.979 15.983 2.63356e-08 0.00151581 0.00151581
29.019 17.3337 2.63357e-08 0.00141726 0.00141726
29.0591 18.2342 2.63357e-08 0.00133253 0.00133253
29.0991 19.5848 2.63357e-08 0.00125833 0.00125833
29.1391 20.4853 2.63357e-08 0.00119051 0.00119052
29.1792 21.836 2.63357e-08 0.00112866 0.00112866
29.2192 22.7364 2.63357e-08 0.00107376 0.00107378
29.2593 24.0871 2.63357e-08 0.00102482 0.00102482
29.2993 24.9875 2.63357e-08 0.000979492 0.0009795
29.3393 26.3382 2.63357e-08 0.000937232 0.000937243
29.3794 27.2387 2.63357e-08 0.000898741 0.000898743
29.4194 28.5894 2.63357e-08 0.000863941 0.000863955
29.4595 29.4898 2.63357e-08 0.00083169 0.00083169
29.4995 30.8405 2.63356e-08 0.000801184 0.000801189
29.5395 31.7409 2.63357e-08 0.000772673 0.000772679
29.5796 33.0916 2.63357e-08 0.000746556 0.000746559
29.6196 33.9921 2.63357e-08 0.00072237 0.000722384
29.6597 35.3427 2.63357e-08 0.000699482 0.000699488
29.6997 36.2432 2.63356e-08 0.00067767 0.00067767
29.7397 37.5939 2.63357e-08 0.000657241 0.000657246
29.7798 38.4943 2.63356e-08 0.000638305 0.000638305
29.8198 39.845 2.63356e-08 0.000620508 0.000620514
29.8599 40.7455 2.63356e-08 0.000603461 0.000603474
29.8999 42.0961 2.63356e-08 0.000587128 0.00058713
29.9399 42.9966 2.63356e-08 0.000571769 0.000571769
29.98 44.3473 2.63357e-08 0.000557389 0.000557389
30.02 45.2477 2.63356e-08 0.000543746 0.000543746
30.0601 46.5984 2.63356e-08 0.000530594 0.0005306
30.1001 47.4988 2.63357e-08 0.000517943 0.000517948
30.1401 48.8495 2.63357e-08 0.000505937 0.000505937
30.1802 49.75 2.63357e-08 0.000494635 0.000494635
30.2202 51.1007 2.63357e-08 0.000483852 0.000483852
30.2603 52.0011 2.63357e-08 0.000473414 0.000473426
30.3003 53.3518 2.63357e-08 0.00046335 0.00046335
30.3403 54.2522 2.63356e-08 0.000453682 0.000453685
30.3804 55.6029 2.63357e-08 0.000444515 0.000444517
30.4204 56.5034 2.63356e-08 0.000435796 0.000435796
30.4605 57.854 2.63357e-08 0.00042737 0.00042737
30.5005 58.7545 2.63357e-08 0.000419153 0.000419163
30.5405 60.1052 2.63357e-08 0.000411225 0.000411225
30.5806 61.0056 2.63357e-08 0.00040363 0.000403635
30.6206 62.3563 2.63357e-08 0.000396388 0.000396388
30.6607 63.2568 2.63357e-08 0.000389433 0.000389433
30.7007 64.6074 2.63357e-08 0.000382649 0.000382665
30.7407 65.5079 2.63357e-08 0.000376051 0.000376052
30.7808 66.8586 2.63357e-08 0.000369659 0.000369661
30.8208 67.759 2.63357e-08 0.000363519 0.000363521
30.8609 69.1097 2.63357e-08 0.000357649 0.000357655
30.9009 70.0101 2.63356e-08 0.000351961 0.000351961
30.9409 71.3608 2.63357e-08 0.000346405 0.000346412
30.981 72.2613 2.63356e-08 0.000340982 0.00034099
31.021 73.612 2.63357e-08 0.00033573 0.000335735
31.0611 74.5124 2.63356e-08 0.000330666 0.000330677
31.1011 75.8631 2.63356e-08 0.000325791 0.000325791
31.1411 76.7635 2.63357e-08 0.000321052 0.000321053
31.1812 78.1142 2.63357e-08 0.000316432 0.000316462
31.2212 79.0147 2.63357e-08 0.000311918 0.000311928
31.2613 80.3653 2.63356e-08 0.000307519 0.000307519
31.3013 81.2658 2.63357e-08 0.000303257 0.000303257
31.3413 82.6165 2.63356e-08 0.000299121 0.000299124
31.3814 83.5169 2.63357e-08 0.000295132 0.000295141
31.4214 84.8676 2.63357e-08 0.00029124 0.000291244
31.4615 85.7681 2.63357e-08 0.000287409 0.000287437
31.5015 87.1187 2.63357e-08 0.000283676 0.000283676
31.5415 88.0192 2.63357e-08 0.000280015 0.00028003
31.5816 89.3699 2.63357e-08 0.000276479 0.0002765
31.6216 90.2703 2.63356e-08 0.000273073 0.000273073
31.6617 91.621 2.63357e-08 0.000269728 0.000269738
31.7017 92.5214 2.63356e-08 0.000266479 0.000266479
31.7417 93.8721 2.63356e-08 0.000263268 0.000263269
31.7818 94.7726 2.63357e-08 0.000260132 0.000260132
31.8218 96.1233 2.63357e-08 0.000257055 0.000257062
31.8619 97.0237 2.63356e-08 0.000254077 0.000254078
31.9019 98.3744 2.63356e-08 0.000251187 0.000251187
31.9419 99.2748 2.63356e-08 0.000248355 0.000248367
31.982 100.626 2.63356e-08 0.000245604 0.000245604
32.022 101.526 2.63356e-08 0.000242859 0.000242874
32.0621 102.877 2.63357e-08 0.000240203 0.000240203
32.1021 103.777 2.63357e-08 0.000237571 0.000237582
32.1421 105.128 2.63357e-08 0.000235015 0.000235032
32.1822 106.028 2.63356e-08 0.000232522 0.00023254
32.2222 107.379 2.63357e-08 0.000230111 0.000230112
32.2623 108.279 2.63357e-08 0.000227752 0.000227752
32.3023 109.63 2.63357e-08 0.000225401 0.000225403
32.3423 110.53 2.63357e-08 0.000223108 0.000223111
32.3824 111.881 2.63356e-08 0.00022085 0.00022085
32.4224 112.782 2.63357e-08 0.000218635 0.000218638
32.4625 114.132 2.63357e-08 0.00021648 0.00021648
32.5025 115.033 2.63357e-08 0.000214365 0.00021437
32.5425 116.383 2.63356e-08 0.000212285 0.000212298
32.5826 117.284 2.63356e-08 0.000210284 0.000210284
32.6226 118.635 2.63356e-08 0.000208277 0.000208282
32.6627 119.535 2.63356e-08 0.000206316 0.000206317
32.7027 120.886 2.63356e-08 0.000204387 0.000204404
32.7427 121.786 2.63356e-08 0.000202488 0.000202496
32.7828 123.137 2.63356e-08 0.00020063 0.000200633
32.8228 124.037 2.63356e-08 0.000198794 0.000198815
32.8629 125.388 2.63356e-08 0.000197033 0.000197041
32.9029 126.288 2.63355e-08 0.000195308 0.000195308
32.9429 127.639 2.63355e-08 0.000193585 0.000193593
32.983 128.54 2.63355e-08 0.00019189 0.000191912
33.023 129.89 2.63355e-08 0.000190193 0.000190227
33.0631 131.241 2.63354e-08 0.000188557 0.000188569
33.1031 132.141 2.63353e-08 0.000186953 0.000186969
33.1431 133.492 2.63352e-08 0.000185365 0.000185379
33.1832 134.392 2.63351e-08 0.000183825 0.000183826
33.2232 135.743 2.6335e-08 0.000182307 0.000182307
33.2633 136.644 2.63348e-08 0.000180813 0.000180828
33.3033 137.544 2.63346e-08 0.000179338 0.000179345
33.3433 138.895 2.63344e-08 0.000177876 0.000177879
33.3834 140.245 2.63341e-08 0.000176442 0.000176447
33.4234 141.146 2.63338e-08 0.000175028 0.000175038
33.4635 142.497 2.63334e-08 0.00017362 0.000173634
33.5035 143.397 2.6333e-08 0.000172273 0.000172277
33.5435 144.748 2.63324e-08 0.000170942 0.000170942
33.5836 145.648 2.63318e-08 0.0001696 0.000169622
33.6236 146.999 2.63312e-08 0.000168309 0.000168321
33.6637 147.899 2.63304e-08 0.000167036 0.000167042
33.7037 149.25 2.63295e-08 0.000165772 0.000165787
33.7437 150.15 2.63285e-08 0.000164525 0.000164532
33.7838 151.501 2.63275e-08 0.000163299 0.000163299
33.8238 152.402 2.63263e-08 0.000162097 0.000162104
33.8639 153.752 2.63251e-08 0.000160901 0.000160901
33.9039 154.653 2.63237e-08 0.000159722 0.000159744
33.9439 156.003 2.63223e-08 0.000158568 0.000158576
33.984 156.904 2.63207e-08 0.000157432 0.000157441
34.024 158.254 2.6319e-08 0.000156325 0.000156334
34.0641 159.155 2.63172e-08 0.00015523 0.00015523
34.1041 160.506 2.63153e-08 0.000154136 0.000154136
34.1441 161.406 2.63132e-08 0.000153057 0.000153057
34.1842 162.757 2.63111e-08 0.000151991 0.000151994
34.2242 163.657 2.63087e-08 0.000150931 0.000150943
34.2643 165.008 2.63063e-08 0.000149895 0.000149898
34.3043 165.908 2.63036e-08 0.000148879 0.000148885
34.3443 167.259 2.63008e-08 0.000147887 0.000147891
34.3844 168.159 2.62978e-08 0.000146887 0.000146898
34.4244 169.51 2.62946e-08 0.000145918 0.000145929
34.4645 170.411 2.62913e-08 0.000144959 0.000144959
34.5045 171.761 2.62878e-08 0.000144009 0.000144026
34.5445 172.662 2.62841e-08 0.000143073 0.000143073
34.5846 174.012 2.62802e-08 0.000142139 0.000142144
34.6246 174.913 2.62762e-08 0.000141214 0.000141227
34.6647 176.263 2.62719e-08 0.00014032 0.00014032
34.7047 177.164 2.62675e-08 0.000139421 0.000139431
34.7447 178.515 2.62628e-08 0.00013853 0.00013854
34.7848 179.415 2.6258e-08 0.000137658 0.000137678
34.8248 180.766 2.62529e-08 0.000136818 0.00013682
34.8649 181.666 2.62476e-08 0.000135964 0.000135973
34.9049 183.017 2.6242e-08 0.000135132 0.000135142
34.9449 183.917 2.62363e-08 0.000134307 0.000134313
34.985 185.268 2.62303e-08 0.000133488 0.000133498
35.025 186.168 2.62241e-08 0.000132682 0.000132688
35.0651 187.519 2.62176e-08 0.00013189 0.000131893
35.1051 188.42 2.6211e-08 0.000131093 0.000131095
35.1451 189.77 2.6204e-08 0.000130313 0.000130313
35.1852 190.671 2.61969e-08 0.000129531 0.000129538
35.2252 192.021 2.61894e-08 0.000128777 0.000128782
35.2653 192.922 2.61818e-08 0.000128021 0.000128028
35.3053 194.273 2.61739e-08 0.000127286 0.0001273
35.3453 195.173 2.61657e-08 0.000126546 0.000126563
35.3854 196.524 2.61572e-08 0.000125825 0.000125834
35.4254 197.424 2.61485e-08 0.000125115 0.000125117
35.4655 198.775 2.61396e-08 0.000124412 0.000124414
35.5055 199.675 2.61303e-08 0.000123701 0.000123701
35.5455 201.026 2.61208e-08 0.000123014 0.000123014
35.5856 201.926 2.6111e-08 0.000122311 0.000122322
35.6256 203.277 2.6101e-08 0.000121634 0.000121641
35.6657 204.177 2.60907e-08 0.000120957 0.000120965
35.7057 205.528 2.60801e-08 0.000120297 0.000120306
35.7457 206.429 2.60693e-08 0.000119638 0.000119648
35.7858 207.779 2.60582e-08 0.000118996 0.000119001
35.8258 208.68 2.60468e-08 0.000118352 0.000118363
35.8659 210.03 2.60351e-08 0.000117722 0.000117728
35.9059 210.931 2.60232e-08 0.000117093 0.000117104
35.9459 212.282 2.60109e-08 0.000116468 0.000116476
35.986 213.182 2.59984e-08 0.000115852 0.000115871
36.026 214.533 2.59856e-08 0.000115245 0.000115252
36.0661 215.433 2.59725e-08 0.000114643 0.00011465
36.1061 216.784 2.59591e-08 0.000114046 0.000114057
36.1461 218.134 2.59455e-08 0.000113452 0.000113462
36.1862 219.035 2.59316e-08 0.000112859 0.000112881
36.2262 220.386 2.59174e-08 0.000112293 0.000112295
36.2663 221.286 2.59029e-08 0.00011172 0.000111731
36.3063 222.637 2.58882e-08 0.000111148 0.000111151
36.3463 223.537 2.58732e-08 0.00011061 0.00011061
36.3864 224.888 2.58579e-08 0.000110052 0.000110052
36.4264 225.788 2.58423e-08 0.0001095 0.000109501
36.4665 227.139 2.58264e-08 0.000108949 0.000108957
36.5065 228.039 2.58103e-08 0.000108416 0.000108421
36.5465 229.165 2.57939e-08 0.000107882 0.000107882
36.5866 230.291 2.57772e-08 0.00010736 0.000107361
36.6266 231.641 2.57603e-08 0.000106834 0.000106834
36.6667 232.542 2.5743e-08 0.000106301 0.000106315
36.7067 233.892 2.57256e-08 0.00010579 0.000105797
36.7467 234.793 2.57078e-08 0.000105285 0.000105289
36.7868 236.144 2.56898e-08 0.000104779 0.000104779
36.8268 237.044 2.56715e-08 0.000104288 0.000104293
36.8669 238.395 2.5653e-08 0.0001038 0.0001038
36.9069 239.295 2.56342e-08 0.000103294 0.000103307
36.9469 240.646 2.56151e-08 0.000102819 0.00010283
36.987 241.546 2.55958e-08 0.000102342 0.000102355
37.027 242.897 2.55762e-08 0.000101865 0.000101873
37.0671 243.797 2.55563e-08 0.00010139 0.0001014
37.1071 245.148 2.55363e-08 0.000100923 0.000100937
37.1471 246.049 2.5516e-08 0.00010047 0.000100473
37.1872 247.399 2.54954e-08 0.000100008 0.000100008
37.2272 248.3 2.54746e-08 9.95536e-05 9.95557e-05
37.2673 249.65 2.54535e-08 9.90951e-05 9.91093e-05
37.3073 250.551 2.54322e-08 9.86642e-05 9.86642e-05
37.3473 251.901 2.54107e-08 9.82028e-05 9.82148e-05
37.3874 252.802 2.53889e-08 9.77677e-05 9.77854e-05
37.4274 254.153 2.53669e-08 9.73361e-05 9.73458e-05
37.4675 255.053 2.53446e-08 9.69205e-05 9.69205e-05
37.5075 256.404 2.53222e-08 9.64802e-05 9.64917e-05
37.5475 257.304 2.52995e-08 9.60594e-05 9.60716e-05
37.5876 258.655 2.52766e-08 9.5649e-05 9.56519e-05
37.6276 259.555 2.52535e-08 9.52318e-05 9.52318e-05
37.6677 260.906 2.52301e-08 9.48242e-05 9.48268e-05
37.7077 261.806 2.52065e-08 9.43991e-05 9.44203e-05
37.7477 263.157 2.51828e-08 9.40079e-05 9.40145e-05
37.7878 264.058 2.51588e-08 9.36028e-05 9.36129e-05
37.8278 265.408 2.51345e-08 9.32087e-05 9.32097e-05
37.8679 266.309 2.51102e-08 9.28234e-05 9.28234e-05
37.9079 267.659 2.50855e-08 9.24199e-05 9.24286e-05
37.9479 268.56 2.50607e-08 9.20287e-05 9.20399e-05
37.988 269.91 2.50357e-08 9.16472e-05 9.16539e-05
38.028 270.811 2.50105e-08 9.12632e-05 9.12701e-05
38.0681 272.162 2.49851e-08 9.08862e-05 9.08983e-05
38.1081 273.062 2.49595e-08 9.05136e-05 9.05194e-05
38.1481 274.413 2.49338e-08 9.01233e-05 9.0143e-05
38.1882 275.313 2.49078e-08 8.97719e-05 8.97738e-05
38.2282 276.664 2.48817e-08 8.94013e-05 8.94085e-05
38.2683 277.564 2.48554e-08 8.90427e-05 8.90531e-05
38.3083 278.915 2.48289e-08 8.86736e-05 8.86861e-05
38.3483 279.815 2.48022e-08 8.83236e-05 8.83283e-05
38.3884 281.166 2.47754e-08 8.79649e-05 8.79806e-05
38.4284 282.067 2.47484e-08 8.76219e-05 8.76291e-05
38.4685 283.417 2.47212e-08 8.72766e-05 8.72829e-05
38.5085 284.318 2.46939e-08 8.69402e-05 8.69402e-05
38.5485 285.668 2.46664e-08 8.65963e-05 8.65963e-05
38.5886 286.569 2.46387e-08 8.62486e-05 8.62486e-05
38.6286 287.92 2.4611e-08 8.59001e-05 8.59055e-05
38.6687 288.82 2.4583e-08 8.55754e-05 8.5579e-05
38.7087 290.171 2.45549e-08 8.52322e-05 8.52397e-05
38.7487 291.071 2.45267e-08 8.49025e-05 8.49064e-05
38.7888 292.422 2.44983e-08 8.45874e-05 8.45874e-05
38.8288 293.322 2.44698e-08 8.42609e-05 8.42613e-05
38.8689 294.673 2.44411e-08 8.39338e-05 8.39338e-05
38.9089 295.573 2.44123e-08 8.36077e-05 8.36104e-05
38.9489 296.924 2.43833e-08 8.32883e-05 8.33028e-05
38.989 297.824 2.43543e-08 8.29762e-05 8.29834e-05
39.029 299.175 2.43251e-08 8.26511e-05 8.26765e-05
39.0691 300.076 2.42958e-08 8.23591e-05 8.23648e-05
39.1091 301.426 2.42663e-08 8.20468e-05 8.20521e-05
39.1491 302.327 2.42368e-08 8.17414e-05 8.17478e-05
39.1892 303.677 2.42071e-08 8.14355e-05 8.14455e-05
39.2292 304.578 2.41773e-08 8.11362e-05 8.11386e-05
39.2693 305.929 2.41474e-08 8.08349e-05 8.08527e-05
39.3093 306.829 2.41174e-08 8.05425e-05 8.05427e-05
39.3493 308.18 2.40873e-08 8.02506e-05 8.02508e-05
39.3894 309.08 2.4057e-08 7.99614e-05 7.9964e-05
39.4294 310.431 2.40267e-08 7.96768e-05 7.96768e-05
39.4695 311.331 2.39963e-08 7.93756e-05 7.93762e-05
39.5095 312.682 2.39658e-08 7.9091e-05 7.90921e-05
39.5495 313.582 2.39351e-08 7.87966e-05 7.8805e-05
39.5896 314.933 2.39044e-08 7.85213e-05 7.85247e-05
39.6296 316.284 2.38736e-08 7.82428e-05 7.82452e-05
39.6697 317.184 2.38427e-08 7.79612e-05 7.79691e-05
39.7097 318.535 2.38117e-08 7.76796e-05 7.76907e-05
39.7497 319.435 2.37806e-08 7.7412e-05 7.74149e-05
39.7898 320.561 2.37495e-08 7.71304e-05 7.71448e-05
39.8298 321.686 2.37182e-08 7.6875e-05 7.6878e-05
39.8699 323.037 2.36869e-08 7.65946e-05 7.66151e-05
39.9099 323.938 2.36555e-08 7.63414e-05 7.63414e-05
39.9499 325.288 2.36241e-08 7.60774e-05 7.60804e-05
39.99 326.189 2.35925e-08 7.58087e-05 7.58208e-05
40.03 327.539 2.35609e-08 7.55454e-05 7.55511e-05
40.0701 328.44 2.35292e-08 7.52924e-05 7.52939e-05
40.1101 329.565 2.34975e-08 7.50237e-05 7.5039e-05
40.1502 330.691 2.34657e-08 7.47746e-05 7.47808e-05
40.1902 332.042 2.34339e-08 7.45191e-05 7.45287e-05
40.2302 332.942 2.34019e-08 7.42618e-05 7.42692e-05
40.2703 334.293 2.337e-08 7.40225e-05 7.40233e-05
40.3103 335.193 2.33379e-08 7.37587e-05 7.37699e-05
40.3504 336.544 2.33058e-08 7.35205e-05 7.35224e-05
40.3904 337.444 2.32737e-08 7.32708e-05 7.32794e-05
40.4304 338.795 2.32415e-08 7.30258e-05 7.30309e-05
40.4705 339.696 2.32093e-08 7.27885e-05 7.2795e-05
40.5105 341.046 2.3177e-08 7.2542e-05 7.25518e-05
40.5506 341.947 2.31447e-08 7.23052e-05 7.2314e-05
40.5906 343.297 2.31123e-08 7.20662e-05 7.20766e-05
40.6306 344.198 2.30799e-08 7.18392e-05 7.18415e-05
40.6707 345.548 2.30474e-08 7.16062e-05 7.16126e-05
40.7107 346.449 2.30149e-08 7.13669e-05 7.13714e-05
40.7508 347.8 2.29824e-08 7.11395e-05 7.11494e-05
40.7908 348.7 2.29499e-08 7.09101e-05 7.09117e-05
40.8308 350.051 2.29172e-08 7.06757e-05 7.06836e-05
40.8709 350.951 2.28847e-08 7.04574e-05 7.04575e-05
40.9109 352.302 2.2852e-08 7.022e-05 7.02294e-05
40.951 353.202 2.28193e-08 7.00015e-05 7.00024e-05
40.991 354.553 2.27866e-08 6.97761e-05 6.97805e-05
41.031 355.453 2.27539e-08 6.95557e-05 6.95604e-05
41.0711 356.804 2.27212e-08 6.93375e-05 6.93441e-05
41.1111 357.705 2.26884e-08 6.91161e-05 6.91196e-05
41.1512 359.055 2.26556e-08 6.88941e-05 6.89106e-05
41.1912 359.956 2.26228e-08 6.86883e-05 6.86887e-05
41.2312 361.306 2.25899e-08 6.84558e-05 6.84752e-05
41.2713 362.207 2.25571e-08 6.82538e-05 6.82605e-05
41.3113 363.557 2.25242e-08 6.80391e-05 6.80461e-05
41.3514 364.458 2.24913e-08 6.7829e-05 6.7834e-05
41.3914 365.809 2.24585e-08 6.76328e-05 6.76328e-05
41.4314 366.709 2.24256e-08 6.74121e-05 6.74239e-05
41.4715 368.06 2.23927e-08 6.72152e-05 6.72152e-05
41.5115 368.96 2.23598e-08 6.7e-05 6.70109e-05
41.5516 370.311 2.23269e-08 6.68026e-05 6.68058e-05
41.5916 371.211 2.2294e-08 6.65896e-05 6.6608e-05
41.6316 372.562 2.22611e-08 6.63942e-05 6.64033e-05
41.6717 373.462 2.22281e-08 6.61954e-05 6.62031e-05
41.7117 374.813 2.21952e-08 6.60011e-05 6.60059e-05
41.7518 375.714 2.21623e-08 6.58019e-05 6.5806e-05
41.7918 377.064 2.21294e-08 6.56043e-05 6.56064e-05
41.8318 377.965 2.20965e-08 6.54042e-05 6.54116e-05
41.8719 379.315 2.20635e-08 6.52185e-05 6.52204e-05
41.9119 380.441 2.20306e-08 6.5025e-05 6.50272e-05
41.952 381.567 2.19977e-08 6.48233e-05 6.48292e-05
41.992 382.467 2.19648e-08 6.46356e-05 6.46491e-05
42.032 383.818 2.19319e-08 6.44416e-05 6.44499e-05
42.0721 384.718 2.1899e-08 6.42524e-05 6.42618e-05
42.1121 386.069 2.18662e-08 6.40623e-05 6.40691e-05
42.1522 386.969 2.18333e-08 6.38837e-05 6.38847e-05
42.1922 388.32 2.18005e-08 6.3696e-05 6.36984e-05
42.2322 389.445 2.17676e-08 6.35061e-05 6.35153e-05
42.2723 390.571 2.17348e-08 6.33272e-05 6.33322e-05
42.3123 391.697 2.1702e-08 6.31393e-05 6.31506e-05
42.3524 392.822 2.16692e-08 6.29591e-05 6.29667e-05
42.3924 393.723 2.16364e-08 6.27819e-05 6.27862e-05
42.4324 395.073 2.16037e-08 6.26003e-05 6.26093e-05
42.4725 395.974 2.1571e-08 6.24265e-05 6.2432e-05
42.5125 397.324 2.15382e-08 6.22451e-05 6.22531e-05
42.5526 398.225 2.15055e-08 6.20856e-05 6.20856e-05
42.5926 399.576 2.14729e-08 6.18985e-05 6.19027e-05
42.6326 400.476 2.14402e-08 6.17239e-05 6.17275e-05
42.6727 401.827 2.14076e-08 6.15542e-05 6.15572e-05
42.7127 402.952 2.1375e-08 6.13745e-05 6.1391e-05
42.7528 404.078 2.13424e-08 6.12087e-05 6.12208e-05
42.7928 405.429 2.13099e-08 6.1042e-05 6.10442e-05
42.8328 406.329 2.12773e-08 6.08698e-05 6.08719e-05
42.8729 407.229 2.12448e-08 6.07076e-05 6.07091e-05
42.9129 408.58 2.12124e-08 6.05319e-05 6.05412e-05
42.953 409.931 2.11799e-08 6.0367e-05 6.03734e-05
42.993 410.831 2.11475e-08 6.0201e-05 6.0201e-05
43.033 412.182 2.11151e-08 6.00411e-05 6.00411e-05
43.0731 413.082 2.10828e-08 5.98775e-05 5.98803e-05
43.1131 414.433 2.10504e-08 5.97043e-05 5.97153e-05
43.1532 415.333 2.10181e-08 5.95482e-05 5.95524e-05
43.1932 416.684 2.09859e-08 5.93767e-05 5.93886e-05
43.2332 417.585 2.09537e-08 5.92202e-05 5.92326e-05
43.2733 418.935 2.09215e-08 5.90581e-05 5.90672e-05
43.3133 419.836 2.08893e-08 5.8901e-05 5.8905e-05
43.3534 421.186 2.08572e-08 5.87427e-05 5.87549e-05
43.3934 422.087 2.08251e-08 5.8587e-05 5.85956e-05
43.4334 423.438 2.07931e-08 5.84314e-05 5.84412e-05
43.4735 424.338 2.07611e-08 5.82787e-05 5.82812e-05
43.5135 425.464 2.07291e-08 5.81155e-05 5.81343e-05
43.5536 426.589 2.06972e-08 5.7965e-05 5.79806e-05
43.5936 427.94 2.06653e-08 5.78143e-05 5.78218e-05
43.6336 428.84 2.06334e-08 5.76703e-05 5.76716e-05
43.6737 430.191 2.06016e-08 5.75121e-05 5.75225e-05
43.7137 431.091 2.05698e-08 5.73608e-05 5.73689e-05
43.7538 432.442 2.05381e-08 5.72147e-05 5.72205e-05
43.7938 433.343 2.05064e-08 5.70686e-05 5.70741e-05
43.8338 434.693 2.04747e-08 5.69145e-05 5.69281e-05
43.8739 435.594 2.04431e-08 5.67729e-05 5.67782e-05
43.9139 436.944 2.04115e-08 5.66261e-05 5.66294e-05
43.954 437.845 2.038e-08 5.6472e-05 5.64855e-05
43.994 439.195 2.03485e-08 5.63342e-05 5.63418e-05
44.034 440.096 2.03171e-08 5.61972e-05 5.61972e-05
44.0741 441.447 2.02857e-08 5.6049e-05 5.60537e-05
44.1141 442.347 2.02543e-08 5.59045e-05 5.59095e-05
44.1542 443.698 2.0223e-08 5.57611e-05 5.5768e-05
44.1942 444.598 2.01918e-08 5.5621e-05 5.56238e-05
44.2342 445.949 2.01606e-08 5.54787e-05 5.54849e-05
44.2743 446.849 2.01294e-08 5.5346e-05 5.53466e-05
44.3143 448.2 2.00983e-08 5.51992e-05 5.52066e-05
44.3544 449.1 2.00672e-08 5.50596e-05 5.50679e-05
44.3944 450.001 2.00362e-08 5.49188e-05 5.4926e-05
44.4344 450.001 2.00052e-08 5.47903e-05 5.47903e-05
44.4745 450.001 1.99743e-08 5.46462e-05 5.4652e-05
44.5145 450.001 1.99434e-08 5.45112e-05 5.45179e-05
44.5546 450.001 1.99125e-08 5.43713e-05 5.4379e-05
44.5946 450.001 1.98818e-08 5.42476e-05 5.42488e-05
44.6346 450.001 1.9851e-08 5.41016e-05 5.41155e-05
44.6747 450.001 1.98204e-08 5.397e-05 5.39812e-05
44.7147 450.001 1.97897e-08 5.3846e-05 5.38493e-05
44.7548 450.001 1.97592e-08 5.37099e-05 5.37178e-05
44.7948 450.001 1.97286e-08 5.35835e-05 5.35837e-05
44.8348 450.001 1.96981e-08 5.34465e-05 5.34555e-05
44.8749 450.001 1.96677e-08 5.33246e-05 5.33246e-05
44.9149 450.001 1.96373e-08 5.31855e-05 5.31939e-05
44.955 450.001 1.9607e-08 5.30632e-05 5.30677e-05
44.995 450.001 1.95767e-08 5.29367e-05 5.29389e-05
45.035 450.001 1.95465e-08 5.28035e-05 5.2811e-05
45.0751 450.001 1.95163e-08 5.26797e-05 5.26859e-05
45.1151 450.001 1.94862e-08 5.25542e-05 5.25608e-05
45.1552 450.001 1.94561e-08 5.24308e-05 5.24339e-05
45.1952 450.001 1.94261e-08 5.23041e-05 5.23091e-05
45.2352 450.001 1.93962e-08 5.21857e-05 5.21857e-05
45.2753 450.001 1.93663e-08 5.20577e-05 5.2062e-05
45.3153 450.001 1.93364e-08 5.19295e-05 5.19386e-05
45.3554 450.001 1.93066e-08 5.18135e-05 5.18186e-05
45.3954 450.001 1.92769e-08 5.1684e-05 5.16926e-05
45.4354 450.001 1.92472e-08 5.15678e-05 5.15809e-05
45.4755 450.001 1.92175e-08 5.1447e-05 5.14516e-05
45.5155 450.001 1.9188e-08 5.13204e-05 5.13302e-05
45.5556 450.001 1.91584e-08 5.12015e-05 5.12122e-05
45.5956 450.001 1.9129e-08 5.1083e-05 5.10944e-05
45.6356 450.001 1.90996e-08 5.09674e-05 5.09732e-05
45.6757 450.001 1.90702e-08 5.0847e-05 5.08558e-05
45.7157 450.001 1.90409e-08 5.07283e-05 5.07363e-05
45.7558 450.001 1.90117e-08 5.06144e-05 5.06184e-05
45.7958 450.001 1.89825e-08 5.04832e-05 5.05007e-05
45.8358 450.001 1.89533e-08 5.03731e-05 5.03904e-05
45.8759 450.001 1.89242e-08 5.02644e-05 5.02728e-05
45.9159 450.001 1.88952e-08 5.01426e-05 5.01578e-05
45.956 450.001 1.88662e-08 5.0032e-05 5.00392e-05
45.996 450.001 1.88373e-08 4.99247e-05 4.99247e-05
46.036 450.001 1.88085e-08 4.98017e-05 4.98121e-05
46.0761 450.001 1.87796e-08 4.96937e-05 4.96997e-05
46.1161 450.001 1.87509e-08 4.9583e-05 4.95878e-05
46.1562 450.001 1.87222e-08 4.94662e-05 4.94763e-05
46.1962 450.001 1.86936e-08 4.93666e-05 4.93666e-05
46.2362 450.001 1.8665e-08 4.92481e-05 4.92557e-05
46.2763 450.001 1.86365e-08 4.91355e-05 4.91414e-05
46.3163 450.001 1.8608e-08 4.90286e-05 4.90429e-05
46.3564 450.001 1.85796e-08 4.89158e-05 4.89255e-05
46.3964 450.001 1.85513e-08 4.88104e-05 4.88194e-05
46.4364 450.001 1.8523e-08 4.86999e-05 4.87123e-05
46.4765 450.001 1.84948e-08 4.85969e-05 4.86006e-05
46.5165 450.001 1.84666e-08 4.84843e-05 4.84946e-05
46.5566 450.001 1.84385e-08 4.83818e-05 4.83851e-05
46.5966 450.001 1.84104e-08 4.828e-05 4.82816e-05
46.6366 450.001 1.83824e-08 4.81653e-05 4.81771e-05
46.6767 450.001 1.83545e-08 4.80565e-05 4.80675e-05
46.7167 450.001 1.83266e-08 4.79535e-05 4.79645e-05
46.7568 450.001 1.82988e-08 4.78543e-05 4.78582e-05
46.7968 450.001 1.8271e-08 4.77485e-05 4.77535e-05
46.8368 450.001 1.82432e-08 4.76441e-05 4.7653e-05
46.8769 450.001 1.82156e-08 4.75391e-05 4.75477e-05
46.9169 450.001 1.8188e-08 4.74371e-05 4.74384e-05
46.957 450.001 1.81604e-08 4.73357e-05 4.73443e-05
46.997 450.001 1.8133e-08 4.72351e-05 4.72412e-05
47.037 450.001 1.81056e-08 4.71381e-05 4.71381e-05
47.0771 450.001 1.80782e-08 4.7026e-05 4.70368e-05
47.1171 450.001 1.80509e-08 4.69289e-05 4.69379e-05
47.1572 450.001 1.80236e-08 4.6826e-05 4.68373e-05
47.1972 450.001 1.79964e-08 4.67245e-05 4.67346e-05
47.2372 450.001 1.79693e-08 4.66294e-05 4.66407e-05
47.2773 450.001 1.79422e-08 4.65268e-05 4.65372e-05
47.3173 450.001 1.79152e-08 4.6434e-05 4.64375e-05
47.3574 450.001 1.78882e-08 4.6329e-05 4.63434e-05
47.3974 450.001 1.78613e-08 4.62393e-05 4.62423e-05
47.4374 450.001 1.78344e-08 4.61438e-05 4.61445e-05
47.4775 450.001 1.78077e-08 4.60416e-05 4.6049e-05
47.5175 450.001 1.77809e-08 4.59373e-05 4.59555e-05
47.5576 450.001 1.77542e-08 4.58531e-05 4.58582e-05
47.5976 450.001 1.77276e-08 4.57542e-05 4.57601e-05
47.6376 450.001 1.77011e-08 4.56563e-05 4.5664e-05
47.6777 450.001 1.76746e-08 4.55575e-05 4.55701e-05
47.7177 450.001 1.76481e-08 4.54628e-05 4.54773e-05
47.7578 450.001 1.76217e-08 4.53766e-05 4.53818e-05
47.7978 450.001 1.75954e-08 4.52802e-05 4.52896e-05
47.8378 450.001 1.75691e-08 4.51894e-05 4.5193e-05
47.8779 450.001 1.75429e-08 4.50926e-05 4.51016e-05
47.9179 450.001 1.75168e-08 4.49949e-05 4.50104e-05
47.958 450.001 1.74907e-08 4.4915e-05 4.49178e-05
47.998 450.001 1.74646e-08 4.48176e-05 4.48264e-05
48.038 450.001 1.74386e-08 4.47253e-05 4.47333e-05
48.0781 450.001 1.74127e-08 4.46356e-05 4.46465e-05
48.1181 450.001 1.73868e-08 4.45464e-05 4.45538e-05
48.1582 450.001 1.7361e-08 4.44524e-05 4.44651e-05
48.1982 450.001 1.73353e-08 4.43644e-05 4.43719e-05
48.2382 450.001 1.73096e-08 4.42804e-05 4.42833e-05
48.2783 450.001 1.72839e-08 4.41867e-05 4.41958e-05
48.3183 450.001 1.72583e-08 4.41e-05 4.41019e-05
48.3584 450.001 1.72328e-08 4.40112e-05 4.40224e-05
48.3984 450.001 1.72073e-08 4.39267e-05 4.39283e-05
48.4384 450.001 1.71819e-08 4.38353e-05 4.38405e-05
48.4785 450.001 1.71566e-08 4.37425e-05 4.37561e-05
48.5185 450.001 1.71313e-08 4.36597e-05 4.3665e-05
48.5586 450.001 1.7106e-08 4.3576e-05 4.35798e-05
48.5986 450.001 1.70808e-08 4.34849e-05 4.34952e-05
48.6386 450.001 1.70557e-08 4.33976e-05 4.34076e-05
48.6787 450.001 1.70306e-08 4.33126e-05 4.33229e-05
48.7187 450.001 1.70056e-08 4.32276e-05 4.32365e-05
48.7588 450.001 1.69806e-08 4.31464e-05 4.31507e-05
48.7988 450.001 1.69557e-08 4.30633e-05 4.30661e-05
48.8388 450.001 1.69309e-08 4.29742e-05 4.29771e-05
48.8789 450.001 1.69061e-08 4.28903e-05 4.28981e-05
48.9189 450.001 1.68814e-08 4.28065e-05 4.28126e-05
48.959 450.001 1.68567e-08 4.27236e-05 4.27266e-05
48.999 450.001 1.68321e-08 4.2642e-05 4.26456e-05
49.039 450.001 1.68075e-08 4.25585e-05 4.25621e-05
49.0791 450.001 1.6783e-08 4.24677e-05 4.24821e-05
49.1191 450.001 1.67585e-08 4.23983e-05 4.23983e-05
49.1592 450.001 1.67341e-08 4.23098e-05 4.23163e-05
49.1992 450.001 1.67097e-08 4.22278e-05 4.22371e-05
49.2392 450.001 1.66854e-08 4.21428e-05 4.21531e-05
49.2793 450.001 1.66612e-08 4.20612e-05 4.20733e-05
49.3193 450.001 1.6637e-08 4.19866e-05 4.19916e-05
49.3594 450.001 1.66129e-08 4.19076e-05 4.19102e-05
49.3994 450.001 1.65888e-08 4.18298e-05 4.18315e-05
49.4394 450.001 1.65648e-08 4.17438e-05 4.17518e-05
49.4795 450.001 1.65409e-08 4.16664e-05 4.16776e-05
49.5195 450.001 1.65169e-08 4.1585e-05 4.15948e-05
49.5596 450.001 1.64931e-08 4.15052e-05 4.15148e-05
49.5996 450.001 1.64693e-08 4.14277e-05 4.14349e-05
49.6396 450.001 1.64456e-08 4.13585e-05 4.1361e-05
49.6797 450.001 1.64219e-08 4.12683e-05 4.12822e-05
49.7197 450.001 1.63982e-08 4.1193e-05 4.12053e-05
49.7598 450.001 1.63746e-08 4.11243e-05 4.11253e-05
49.7998 450.001 1.63511e-08 4.10451e-05 4.10529e-05
49.8398 450.001 1.63276e-08 4.0971e-05 4.09759e-05
49.8799 450.001 1.63042e-08 4.08846e-05 4.08988e-05
49.9199 450.001 1.62809e-08 4.08148e-05 4.08223e-05
49.96 450.001 1.62575e-08 4.07455e-05 4.07463e-05
50 450.001 1.62343e-08 4.0665e-05 4.06701e-05
