#S 1 scored data
#N 5
#L  distance  fwhm  total_intensity  on_axis_intensity  peak_intensity
10 243.347 2.46866e-06 0.0108539 0.010861
10.04 237.494 2.4602e-06 0.0108801 0.0108808
10.0801 239.745 2.45243e-06 0.0107219 0.0107245
10.1201 233.892 2.44756e-06 0.0105838 0.0109176
10.1602 228.039 2.44044e-06 0.0105885 0.0110201
10.2002 226.689 2.4335e-06 0.0107233 0.0109847
10.2402 224.888 2.42935e-06 0.0109055 0.0109108
10.2803 219.485 2.42322e-06 0.011059 0.011059
10.3203 214.082 2.41731e-06 0.0111521 0.0111553
10.3604 212.732 2.41384e-06 0.0111903 0.0111947
10.4004 211.381 2.40843e-06 0.0112005 0.0112032
10.4404 210.03 2.4037e-06 0.0112062 0.0112062
10.4805 208.68 2.40077e-06 0.0112212 0.0112453
10.5205 207.329 2.39594e-06 0.0112507 0.0113304
10.5606 202.377 2.39249e-06 0.0112936 0.0114031
10.6006 201.026 2.38983e-06 0.011347 0.0114654
10.6406 200.125 2.38567e-06 0.0114072 0.0115223
10.6807 198.775 2.38342e-06 0.0114701 0.0115777
10.7207 197.874 2.3807e-06 0.0115354 0.0116319
10.7608 193.372 2.37757e-06 0.0116019 0.0116861
10.8008 192.472 2.37606e-06 0.0116686 0.0117402
10.8408 191.571 2.37328e-06 0.0117386 0.0117944
10.8809 190.671 2.37148e-06 0.0118099 0.0118479
10.9209 189.77 2.36993e-06 0.0118818 0.0119006
10.961 188.87 2.36771e-06 0.0119573 0.0119573
11.001 184.818 2.3668e-06 0.0120304 0.0120304
11.041 183.917 2.36496e-06 0.0121012 0.0121012
11.0811 183.467 2.36391e-06 0.012168 0.012168
11.1211 182.567 2.36285e-06 0.0122285 0.0122285
11.1612 181.666 2.36157e-06 0.0122858 0.0122862
11.2012 178.515 2.36105e-06 0.0123467 0.0123604
11.2412 178.064 2.35984e-06 0.0124136 0.0124311
11.2813 177.164 2.35948e-06 0.0124879 0.0124954
11.3213 176.714 2.35859e-06 0.0125662 0.0125673
11.3614 175.813 2.3582e-06 0.0126395 0.0126395
11.4014 173.562 2.35767e-06 0.012707 0.012707
11.4414 172.662 2.35724e-06 0.0127753 0.0127825
11.4815 172.211 2.35697e-06 0.0128511 0.0128536
11.5215 171.761 2.35656e-06 0.0129296 0.0129302
11.5616 169.51 2.35645e-06 0.0130039 0.013005
11.6016 169.06 2.35611e-06 0.0130775 0.01308
11.6416 168.159 2.3561e-06 0.0131557 0.0131564
11.6817 167.259 2.35584e-06 0.0132358 0.013236
11.7217 165.908 2.35587e-06 0.0133135 0.0133137
11.7618 165.008 2.3557e-06 0.0133935 0.0133935
11.8018 164.107 2.35576e-06 0.0134754 0.0134758
11.8418 163.207 2.35566e-06 0.0135565 0.0135568
11.8819 162.306 2.35573e-06 0.0136403 0.0136403
11.9219 160.956 2.35569e-06 0.0137243 0.0137243
11.962 160.055 2.35575e-06 0.0138091 0.0138091
12.002 159.155 2.35578e-06 0.013895 0.0138959
12.042 158.254 2.35582e-06 0.0139823 0.0139824
12.0821 157.354 2.3559e-06 0.0140704 0.0140709
12.1221 156.003 2.35592e-06 0.0141594 0.01416
12.1622 155.103 2.35602e-06 0.0142506 0.0142509
12.2022 154.202 2.35605e-06 0.0143427 0.0143427
12.2422 153.302 2.35615e-06 0.0144361 0.0144361
12.2823 152.402 2.3562e-06 0.0145297 0.01453
12.3223 151.051 2.35627e-06 0.0146254 0.0146254
12.3624 150.15 2.35635e-06 0.0147216 0.014722
12.4024 149.25 2.3564e-06 0.0148196 0.0148198
12.4424 148.349 2.35647e-06 0.0149185 0.014919
12.4825 146.999 2.35653e-06 0.015019 0.0150196
12.5225 146.098 2.35658e-06 0.0151213 0.0151216
12.5626 145.198 2.35664e-06 0.0152249 0.0152251
12.6026 144.297 2.35669e-06 0.0153292 0.0153295
12.6426 143.397 2.35674e-06 0.0154359 0.0154361
12.6827 142.046 2.35679e-06 0.0155434 0.0155435
12.7227 141.146 2.35683e-06 0.0156529 0.0156536
12.7628 140.245 2.35686e-06 0.0157633 0.0157638
12.8028 139.345 2.3569e-06 0.0158757 0.0158758
12.8428 138.444 2.35694e-06 0.0159901 0.0159901
12.8829 137.094 2.35697e-06 0.0161056 0.0161056
12.9229 136.193 2.357e-06 0.0162227 0.0162232
12.963 135.293 2.35702e-06 0.0163418 0.0163419
13.003 134.392 2.35705e-06 0.0164623 0.0164626
13.043 133.492 2.35707e-06 0.016586 0.016586
13.0831 132.141 2.35709e-06 0.0167102 0.0167102
13.1231 131.241 2.35711e-06 0.0168361 0.0168361
13.1632 130.34 2.35712e-06 0.0169641 0.0169642
13.2032 129.44 2.35714e-06 0.0170946 0.0170946
13.2432 128.54 2.35715e-06 0.0172269 0.0172269
13.2833 127.189 2.35716e-06 0.01736 0.017361
13.3233 126.288 2.35717e-06 0.0174969 0.0174974
13.3634 125.388 2.35718e-06 0.0176349 0.0176357
13.4034 124.487 2.35719e-06 0.0177769 0.0177769
13.4434 123.362 2.3572e-06 0.0179188 0.0179191
13.4835 122.236 2.3572e-06 0.0180639 0.0180644
13.5235 121.336 2.35721e-06 0.0182118 0.0182121
13.5636 120.435 2.35721e-06 0.018362 0.0183622
13.6036 119.535 2.35722e-06 0.0185151 0.0185151
13.6436 118.184 2.35722e-06 0.0186699 0.0186705
13.6837 117.284 2.35722e-06 0.0188278 0.018828
13.7237 116.383 2.35723e-06 0.0189879 0.0189886
13.7638 115.483 2.35723e-06 0.0191515 0.0191515
13.8038 114.583 2.35723e-06 0.0193176 0.0193176
13.8438 113.232 2.35723e-06 0.0194865 0.0194865
13.8839 112.331 2.35723e-06 0.0196583 0.0196586
13.9239 111.431 2.35723e-06 0.019833 0.0198338
13.964 110.53 2.35723e-06 0.0200121 0.0200121
14.004 109.63 2.35723e-06 0.0201925 0.0201929
14.044 108.279 2.35724e-06 0.0203773 0.0203779
14.0841 107.379 2.35724e-06 0.020566 0.020566
14.1241 106.478 2.35724e-06 0.0207573 0.0207573
14.1642 105.578 2.35724e-06 0.0209527 0.0209527
14.2042 104.678 2.35724e-06 0.0211516 0.0211516
14.2442 103.327 2.35724e-06 0.0213543 0.0213543
14.2843 102.426 2.35724e-06 0.0215614 0.0215614
14.3243 101.526 2.35724e-06 0.021771 0.0217714
14.3644 100.626 2.35724e-06 0.0219862 0.0219862
14.4044 99.4999 2.35724e-06 0.0222052 0.0222055
14.4444 98.3744 2.35724e-06 0.0224296 0.0224296
14.4845 97.4739 2.35724e-06 0.0226576 0.0226576
14.5245 96.5735 2.35724e-06 0.0228897 0.0228897
14.5646 95.673 2.35724e-06 0.0231268 0.0231279
14.6046 94.3223 2.35724e-06 0.0233699 0.0233703
14.6446 93.4219 2.35724e-06 0.0236179 0.023618
14.6847 92.5214 2.35724e-06 0.0238706 0.0238714
14.7247 91.621 2.35724e-06 0.0241295 0.0241295
14.7648 90.7205 2.35724e-06 0.0243934 0.0243934
14.8048 89.3699 2.35724e-06 0.0246638 0.0246638
14.8448 88.4694 2.35724e-06 0.024939 0.0249399
14.8849 87.569 2.35724e-06 0.0252215 0.0252215
14.9249 86.6685 2.35724e-06 0.02551 0.0255109
14.965 85.7681 2.35724e-06 0.0258058 0.0258061
15.005 84.4174 2.35724e-06 0.0261079 0.0261079
15.045 83.5169 2.35724e-06 0.0264172 0.0264172
15.0851 82.6165 2.35724e-06 0.0267344 0.0267346
15.1251 81.716 2.35724e-06 0.0270583 0.0270586
15.1652 80.8156 2.35724e-06 0.0273914 0.0273914
15.2052 79.4649 2.35724e-06 0.0277327 0.0277327
15.2452 78.5644 2.35724e-06 0.028082 0.028082
15.2853 77.664 2.35724e-06 0.0284395 0.0284395
15.3253 76.7635 2.35724e-06 0.0288077 0.0288077
15.3654 75.8631 2.35724e-06 0.0291848 0.0291848
15.4054 74.5124 2.35724e-06 0.0295723 0.0295723
15.4454 73.612 2.35724e-06 0.0299693 0.0299696
15.4855 72.7115 2.35724e-06 0.0303779 0.0303779
15.5255 71.811 2.35724e-06 0.0307975 0.0307975
15.5656 70.6855 2.35724e-06 0.0312299 0.0312299
15.6056 69.5599 2.35724e-06 0.0316729 0.0316732
15.6456 68.6595 2.35724e-06 0.032129 0.032129
15.6857 67.759 2.35724e-06 0.0325989 0.0325989
15.7257 66.8586 2.35724e-06 0.0330826 0.0330831
15.7658 65.5079 2.35724e-06 0.033582 0.033582
15.8058 64.6074 2.35724e-06 0.0340941 0.0340945
15.8458 63.707 2.35724e-06 0.0346227 0.0346231
15.8859 62.8065 2.35724e-06 0.0351694 0.0351694
15.9259 61.9061 2.35724e-06 0.0357322 0.0357329
15.966 60.5554 2.35724e-06 0.0363162 0.0363162
16.006 59.6549 2.35724e-06 0.036917 0.036917
16.046 58.7545 2.35724e-06 0.0375363 0.0375371
16.0861 57.854 2.35724e-06 0.0381791 0.0381803
16.1261 56.9536 2.35724e-06 0.0388434 0.038844
16.1662 55.6029 2.35724e-06 0.0395327 0.0395336
16.2062 54.7025 2.35724e-06 0.0402458 0.0402463
16.2462 53.802 2.35724e-06 0.0409852 0.0409852
16.2863 52.9016 2.35724e-06 0.0417517 0.0417527
16.3263 52.0011 2.35724e-06 0.042549 0.0425509
16.3664 50.6504 2.35724e-06 0.0433771 0.0433771
16.4064 49.75 2.35724e-06 0.0442369 0.0442369
16.4464 48.8495 2.35724e-06 0.0451322 0.0451322
16.4865 47.9491 2.35724e-06 0.0460612 0.0460615
16.5265 47.0486 2.35724e-06 0.0470338 0.0470338
16.5666 45.6979 2.35724e-06 0.0480453 0.0480465
16.6066 44.7975 2.35724e-06 0.0491032 0.0491032
16.6466 43.897 2.35724e-06 0.0502069 0.0502069
16.6867 42.9966 2.35724e-06 0.0513615 0.051362
16.7267 42.0961 2.35724e-06 0.0525702 0.0525704
16.7668 40.7455 2.35724e-06 0.053837 0.0538386
16.8068 39.845 2.35724e-06 0.0551687 0.0551687
16.8468 38.9445 2.35724e-06 0.056564 0.056564
16.8869 38.0441 2.35724e-06 0.0580341 0.0580341
16.9269 37.1436 2.35724e-06 0.0595794 0.0595815
16.967 35.793 2.35724e-06 0.0612112 0.0612122
17.007 34.8925 2.35724e-06 0.0629341 0.0629355
17.047 33.9921 2.35724e-06 0.0647554 0.064757
17.0871 33.0916 2.35724e-06 0.0666881 0.0666881
17.1271 32.1912 2.35724e-06 0.0687375 0.0687375
17.1672 30.8405 2.35724e-06 0.0709133 0.0709133
17.2072 29.94 2.35724e-06 0.0732347 0.0732347
17.2472 29.0396 2.35724e-06 0.0757096 0.0757105
17.2873 28.1391 2.35724e-06 0.0783556 0.0783564
17.3273 27.2387 2.35724e-06 0.0811948 0.0811954
17.3674 25.888 2.35724e-06 0.0842458 0.0842467
17.4074 24.9875 2.35724e-06 0.0875318 0.0875318
17.4474 24.0871 2.35724e-06 0.0910836 0.091084
17.4875 23.1866 2.35724e-06 0.094931 0.0949319
17.5275 22.2862 2.35724e-06 0.0991152 0.0991167
17.5676 20.9355 2.35724e-06 0.103681 0.103683
17.6076 20.0351 2.35724e-06 0.108684 0.108684
17.6476 19.1346 2.35724e-06 0.114185 0.114185
17.6877 18.2342 2.35724e-06 0.120266 0.120266
17.7277 17.3337 2.35724e-06 0.127016 0.127017
17.7678 16.4332 2.35724e-06 0.134557 0.134557
17.8078 15.0826 2.35724e-06 0.143029 0.143031
17.8478 14.1821 2.35724e-06 0.152611 0.152611
17.8879 13.2817 2.35724e-06 0.163527 0.163528
17.9279 12.3812 2.35724e-06 0.176072 0.176073
17.968 11.4808 2.35724e-06 0.19062 0.19062
18.008 10.5803 2.35724e-06 0.207663 0.207664
18.048 9.67986 2.35724e-06 0.227864 0.227864
18.0881 8.77941 2.35724e-06 0.252101 0.252101
18.1281 7.42873 2.35724e-06 0.281585 0.281586
18.1682 6.52828 2.35724e-06 0.31794 0.31794
18.2082 6.07805 2.35724e-06 0.363298 0.363298
18.2482 5.1776 2.35724e-06 0.420182 0.420182
18.2883 4.27715 2.35724e-06 0.490611 0.490611
18.3283 3.82692 2.35724e-06 0.572741 0.572741
18.3684 3.3767 2.35724e-06 0.652937 0.652937
18.4084 2.92647 2.35724e-06 0.699109 0.699109
18.4484 2.92647 2.35724e-06 0.682046 0.682046
18.4885 3.3767 2.35724e-06 0.613535 0.613535
18.5285 3.82692 2.35724e-06 0.5295 0.5295
18.5686 4.72737 2.35724e-06 0.452672 0.452672
18.6086 5.62783 2.35724e-06 0.38934 0.389342
18.6486 6.52828 2.35724e-06 0.338704 0.338704
18.6887 6.9785 2.35724e-06 0.298278 0.298278
18.7287 8.32918 2.35724e-06 0.265686 0.265686
18.7688 9.22963 2.35724e-06 0.239072 0.239075
18.8088 10.1301 2.35724e-06 0.217038 0.217038
18.8488 11.0305 2.35724e-06 0.198555 0.198555
18.8889 11.931 2.35724e-06 0.182862 0.182862
18.9289 12.8314 2.35724e-06 0.169399 0.169399
18.969 13.7319 2.35724e-06 0.157734 0.157734
19.009 14.6323 2.35724e-06 0.147534 0.147534
19.049 15.5328 2.35724e-06 0.138547 0.138547
19.0891 16.8835 2.35724e-06 0.130575 0.130578
19.1291 17.7839 2.35724e-06 0.123455 0.123458
19.1692 18.6844 2.35724e-06 0.117062 0.117064
19.2092 19.5848 2.35724e-06 0.111292 0.111292
19.2492 20.4853 2.35724e-06 0.106056 0.106058
19.2893 21.836 2.35724e-06 0.101286 0.101287
19.3293 22.7364 2.35724e-06 0.0969222 0.0969222
19.3694 23.6369 2.35724e-06 0.0929156 0.0929156
19.4094 24.5373 2.35724e-06 0.0892238 0.0892249
19.4494 25.4378 2.35724e-06 0.0858144 0.0858145
19.4895 26.7884 2.35724e-06 0.0826522 0.0826522
19.5295 27.6889 2.35724e-06 0.0797124 0.0797132
19.5696 28.5894 2.35724e-06 0.0769728 0.0769728
19.6096 29.4898 2.35724e-06 0.0744182 0.0744182
19.6496 30.3903 2.35724e-06 0.0720229 0.0720237
19.6897 31.2907 2.35724e-06 0.0697784 0.0697789
19.7297 32.6414 2.35724e-06 0.0676676 0.0676676
19.7698 33.5418 2.35724e-06 0.0656806 0.0656825
19.8098 34.4423 2.35724e-06 0.0638068 0.0638079
19.8498 35.3427 2.35724e-06 0.0620381 0.0620381
19.8899 36.2432 2.35724e-06 0.060362 0.0603631
19.9299 37.5939 2.35724e-06 0.0587749 0.0587749
19.97 38.4943 2.35724e-06 0.0572704 0.0572704
20.01 39.3948 2.35724e-06 0.0558375 0.0558378
20.0501 40.2952 2.35724e-06 0.0544757 0.0544757
20.0901 41.1957 2.35724e-06 0.0531781 0.0531801
20.1301 42.5464 2.35724e-06 0.051942 0.0519423
20.1702 43.4468 2.35724e-06 0.0507612 0.0507619
20.2102 44.3473 2.35724e-06 0.0496331 0.0496337
20.2503 45.2477 2.35724e-06 0.0485527 0.0485539
20.2903 46.5984 2.35724e-06 0.0475203 0.0475203
20.3303 47.4988 2.35724e-06 0.0465277 0.046528
20.3704 48.3993 2.35724e-06 0.0455783 0.0455801
20.4104 49.2997 2.35724e-06 0.0446668 0.0446668
20.4505 50.2002 2.35724e-06 0.0437897 0.04379
20.4905 51.5509 2.35724e-06 0.0429467 0.0429467
20.5305 52.4513 2.35724e-06 0.0421347 0.0421364
20.5706 53.3518 2.35724e-06 0.0413537 0.0413547
20.6106 54.2522 2.35724e-06 0.0406 0.0406015
20.6507 55.1527 2.35724e-06 0.0398758 0.0398758
20.6907 56.5034 2.35724e-06 0.0391755 0.0391755
20.7307 57.4038 2.35724e-06 0.0384995 0.0384995
20.7708 58.3043 2.35724e-06 0.0378447 0.0378465
20.8108 59.2047 2.35724e-06 0.0372147 0.0372147
20.8509 60.1052 2.35724e-06 0.0366036 0.0366036
20.8909 61.4558 2.35724e-06 0.0360138 0.0360138
20.9309 62.3563 2.35724e-06 0.0354412 0.0354412
20.971 63.2568 2.35724e-06 0.0348847 0.0348852
21.011 64.1572 2.35724e-06 0.0343484 0.0343491
21.0511 65.0577 2.35724e-06 0.0338281 0.0338281
21.0911 66.4083 2.35724e-06 0.0333226 0.0333226
21.1311 67.3088 2.35724e-06 0.0328326 0.0328326
21.1712 68.2092 2.35724e-06 0.032355 0.032355
21.2112 69.1097 2.35724e-06 0.031892 0.031892
21.2513 70.0101 2.35724e-06 0.0314426 0.0314426
21.2913 71.3608 2.35724e-06 0.0310057 0.0310057
21.3313 72.2613 2.35724e-06 0.0305797 0.0305803
21.3714 73.1617 2.35724e-06 0.0301648 0.0301657
21.4114 74.0622 2.35724e-06 0.0297628 0.0297629
21.4515 74.9626 2.35724e-06 0.0293712 0.0293716
21.4915 76.3133 2.35724e-06 0.0289887 0.0289894
21.5315 77.2138 2.35724e-06 0.0286162 0.0286163
21.5716 78.1142 2.35724e-06 0.0282541 0.0282541
21.6116 79.0147 2.35724e-06 0.0279005 0.0279005
21.6517 80.1402 2.35724e-06 0.0275545 0.0275551
21.6917 81.2658 2.35724e-06 0.027219 0.027219
21.7317 82.1662 2.35724e-06 0.0268904 0.0268904
21.7718 83.0667 2.35724e-06 0.0265702 0.0265702
21.8118 83.9671 2.35724e-06 0.0262573 0.0262573
21.8519 85.3178 2.35724e-06 0.0259519 0.0259519
21.8919 86.2183 2.35724e-06 0.0256534 0.0256534
21.9319 87.1187 2.35724e-06 0.025361 0.025361
21.972 88.0192 2.35724e-06 0.0250767 0.0250767
22.012 88.9196 2.35724e-06 0.024796 0.0247966
22.0521 90.2703 2.35724e-06 0.0245236 0.0245236
22.0921 91.1708 2.35724e-06 0.0242561 0.0242567
22.1321 92.0712 2.35724e-06 0.0239954 0.0239954
22.1722 92.9717 2.35724e-06 0.0237398 0.0237398
22.2122 93.8721 2.35724e-06 0.023489 0.02349
22.2523 95.2228 2.35724e-06 0.0232454 0.0232454
22.2923 96.1233 2.35724e-06 0.0230044 0.0230044
22.3323 97.0237 2.35724e-06 0.022769 0.0227695
22.3724 97.9242 2.35724e-06 0.022539 0.022539
22.4124 98.8246 2.35724e-06 0.0223131 0.0223137
22.4525 100.175 2.35724e-06 0.022092 0.022092
22.4925 101.076 2.35724e-06 0.0218752 0.0218756
22.5325 101.976 2.35724e-06 0.021662 0.021662
22.5726 102.877 2.35724e-06 0.021454 0.021454
22.6126 103.777 2.35724e-06 0.0212499 0.0212499
22.6527 105.128 2.35724e-06 0.0210484 0.0210487
22.6927 106.028 2.35724e-06 0.0208519 0.0208519
22.7327 106.929 2.35724e-06 0.0206579 0.0206583
22.7728 107.829 2.35723e-06 0.0204669 0.0204684
22.8128 109.18 2.35723e-06 0.0202812 0.0202827
22.8529 110.08 2.35724e-06 0.0200992 0.0200994
22.8929 110.981 2.35723e-06 0.0199187 0.0199198
22.9329 111.881 2.35723e-06 0.0197429 0.0197432
22.973 112.782 2.35723e-06 0.0195692 0.0195697
23.013 114.132 2.35723e-06 0.0193986 0.0193992
23.0531 115.033 2.35723e-06 0.0192315 0.0192315
23.0931 115.933 2.35723e-06 0.019066 0.019067
23.1331 116.834 2.35722e-06 0.0189046 0.0189049
23.1732 117.734 2.35722e-06 0.0187463 0.0187463
23.2132 119.085 2.35722e-06 0.0185895 0.0185906
23.2533 119.985 2.35721e-06 0.0184355 0.0184355
23.2933 120.886 2.35721e-06 0.0182842 0.018285
23.3333 121.786 2.35721e-06 0.0181348 0.0181359
23.3734 122.687 2.3572e-06 0.0179885 0.0179894
23.4134 124.037 2.35719e-06 0.0178454 0.0178454
23.4535 124.938 2.35719e-06 0.0177025 0.0177036
23.4935 125.838 2.35718e-06 0.017564 0.017564
23.5335 126.739 2.35717e-06 0.0174258 0.0174265
23.5736 127.639 2.35716e-06 0.0172903 0.0172912
23.6136 128.99 2.35714e-06 0.0171574 0.0171574
23.6537 129.89 2.35713e-06 0.0170265 0.0170271
23.6937 130.791 2.35711e-06 0.0168976 0.0168976
23.7337 131.691 2.3571e-06 0.0167698 0.0167701
23.7738 132.592 2.35708e-06 0.0166452 0.0166453
23.8138 133.942 2.35706e-06 0.0165212 0.0165213
23.8539 134.843 2.35704e-06 0.0163996 0.0164001
23.8939 135.743 2.35701e-06 0.0162799 0.0162804
23.9339 136.644 2.35698e-06 0.0161624 0.0161624
23.974 137.994 2.35695e-06 0.016045 0.0160451
24.014 138.895 2.35692e-06 0.0159308 0.0159313
24.0541 139.795 2.35688e-06 0.0158178 0.0158179
24.0941 140.696 2.35684e-06 0.0157058 0.015706
24.1341 141.596 2.35679e-06 0.0155956 0.0155963
24.1742 142.947 2.35674e-06 0.0154875 0.0154877
24.2142 143.847 2.35669e-06 0.0153801 0.0153805
24.2543 144.748 2.35664e-06 0.0152747 0.0152759
24.2943 145.648 2.35657e-06 0.0151711 0.0151715
24.3343 146.549 2.35651e-06 0.0150691 0.0150691
24.3744 147.899 2.35644e-06 0.0149666 0.0149677
24.4144 148.8 2.35636e-06 0.014868 0.014868
24.4545 149.7 2.35628e-06 0.0147687 0.0147697
24.4945 150.601 2.35619e-06 0.014672 0.014672
24.5345 151.501 2.3561e-06 0.0145745 0.0145763
24.5746 152.852 2.35599e-06 0.0144801 0.0144811
24.6146 153.752 2.35589e-06 0.0143868 0.0143878
24.6547 154.653 2.35577e-06 0.0142955 0.0142956
24.6947 155.553 2.35565e-06 0.0142034 0.0142044
24.7347 156.454 2.35552e-06 0.0141138 0.0141143
24.7748 157.804 2.35538e-06 0.0140242 0.0140251
24.8148 158.705 2.35524e-06 0.0139371 0.0139376
24.8549 159.605 2.35508e-06 0.0138509 0.0138511
24.8949 160.506 2.35492e-06 0.0137642 0.0137653
24.9349 161.856 2.35475e-06 0.0136792 0.0136804
24.975 162.757 2.35456e-06 0.0135959 0.0135969
25.015 163.657 2.35437e-06 0.0135138 0.0135153
25.0551 164.558 2.35417e-06 0.0134321 0.0134334
25.0951 165.458 2.35396e-06 0.0133524 0.0133524
25.1351 166.809 2.35373e-06 0.0132727 0.0132741
25.1752 167.709 2.3535e-06 0.0131939 0.0131948
25.2152 168.61 2.35325e-06 0.013116 0.0131168
25.2553 169.51 2.353e-06 0.0130387 0.0130395
25.2953 170.411 2.35273e-06 0.0129638 0.0129638
25.3353 171.761 2.35245e-06 0.0128888 0.0128894
25.3754 172.662 2.35215e-06 0.012815 0.012815
25.4154 173.562 2.35184e-06 0.0127417 0.0127417
25.4555 174.463 2.35152e-06 0.0126684 0.0126691
25.4955 175.363 2.35119e-06 0.0125968 0.0125976
25.5355 176.714 2.35084e-06 0.0125271 0.0125271
25.5756 177.614 2.35048e-06 0.0124561 0.0124566
25.6156 178.515 2.35011e-06 0.0123875 0.0123878
25.6557 179.415 2.34972e-06 0.0123178 0.0123193
25.6957 180.316 2.34931e-06 0.012251 0.0122515
25.7357 181.666 2.3489e-06 0.0121834 0.0121844
25.7758 182.567 2.34846e-06 0.0121171 0.012118
25.8158 183.467 2.34801e-06 0.0120518 0.0120519
25.8559 184.368 2.34755e-06 0.0119873 0.0119873
25.8959 185.718 2.34706e-06 0.0119227 0.0119231
25.9359 186.619 2.34657e-06 0.0118595 0.0118599
25.976 187.519 2.34605e-06 0.0117962 0.0117968
26.016 188.42 2.34552e-06 0.0117343 0.0117348
26.0561 189.32 2.34498e-06 0.011673 0.0116731
26.0961 190.671 2.34441e-06 0.0116126 0.0116126
26.1361 191.571 2.34383e-06 0.0115518 0.0115521
26.1762 192.472 2.34323e-06 0.0114921 0.0114928
26.2162 193.372 2.34262e-06 0.0114338 0.0114338
26.2563 194.273 2.34198e-06 0.0113751 0.0113751
26.2963 195.623 2.34133e-06 0.0113175 0.0113175
26.3363 196.524 2.34066e-06 0.0112605 0.0112605
26.3764 197.424 2.33998e-06 0.0112037 0.0112037
26.4164 198.325 2.33927e-06 0.0111477 0.0111477
26.4565 199.225 2.33855e-06 0.0110922 0.0110922
26.4965 200.576 2.33781e-06 0.0110369 0.011037
26.5365 201.476 2.33705e-06 0.0109824 0.0109825
26.5766 202.377 2.33627e-06 0.0109291 0.0109291
26.6166 203.277 2.33547e-06 0.0108754 0.0108754
26.6567 204.403 2.33466e-06 0.0108226 0.0108226
26.6967 205.528 2.33382e-06 0.0107701 0.0107703
26.7367 206.429 2.33297e-06 0.0107188 0.0107188
26.7768 207.329 2.33209e-06 0.0106671 0.0106671
26.8168 208.23 2.3312e-06 0.0106161 0.0106163
26.8569 209.58 2.33029e-06 0.0105659 0.0105659
26.8969 210.481 2.32936e-06 0.010516 0.010516
26.9369 211.381 2.32841e-06 0.0104666 0.0104666
26.977 212.282 2.32744e-06 0.0104174 0.0104174
27.017 213.182 2.32645e-06 0.0103689 0.0103694
27.0571 214.533 2.32544e-06 0.0103212 0.0103212
27.0971 215.433 2.32441e-06 0.0102734 0.0102734
27.1371 216.334 2.32336e-06 0.0102271 0.0102271
27.1772 217.234 2.3223e-06 0.0101795 0.0101795
27.2172 218.134 2.32121e-06 0.0101332 0.0101333
27.2573 219.485 2.32011e-06 0.0100874 0.0100874
27.2973 220.386 2.31898e-06 0.0100414 0.0100414
27.3373 221.286 2.31784e-06 0.00999701 0.00999719
27.3774 222.187 2.31668e-06 0.00995207 0.00995233
27.4174 223.087 2.3155e-06 0.00990774 0.00990775
27.4575 224.438 2.31429e-06 0.00986447 0.00986447
27.4975 225.338 2.31307e-06 0.00982027 0.00982047
27.5375 226.239 2.31183e-06 0.00977714 0.00977751
27.5776 227.139 2.31057e-06 0.00973459 0.00973478
27.6176 228.265 2.3093e-06 0.00969208 0.00969221
27.6577 229.39 2.308e-06 0.00964994 0.00965055
27.6977 230.291 2.30669e-06 0.00960823 0.00960839
27.7377 231.191 2.30535e-06 0.00956795 0.00956795
27.7778 232.092 2.304e-06 0.00952585 0.00952664
27.8178 233.442 2.30263e-06 0.00948642 0.00948642
27.8579 234.343 2.30124e-06 0.0094453 0.00944552
27.8979 235.243 2.29983e-06 0.00940581 0.00940581
27.9379 236.144 2.2984e-06 0.00936587 0.00936608
27.978 237.044 2.29696e-06 0.00932647 0.0093268
28.018 238.395 2.29549e-06 0.00928846 0.00928846
28.0581 239.295 2.29401e-06 0.00924939 0.00924953
28.0981 240.196 2.29251e-06 0.0092109 0.0092112
28.1381 241.096 2.29099e-06 0.00917282 0.00917343
28.1782 241.996 2.28946e-06 0.00913555 0.00913562
28.2182 243.347 2.2879e-06 0.00909838 0.00909875
28.2583 244.248 2.28633e-06 0.00906074 0.0090615
28.2983 245.148 2.28475e-06 0.00902476 0.00902476
28.3383 246.049 2.28314e-06 0.0089884 0.00898849
28.3784 246.949 2.28152e-06 0.00895138 0.00895225
28.4184 248.3 2.27988e-06 0.00891582 0.00891633
28.4585 249.2 2.27822e-06 0.0088803 0.00888099
28.4985 250.101 2.27655e-06 0.00884551 0.00884551
28.5385 251.001 2.27486e-06 0.00881022 0.00881061
28.5786 251.901 2.27316e-06 0.00877568 0.0087758
28.6186 253.252 2.27143e-06 0.00874114 0.00874134
28.6587 254.153 2.2697e-06 0.0087071 0.00870719
28.6987 255.053 2.26794e-06 0.00867317 0.00867346
28.7387 255.953 2.26617e-06 0.00863933 0.00864004
28.7788 256.854 2.26438e-06 0.00860608 0.00860639
28.8188 258.205 2.26258e-06 0.00857282 0.00857348
28.8589 259.105 2.26077e-06 0.00854 0.00854049
28.8989 260.006 2.25894e-06 0.00850807 0.00850807
28.9389 260.906 2.25709e-06 0.00847478 0.00847541
28.979 262.257 2.25523e-06 0.00844308 0.00844332
29.019 263.157 2.25335e-06 0.00841063 0.00841123
29.0591 264.058 2.25146e-06 0.00837938 0.0083797
29.0991 264.958 2.24955e-06 0.00834793 0.00834891
29.1391 265.858 2.24763e-06 0.00831688 0.00831726
29.1792 267.209 2.2457e-06 0.00828562 0.00828618
29.2192 268.11 2.24375e-06 0.00825531 0.0082557
29.2593 269.01 2.24179e-06 0.00822485 0.00822514
29.2993 269.91 2.23981e-06 0.00819445 0.00819499
29.3393 270.811 2.23782e-06 0.00816442 0.00816513
29.3794 272.162 2.23582e-06 0.00813427 0.00813492
29.4194 273.062 2.2338e-06 0.00810508 0.00810517
29.4595 273.963 2.23178e-06 0.00807549 0.00807584
29.4995 274.863 2.22973e-06 0.00804642 0.00804681
29.5395 275.989 2.22768e-06 0.00801712 0.00801788
29.5796 277.114 2.22561e-06 0.00798847 0.00798914
29.6196 278.015 2.22353e-06 0.00796012 0.00796075
29.6597 278.915 2.22144e-06 0.00793144 0.00793194
29.6997 279.815 2.21934e-06 0.00790348 0.00790404
29.7397 280.716 2.21723e-06 0.00787584 0.00787625
29.7798 282.067 2.2151e-06 0.00784782 0.0078481
29.8198 282.967 2.21296e-06 0.00782063 0.00782074
29.8599 283.867 2.21081e-06 0.00779294 0.00779348
29.8999 284.768 2.20865e-06 0.00776572 0.00776625
29.9399 286.119 2.20648e-06 0.00773912 0.00773912
29.98 287.019 2.2043e-06 0.00771211 0.00771242
30.02 287.92 2.20211e-06 0.00768501 0.00768557
30.0601 288.82 2.1999e-06 0.00765952 0.00765952
30.1001 289.72 2.19769e-06 0.00763258 0.00763333
30.1401 291.071 2.19546e-06 0.00760652 0.00760696
30.1802 291.972 2.19323e-06 0.0075803 0.00758118
30.2202 292.872 2.19099e-06 0.0075553 0.00755547
30.2603 293.772 2.18873e-06 0.00752941 0.00753009
30.3003 294.673 2.18647e-06 0.00750474 0.00750474
30.3403 296.024 2.1842e-06 0.00747853 0.00747915
30.3804 296.924 2.18192e-06 0.00745392 0.00745423
30.4204 297.824 2.17963e-06 0.00742947 0.00742947
30.4605 298.725 2.17733e-06 0.00740431 0.00740465
30.5005 299.851 2.17502e-06 0.00737999 0.00737999
30.5405 300.976 2.1727e-06 0.00735556 0.00735596
30.5806 301.877 2.17038e-06 0.00733098 0.0073312
30.6206 302.777 2.16804e-06 0.00730663 0.00730749
30.6607 303.677 2.1657e-06 0.00728338 0.00728353
30.7007 304.803 2.16335e-06 0.00725999 0.00725999
30.7407 305.929 2.16099e-06 0.00723608 0.00723665
30.7808 306.829 2.15863e-06 0.00721257 0.00721294
30.8208 307.729 2.15626e-06 0.0071893 0.00718962
30.8609 308.63 2.15387e-06 0.00716588 0.00716651
30.9009 309.981 2.15149e-06 0.0071434 0.00714351
30.9409 310.881 2.14909e-06 0.00712069 0.00712079
30.981 311.782 2.14669e-06 0.00709768 0.00709792
31.021 312.682 2.14428e-06 0.00707523 0.00707576
31.0611 313.582 2.14187e-06 0.00705324 0.00705324
31.1011 314.933 2.13945e-06 0.00703007 0.00703095
31.1411 315.834 2.13702e-06 0.00700804 0.00700907
31.1812 316.734 2.13459e-06 0.00698669 0.0069867
31.2212 317.634 2.13215e-06 0.00696494 0.00696494
31.2613 318.76 2.1297e-06 0.00694262 0.00694347
31.3013 319.886 2.12725e-06 0.00692075 0.00692179
31.3413 320.786 2.12479e-06 0.00689938 0.00689992
31.3814 321.686 2.12233e-06 0.00687821 0.00687881
31.4214 322.587 2.11986e-06 0.00685738 0.00685776
31.4615 323.487 2.11739e-06 0.00683626 0.00683693
31.5015 324.838 2.11491e-06 0.00681557 0.0068158
31.5415 325.739 2.11242e-06 0.00679452 0.00679523
31.5816 326.639 2.10993e-06 0.00677429 0.00677429
31.6216 327.539 2.10744e-06 0.0067532 0.00675394
31.6617 328.89 2.10494e-06 0.00673286 0.00673341
31.7017 329.791 2.10244e-06 0.00671179 0.00671308
31.7417 330.691 2.09993e-06 0.00669249 0.00669292
31.7818 331.591 2.09742e-06 0.00667322 0.00667322
31.8218 332.492 2.0949e-06 0.00665233 0.00665302
31.8619 333.617 2.09239e-06 0.00663324 0.00663324
31.9019 334.743 2.08986e-06 0.00661357 0.00661357
31.9419 335.643 2.08733e-06 0.006594 0.006594
31.982 336.544 2.0848e-06 0.00657343 0.00657435
32.022 337.444 2.08227e-06 0.0065541 0.00655505
32.0621 338.57 2.07973e-06 0.00653471 0.00653595
32.1021 339.696 2.07719e-06 0.00651597 0.00651653
32.1421 340.596 2.07465e-06 0.00649634 0.00649788
32.1822 341.496 2.0721e-06 0.00647806 0.00647901
32.2222 342.397 2.06955e-06 0.00645969 0.00646048
32.2623 343.748 2.06699e-06 0.00644059 0.00644205
32.3023 344.648 2.06444e-06 0.00642212 0.00642261
32.3423 345.548 2.06188e-06 0.00640327 0.00640436
32.3824 346.449 2.05932e-06 0.00638583 0.006386
32.4224 347.349 2.05675e-06 0.00636697 0.00636784
32.4625 348.7 2.05419e-06 0.00634919 0.0063496
32.5025 349.6 2.05162e-06 0.00633053 0.00633123
32.5425 350.501 2.04905e-06 0.00631192 0.00631365
32.5826 351.401 2.04648e-06 0.00629467 0.00629558
32.6226 352.752 2.0439e-06 0.00627784 0.00627817
32.6627 353.653 2.04132e-06 0.00625958 0.00626056
32.7027 354.553 2.03874e-06 0.0062426 0.00624285
32.7427 355.453 2.03616e-06 0.00622388 0.00622514
32.7828 356.354 2.03358e-06 0.00620666 0.00620768
32.8228 357.479 2.031e-06 0.00618976 0.00619115
32.8629 358.605 2.02841e-06 0.00617282 0.00617316
32.9029 359.505 2.02583e-06 0.00615599 0.00615624
32.9429 360.406 2.02324e-06 0.00613842 0.00613946
32.983 361.306 2.02065e-06 0.00612156 0.00612264
33.023 362.657 2.01806e-06 0.00610556 0.00610556
33.0631 363.557 2.01547e-06 0.00608852 0.00608944
33.1031 364.458 2.01288e-06 0.00607099 0.00607258
33.1431 365.358 2.01029e-06 0.00605531 0.00605631
33.1832 366.259 2.0077e-06 0.00603921 0.00603969
33.2232 367.61 2.0051e-06 0.00602308 0.00602361
33.2633 368.51 2.00251e-06 0.00600617 0.00600734
33.3033 369.41 1.99991e-06 0.00598988 0.00599179
33.3433 370.311 1.99732e-06 0.00597404 0.00597474
33.3834 371.436 1.99472e-06 0.00595789 0.00595938
33.4234 372.562 1.99212e-06 0.00594231 0.00594305
33.4635 373.462 1.98953e-06 0.0059263 0.00592711
33.5035 374.363 1.98694e-06 0.00590966 0.00591103
33.5435 375.263 1.98434e-06 0.00589496 0.00589595
33.5836 376.164 1.98174e-06 0.00588015 0.00588033
33.6236 377.289 1.97915e-06 0.0058647 0.00586579
33.6637 378.415 1.97655e-06 0.0058488 0.0058497
33.7037 379.315 1.97396e-06 0.00583356 0.00583416
33.7437 380.216 1.97136e-06 0.00581745 0.00581929
33.7838 381.567 1.96877e-06 0.00580346 0.00580351
33.8238 382.467 1.96618e-06 0.00578797 0.0057888
33.8639 383.367 1.96358e-06 0.00577204 0.00577367
33.9039 384.268 1.96099e-06 0.00575723 0.00575846
33.9439 385.168 1.9584e-06 0.00574259 0.00574394
33.984 386.519 1.95581e-06 0.005728 0.00572892
34.024 387.419 1.95321e-06 0.00571302 0.00571422
34.0641 388.32 1.95063e-06 0.00569895 0.00569963
34.1041 389.22 1.94804e-06 0.00568421 0.00568499
34.1441 390.121 1.94545e-06 0.00566999 0.00567073
34.1842 391.472 1.94286e-06 0.0056557 0.00565652
34.2242 392.372 1.94028e-06 0.00564079 0.00564249
34.2643 393.272 1.93769e-06 0.0056267 0.00562767
34.3043 394.173 1.93511e-06 0.0056125 0.00561388
34.3443 395.524 1.93253e-06 0.00559839 0.00559946
34.3844 396.424 1.92995e-06 0.00558457 0.00558552
34.4244 397.324 1.92737e-06 0.00556953 0.00557144
34.4645 398.225 1.92479e-06 0.00555639 0.00555753
34.5045 399.125 1.92221e-06 0.00554229 0.0055439
34.5445 400.026 1.91964e-06 0.00552978 0.00553024
34.5846 401.376 1.91707e-06 0.00551432 0.00551604
34.6246 402.277 1.9145e-06 0.00550154 0.00550319
34.6647 403.177 1.91192e-06 0.00548859 0.00548919
34.7047 404.078 1.90936e-06 0.00547411 0.00547557
34.7447 404.978 1.90679e-06 0.00546073 0.0054625
34.7848 406.329 1.90422e-06 0.0054477 0.0054487
34.8248 407.229 1.90166e-06 0.00543535 0.00543535
34.8649 408.13 1.8991e-06 0.00542111 0.00542188
34.9049 409.03 1.89654e-06 0.00540846 0.00540948
34.9449 410.381 1.89399e-06 0.00539491 0.00539589
34.985 411.281 1.89143e-06 0.00538217 0.00538283
35.025 412.182 1.88888e-06 0.00536964 0.00537005
35.0651 413.082 1.88633e-06 0.00535636 0.00535712
35.1051 413.983 1.88378e-06 0.0053431 0.00534425
35.1451 415.333 1.88123e-06 0.00533077 0.00533153
35.1852 416.234 1.87869e-06 0.00531767 0.00531874
35.2252 417.134 1.87615e-06 0.00530532 0.00530559
35.2653 418.035 1.87361e-06 0.005293 0.00529344
35.3053 418.935 1.87107e-06 0.00527957 0.00528109
35.3453 420.286 1.86854e-06 0.00526697 0.00526808
35.3854 421.186 1.86601e-06 0.00525463 0.0052564
35.4254 422.087 1.86348e-06 0.00524259 0.00524341
35.4655 422.987 1.86095e-06 0.00523011 0.0052312
35.5055 424.113 1.85843e-06 0.00521849 0.00521913
35.5455 425.238 1.8559e-06 0.00520621 0.0052068
35.5856 426.139 1.85339e-06 0.00519401 0.00519503
35.6256 427.039 1.85087e-06 0.00518167 0.00518231
35.6657 427.94 1.84836e-06 0.00517017 0.0051704
35.7057 429.065 1.84585e-06 0.00515806 0.00515848
35.7457 430.191 1.84334e-06 0.00514608 0.00514637
35.7858 431.091 1.84083e-06 0.00513422 0.0051345
35.8258 431.992 1.83833e-06 0.00512132 0.00512291
35.8659 433.117 1.83583e-06 0.0051108 0.00511118
35.9059 434.018 1.83333e-06 0.00509921 0.00509958
35.9459 435.143 1.83084e-06 0.00508684 0.00508799
35.986 436.044 1.82835e-06 0.00507499 0.00507614
36.026 436.944 1.82586e-06 0.00506343 0.00506478
36.0661 437.845 1.82337e-06 0.00505293 0.00505335
36.1061 439.195 1.82089e-06 0.00504062 0.00504188
36.1461 440.096 1.81841e-06 0.00502962 0.00503057
36.1862 440.996 1.81594e-06 0.00501796 0.00501949
36.2262 441.897 1.81346e-06 0.00500697 0.0050078
36.2663 443.247 1.811e-06 0.00499589 0.00499642
36.3063 444.148 1.80853e-06 0.0049852 0.00498527
36.3463 445.048 1.80607e-06 0.00497432 0.00497436
36.3864 445.949 1.8036e-06 0.00496311 0.00496334
36.4264 446.849 1.80115e-06 0.00495123 0.00495197
36.4665 447.75 1.79869e-06 0.00494053 0.00494146
36.5065 449.1 1.79624e-06 0.00492934 0.00493056
36.5465 450.001 1.7938e-06 0.00491855 0.00491954
36.5866 450.001 1.79135e-06 0.00490844 0.00490885
36.6266 450.001 1.78891e-06 0.00489664 0.00489768
36.6667 450.001 1.78648e-06 0.00488606 0.00488692
36.7067 450.001 1.78404e-06 0.00487576 0.00487624
36.7467 450.001 1.78161e-06 0.00486472 0.00486574
36.7868 450.001 1.77919e-06 0.00485482 0.00485488
36.8268 450.001 1.77676e-06 0.00484399 0.00484425
36.8669 450.001 1.77434e-06 0.00483316 0.00483407
36.9069 450.001 1.77192e-06 0.00482272 0.00482327
36.9469 450.001 1.76951e-06 0.0048126 0.00481301
36.987 450.001 1.7671e-06 0.00480206 0.00480299
37.027 450.001 1.7647e-06 0.00479187 0.00479246
37.0671 450.001 1.76229e-06 0.00478133 0.00478232
37.1071 450.001 1.7599e-06 0.00477095 0.00477161
37.1471 450.001 1.7575e-06 0.00476093 0.0047617
37.1872 450.001 1.75511e-06 0.00475195 0.00475195
37.2272 450.001 1.75272e-06 0.00474043 0.00474138
37.2673 450.001 1.75034e-06 0.00473059 0.00473138
37.3073 450.001 1.74796e-06 0.00472102 0.00472136
37.3473 450.001 1.74558e-06 0.00471127 0.00471127
37.3874 450.001 1.7432e-06 0.00470028 0.00470147
37.4274 450.001 1.74083e-06 0.00469062 0.0046918
37.4675 450.001 1.73847e-06 0.00468032 0.00468166
37.5075 450.001 1.7361e-06 0.00467107 0.00467163
37.5475 450.001 1.73375e-06 0.00466152 0.00466181
37.5876 450.001 1.73139e-06 0.00465186 0.00465195
37.6276 450.001 1.72904e-06 0.0046421 0.00464254
37.6677 450.001 1.72669e-06 0.00463201 0.00463299
37.7077 450.001 1.72435e-06 0.00462293 0.00462357
37.7477 450.001 1.72201e-06 0.00461312 0.00461389
37.7878 450.001 1.71967e-06 0.00460359 0.00460429
37.8278 450.001 1.71734e-06 0.00459412 0.0045947
37.8679 450.001 1.71501e-06 0.00458435 0.00458523
37.9079 450.001 1.71269e-06 0.00457508 0.00457566
37.9479 450.001 1.71037e-06 0.00456638 0.00456658
37.988 450.001 1.70805e-06 0.00455639 0.00455702
38.028 450.001 1.70573e-06 0.00454656 0.00454749
38.0681 450.001 1.70343e-06 0.00453756 0.00453842
38.1081 450.001 1.70112e-06 0.00452828 0.00452975
38.1481 450.001 1.69882e-06 0.00451945 0.00451984
38.1882 450.001 1.69652e-06 0.00451013 0.00451094
38.2282 450.001 1.69423e-06 0.00450123 0.00450205
38.2683 450.001 1.69193e-06 0.00449275 0.00449304
38.3083 450.001 1.68965e-06 0.00448257 0.00448349
38.3483 450.001 1.68737e-06 0.00447423 0.00447472
38.3884 450.001 1.68509e-06 0.00446561 0.00446571
38.4284 450.001 1.68281e-06 0.00445564 0.00445713
38.4685 450.001 1.68054e-06 0.00444826 0.00444826
38.5085 450.001 1.67828e-06 0.00443824 0.00443927
38.5485 450.001 1.67601e-06 0.00442936 0.00443004
38.5886 450.001 1.67376e-06 0.00442069 0.00442136
38.6286 450.001 1.6715e-06 0.00441237 0.00441276
38.6687 450.001 1.66925e-06 0.00440286 0.00440362
38.7087 450.001 1.667e-06 0.00439443 0.00439506
38.7487 450.001 1.66476e-06 0.00438617 0.00438677
38.7888 450.001 1.66252e-06 0.00437758 0.00437795
38.8288 450.001 1.66028e-06 0.00436963 0.00436963
38.8689 450.001 1.65805e-06 0.00436039 0.00436084
38.9089 450.001 1.65583e-06 0.00435185 0.00435252
38.9489 450.001 1.6536e-06 0.00434309 0.00434378
38.989 450.001 1.65138e-06 0.00433461 0.00433526
39.029 450.001 1.64917e-06 0.00432671 0.00432699
39.0691 450.001 1.64695e-06 0.00431874 0.00431874
39.1091 450.001 1.64475e-06 0.00430939 0.00431014
39.1491 450.001 1.64254e-06 0.00430119 0.00430184
39.1892 450.001 1.64035e-06 0.00429289 0.00429409
39.2292 450.001 1.63815e-06 0.00428499 0.00428499
39.2693 450.001 1.63596e-06 0.00427668 0.00427702
39.3093 450.001 1.63377e-06 0.00426784 0.00426889
39.3493 450.001 1.63159e-06 0.00426005 0.00426106
39.3894 450.001 1.62941e-06 0.00425225 0.00425274
39.4294 450.001 1.62724e-06 0.00424396 0.00424445
39.4695 450.001 1.62506e-06 0.00423586 0.00423638
39.5095 450.001 1.6229e-06 0.0042279 0.00422867
39.5495 450.001 1.62073e-06 0.00421981 0.00422039
39.5896 450.001 1.61857e-06 0.0042117 0.00421238
39.6296 450.001 1.61642e-06 0.00420368 0.00420431
39.6697 450.001 1.61427e-06 0.00419586 0.00419659
39.7097 450.001 1.61212e-06 0.00418822 0.00418842
39.7497 450.001 1.60998e-06 0.00418008 0.00418086
39.7898 450.001 1.60783e-06 0.00417243 0.00417285
39.8298 450.001 1.6057e-06 0.00416448 0.00416476
39.8699 450.001 1.60357e-06 0.00415711 0.00415765
39.9099 450.001 1.60144e-06 0.00414929 0.00414962
39.9499 450.001 1.59932e-06 0.00414089 0.0041417
39.99 450.001 1.5972e-06 0.00413315 0.00413407
40.03 450.001 1.59509e-06 0.00412543 0.00412649
40.0701 450.001 1.59298e-06 0.00411811 0.0041187
40.1101 450.001 1.59087e-06 0.00411065 0.00411118
40.1502 450.001 1.58877e-06 0.00410322 0.00410371
40.1902 450.001 1.58667e-06 0.00409543 0.00409619
40.2302 450.001 1.58457e-06 0.00408793 0.00408878
40.2703 450.001 1.58248e-06 0.00408077 0.00408147
40.3103 450.001 1.58039e-06 0.00407281 0.0040737
40.3504 450.001 1.57831e-06 0.00406533 0.00406612
40.3904 450.001 1.57623e-06 0.00405893 0.00405903
40.4304 450.001 1.57415e-06 0.00405138 0.00405162
40.4705 450.001 1.57208e-06 0.00404362 0.00404416
40.5105 450.001 1.57002e-06 0.00403638 0.00403682
40.5506 450.001 1.56795e-06 0.0040297 0.0040297
40.5906 450.001 1.56589e-06 0.00402176 0.0040226
40.6306 450.001 1.56384e-06 0.00401426 0.00401499
40.6707 450.001 1.56179e-06 0.00400727 0.00400743
40.7107 450.001 1.55974e-06 0.00400004 0.00400094
40.7508 450.001 1.5577e-06 0.0039929 0.0039933
40.7908 450.001 1.55566e-06 0.00398522 0.00398619
40.8308 450.001 1.55362e-06 0.00397886 0.00397907
40.8709 450.001 1.55159e-06 0.00397113 0.00397222
40.9109 450.001 1.54957e-06 0.00396514 0.00396546
40.951 450.001 1.54754e-06 0.00395679 0.00395777
40.991 450.001 1.54553e-06 0.00395052 0.0039511
41.031 450.001 1.54351e-06 0.00394289 0.0039441
41.0711 450.001 1.5415e-06 0.00393598 0.00393688
41.1111 450.001 1.53949e-06 0.00392906 0.00392986
41.1512 450.001 1.53749e-06 0.00392317 0.00392317
41.1912 450.001 1.53549e-06 0.00391538 0.0039161
41.2312 450.001 1.53349e-06 0.00390884 0.00390915
41.2713 450.001 1.5315e-06 0.0039015 0.0039023
41.3113 450.001 1.52951e-06 0.00389491 0.00389564
41.3514 450.001 1.52752e-06 0.00388762 0.00388874
41.3914 450.001 1.52554e-06 0.00388162 0.00388229
41.4314 450.001 1.52357e-06 0.00387493 0.00387509
41.4715 450.001 1.5216e-06 0.00386812 0.00386852
41.5115 450.001 1.51963e-06 0.00386125 0.00386193
41.5516 450.001 1.51766e-06 0.00385481 0.00385491
41.5916 450.001 1.5157e-06 0.00384813 0.00384859
41.6316 450.001 1.51375e-06 0.00384116 0.00384194
41.6717 450.001 1.51179e-06 0.00383453 0.00383541
41.7117 450.001 1.50985e-06 0.00382787 0.00382863
41.7518 450.001 1.5079e-06 0.00382127 0.00382185
41.7918 450.001 1.50596e-06 0.00381509 0.00381567
41.8318 450.001 1.50403e-06 0.00380779 0.00380911
41.8719 450.001 1.50209e-06 0.00380153 0.00380237
41.9119 450.001 1.50016e-06 0.00379607 0.00379607
41.952 450.001 1.49824e-06 0.00378905 0.00378948
41.992 450.001 1.49632e-06 0.00378291 0.00378326
42.032 450.001 1.4944e-06 0.00377565 0.00377645
42.0721 450.001 1.49249e-06 0.00376959 0.00377046
42.1121 450.001 1.49058e-06 0.00376282 0.00376425
42.1522 450.001 1.48867e-06 0.00375691 0.00375735
42.1922 450.001 1.48676e-06 0.00375088 0.00375132
42.2322 450.001 1.48487e-06 0.00374456 0.00374495
42.2723 450.001 1.48297e-06 0.00373825 0.00373887
42.3123 450.001 1.48108e-06 0.00373214 0.0037327
42.3524 450.001 1.47919e-06 0.00372565 0.00372604
42.3924 450.001 1.47731e-06 0.00371971 0.00371981
42.4324 450.001 1.47543e-06 0.00371306 0.00371391
42.4725 450.001 1.47355e-06 0.00370639 0.00370749
42.5125 450.001 1.47168e-06 0.00370029 0.00370169
42.5526 450.001 1.46981e-06 0.0036948 0.00369513
42.5926 450.001 1.46795e-06 0.00368884 0.00368896
42.6326 450.001 1.46609e-06 0.00368246 0.00368292
42.6727 450.001 1.46423e-06 0.00367702 0.00367726
42.7127 450.001 1.46238e-06 0.00367035 0.00367095
42.7528 450.001 1.46053e-06 0.00366441 0.00366473
42.7928 450.001 1.45868e-06 0.00365837 0.00365882
42.8328 450.001 1.45684e-06 0.00365251 0.00365287
42.8729 450.001 1.455e-06 0.00364631 0.00364678
42.9129 450.001 1.45317e-06 0.0036398 0.00364135
42.953 450.001 1.45134e-06 0.00363432 0.00363486
42.993 450.001 1.44951e-06 0.00362832 0.00362891
43.033 450.001 1.44769e-06 0.00362267 0.00362303
43.0731 450.001 1.44587e-06 0.00361677 0.00361764
43.1131 450.001 1.44405e-06 0.00361069 0.00361153
43.1532 450.001 1.44224e-06 0.00360541 0.00360549
43.1932 450.001 1.44043e-06 0.00359947 0.0035996
43.2332 450.001 1.43863e-06 0.00359328 0.00359377
43.2733 450.001 1.43682e-06 0.00358723 0.00358787
43.3133 450.001 1.43503e-06 0.00358148 0.00358266
43.3534 450.001 1.43323e-06 0.00357567 0.00357644
43.3934 450.001 1.43144e-06 0.00357024 0.00357078
43.4334 450.001 1.42965e-06 0.00356468 0.00356563
43.4735 450.001 1.42787e-06 0.00355942 0.00355942
43.5135 450.001 1.42609e-06 0.00355367 0.00355387
43.5536 450.001 1.42431e-06 0.00354811 0.00354836
43.5936 450.001 1.42254e-06 0.00354185 0.00354245
43.6336 450.001 1.42077e-06 0.00353605 0.0035369
43.6737 450.001 1.41901e-06 0.00353022 0.00353108
43.7137 450.001 1.41725e-06 0.00352453 0.00352585
43.7538 450.001 1.41549e-06 0.00351903 0.00352013
43.7938 450.001 1.41374e-06 0.00351347 0.00351442
43.8338 450.001 1.41199e-06 0.00350847 0.00350901
43.8739 450.001 1.41024e-06 0.00350343 0.00350343
43.9139 450.001 1.4085e-06 0.00349792 0.00349792
43.954 450.001 1.40676e-06 0.00349248 0.00349305
43.994 450.001 1.40502e-06 0.00348708 0.00348726
44.034 450.001 1.40329e-06 0.00348104 0.00348146
44.0741 450.001 1.40156e-06 0.00347549 0.00347602
44.1141 450.001 1.39984e-06 0.00347014 0.00347106
44.1542 450.001 1.39811e-06 0.00346425 0.00346533
44.1942 450.001 1.3964e-06 0.00345876 0.00346001
44.2342 450.001 1.39468e-06 0.00345408 0.00345478
44.2743 450.001 1.39297e-06 0.00344867 0.00344908
44.3143 450.001 1.39126e-06 0.00344351 0.00344385
44.3544 450.001 1.38955e-06 0.00343834 0.00343866
44.3944 450.001 1.38785e-06 0.0034333 0.00343364
44.4344 450.001 1.38615e-06 0.00342818 0.00342818
44.4745 450.001 1.38446e-06 0.00342216 0.00342276
44.5145 450.001 1.38277e-06 0.00341706 0.0034172
44.5546 450.001 1.38108e-06 0.00341135 0.00341234
44.5946 450.001 1.37939e-06 0.0034061 0.00340721
44.6346 450.001 1.37771e-06 0.00340066 0.00340214
44.6747 450.001 1.37603e-06 0.00339576 0.00339708
44.7147 450.001 1.37436e-06 0.00339086 0.00339126
44.7548 450.001 1.37269e-06 0.00338567 0.00338642
44.7948 450.001 1.37102e-06 0.00338117 0.00338135
44.8348 450.001 1.36936e-06 0.0033757 0.00337611
44.8749 450.001 1.3677e-06 0.00337087 0.00337151
44.9149 450.001 1.36604e-06 0.00336597 0.00336597
44.955 450.001 1.36439e-06 0.00336024 0.00336075
44.995 450.001 1.36274e-06 0.00335433 0.00335551
45.035 450.001 1.36109e-06 0.00334947 0.00335075
45.0751 450.001 1.35945e-06 0.0033445 0.00334565
45.1151 450.001 1.35781e-06 0.00333928 0.00334088
45.1552 450.001 1.35618e-06 0.00333465 0.00333586
45.1952 450.001 1.35454e-06 0.00333039 0.00333043
45.2352 450.001 1.35292e-06 0.00332538 0.00332546
45.2753 450.001 1.35129e-06 0.00332053 0.00332073
45.3153 450.001 1.34967e-06 0.00331586 0.003316
45.3554 450.001 1.34805e-06 0.00331088 0.0033112
45.3954 450.001 1.34643e-06 0.00330592 0.00330606
45.4354 450.001 1.34482e-06 0.00330061 0.00330102
45.4755 450.001 1.34321e-06 0.00329577 0.00329625
45.5155 450.001 1.3416e-06 0.00329016 0.00329187
45.5556 450.001 1.34e-06 0.00328507 0.0032872
45.5956 450.001 1.3384e-06 0.00328015 0.00328218
45.6356 450.001 1.3368e-06 0.00327611 0.00327744
45.6757 450.001 1.3352e-06 0.00327091 0.00327245
45.7157 450.001 1.33361e-06 0.0032663 0.00326706
45.7558 450.001 1.33202e-06 0.00326231 0.00326232
45.7958 450.001 1.33044e-06 0.00325739 0.00325787
45.8358 450.001 1.32885e-06 0.00325249 0.00325332
45.8759 450.001 1.32728e-06 0.00324832 0.00324871
45.9159 450.001 1.3257e-06 0.00324316 0.00324349
45.956 450.001 1.32413e-06 0.00323843 0.00323853
45.996 450.001 1.32256e-06 0.00323314 0.00323403
46.036 450.001 1.32099e-06 0.00322832 0.00322951
46.0761 450.001 1.31943e-06 0.00322273 0.00322553
46.1161 450.001 1.31787e-06 0.00321808 0.00322058
46.1562 450.001 1.31632e-06 0.00321393 0.00321552
46.1962 450.001 1.31477e-06 0.00320957 0.00321061
46.2362 450.001 1.31322e-06 0.00320496 0.00320596
46.2763 450.001 1.31167e-06 0.00320083 0.0032014
46.3163 450.001 1.31013e-06 0.00319733 0.00319758
46.3564 450.001 1.30859e-06 0.00319284 0.003193
46.3964 450.001 1.30706e-06 0.00318772 0.00318807
46.4364 450.001 1.30553e-06 0.00318347 0.00318347
46.4765 450.001 1.304e-06 0.00317846 0.00317846
46.5165 450.001 1.30247e-06 0.0031733 0.00317404
46.5566 450.001 1.30095e-06 0.00316867 0.00316986
46.5966 450.001 1.29943e-06 0.00316431 0.00316615
46.6366 450.001 1.29791e-06 0.00315904 0.00316107
46.6767 450.001 1.2964e-06 0.00315473 0.00315651
46.7167 450.001 1.29489e-06 0.00315052 0.0031518
46.7568 450.001 1.29338e-06 0.00314655 0.00314703
46.7968 450.001 1.29187e-06 0.00314299 0.00314299
46.8368 450.001 1.29037e-06 0.00313856 0.00313856
46.8769 450.001 1.28887e-06 0.00313429 0.00313456
46.9169 450.001 1.28737e-06 0.00313032 0.00313032
46.957 450.001 1.28588e-06 0.00312529 0.00312539
46.997 450.001 1.28439e-06 0.00312068 0.00312078
47.037 450.001 1.2829e-06 0.00311627 0.00311627
47.0771 450.001 1.28141e-06 0.00311132 0.00311212
47.1171 450.001 1.27993e-06 0.00310588 0.00310807
47.1572 450.001 1.27845e-06 0.00310194 0.00310385
47.1972 450.001 1.27697e-06 0.00309764 0.00309955
47.2372 450.001 1.2755e-06 0.00309359 0.00309524
47.2773 450.001 1.27403e-06 0.00308981 0.00309062
47.3173 450.001 1.27256e-06 0.00308581 0.00308594
47.3574 450.001 1.2711e-06 0.00308245 0.00308245
47.3974 450.001 1.26963e-06 0.00307772 0.0030784
47.4374 450.001 1.26817e-06 0.00307394 0.00307407
47.4775 450.001 1.26672e-06 0.00306973 0.00306973
47.5175 450.001 1.26527e-06 0.00306581 0.00306581
47.5576 450.001 1.26382e-06 0.00306088 0.00306121
47.5976 450.001 1.26237e-06 0.00305614 0.0030568
47.6376 450.001 1.26093e-06 0.00305122 0.00305225
47.6777 450.001 1.25949e-06 0.00304672 0.00304875
47.7177 450.001 1.25805e-06 0.00304231 0.00304469
47.7578 450.001 1.25662e-06 0.00303873 0.00304052
47.7978 450.001 1.25519e-06 0.00303455 0.00303649
47.8378 450.001 1.25376e-06 0.003031 0.00303218
47.8779 450.001 1.25234e-06 0.0030265 0.00302722
47.9179 450.001 1.25092e-06 0.00302332 0.00302334
47.958 450.001 1.2495e-06 0.00301979 0.00301981
47.998 450.001 1.24808e-06 0.00301604 0.00301604
48.038 450.001 1.24667e-06 0.00301204 0.00301204
48.0781 450.001 1.24526e-06 0.00300723 0.00300802
48.1181 450.001 1.24385e-06 0.0030027 0.00300321
48.1582 450.001 1.24245e-06 0.00299887 0.00299889
48.1982 450.001 1.24104e-06 0.0029944 0.00299479
48.2382 450.001 1.23964e-06 0.00299034 0.00299128
48.2783 450.001 1.23824e-06 0.00298531 0.00298734
48.3183 450.001 1.23685e-06 0.00298116 0.00298371
48.3584 450.001 1.23546e-06 0.00297737 0.00298024
48.3984 450.001 1.23407e-06 0.00297351 0.00297543
48.4384 450.001 1.23268e-06 0.00296971 0.00297123
48.4785 450.001 1.2313e-06 0.00296658 0.00296706
48.5185 450.001 1.22991e-06 0.00296286 0.0029633
48.5586 450.001 1.22853e-06 0.00295922 0.00295963
48.5986 450.001 1.22716e-06 0.00295515 0.00295576
48.6386 450.001 1.22578e-06 0.00295227 0.00295227
48.6787 450.001 1.22441e-06 0.0029485 0.0029485
48.7187 450.001 1.22304e-06 0.00294374 0.00294378
48.7588 450.001 1.22168e-06 0.00293963 0.00293981
48.7988 450.001 1.22031e-06 0.00293552 0.00293552
48.8388 450.001 1.21895e-06 0.00293064 0.00293225
48.8789 450.001 1.21759e-06 0.00292645 0.00292876
48.9189 450.001 1.21624e-06 0.0029222 0.00292527
48.959 450.001 1.21489e-06 0.00291835 0.00292118
48.999 450.001 1.21354e-06 0.00291474 0.00291748
49.039 450.001 1.21219e-06 0.00291102 0.00291316
49.0791 450.001 1.21085e-06 0.00290764 0.0029089
49.1191 450.001 1.2095e-06 0.00290419 0.0029051
49.1592 450.001 1.20817e-06 0.00290145 0.00290175
49.1992 450.001 1.20683e-06 0.00289782 0.00289854
49.2392 450.001 1.2055e-06 0.00289464 0.00289482
49.2793 450.001 1.20417e-06 0.00289113 0.00289119
49.3193 450.001 1.20285e-06 0.00288736 0.00288736
49.3594 450.001 1.20152e-06 0.00288248 0.00288299
49.3994 450.001 1.2002e-06 0.0028786 0.00287934
49.4394 450.001 1.19888e-06 0.00287445 0.0028752
49.4795 450.001 1.19757e-06 0.00286975 0.00287148
49.5195 450.001 1.19626e-06 0.00286622 0.00286859
49.5596 450.001 1.19495e-06 0.00286131 0.00286519
49.5996 450.001 1.19364e-06 0.00285792 0.00286153
49.6396 450.001 1.19233e-06 0.0028543 0.00285777
49.6797 450.001 1.19103e-06 0.00285092 0.00285372
49.7197 450.001 1.18973e-06 0.00284786 0.0028497
49.7598 450.001 1.18843e-06 0.0028452 0.00284557
49.7998 450.001 1.18714e-06 0.00284205 0.00284234
49.8398 450.001 1.18585e-06 0.00283921 0.00283938
49.8799 450.001 1.18455e-06 0.00283632 0.00283632
49.9199 450.001 1.18327e-06 0.00283249 0.00283249
49.96 450.001 1.18198e-06 0.0028283 0.00282908
50 450.001 1.1807e-06 0.00282464 0.002825
