#S 1 scored data
#N 5
#L  distance  fwhm  total_intensity  on_axis_intensity  peak_intensity
10 449.551 4.99343e-06 0.0206323 0.0217808
10.04 450.001 4.96516e-06 0.0215649 0.0224443
10.0801 448.65 4.93882e-06 0.0149541 0.0186614
10.1201 449.551 4.92927e-06 0.00711808 0.0198495
10.1602 450.001 4.90371e-06 0.00381484 0.0224382
10.2002 448.2 4.87657e-06 0.00595655 0.0203545
10.2402 449.551 4.86746e-06 0.0115478 0.0182442
10.2803 450.001 4.84277e-06 0.0168223 0.0189967
10.3203 448.2 4.81731e-06 0.0199708 0.0206621
10.3604 449.551 4.809e-06 0.0202874 0.0210381
10.4004 450.001 4.78347e-06 0.0183653 0.0194083
10.4404 448.65 4.76088e-06 0.0155622 0.0181537
10.4805 450.001 4.75194e-06 0.0127334 0.0176271
10.5205 450.001 4.72521e-06 0.010358 0.0176779
10.5606 449.1 4.70804e-06 0.00866917 0.0179476
10.6006 450.001 4.69701e-06 0.0076494 0.0181444
10.6406 450.001 4.66907e-06 0.00714678 0.0182141
10.6807 449.1 4.65885e-06 0.0069974 0.0183144
10.7207 450.001 4.64201e-06 0.00709528 0.0182198
10.7608 448.2 4.61826e-06 0.00740076 0.0179049
10.8008 450.001 4.61163e-06 0.00794088 0.0173694
10.8408 450.001 4.58779e-06 0.00879496 0.0167966
10.8809 449.1 4.57425e-06 0.0100482 0.0163325
10.9209 450.001 4.56241e-06 0.0117298 0.0159673
10.961 448.2 4.53951e-06 0.0137221 0.0158097
11.001 449.776 4.53369e-06 0.0156786 0.0161494
11.041 450.001 4.51209e-06 0.0170079 0.0170374
11.0811 449.1 4.50125e-06 0.0169665 0.0173358
11.1211 450.001 4.4888e-06 0.0151465 0.0155869
11.1612 448.65 4.47038e-06 0.0120534 0.0149258
11.2012 450.001 4.46489e-06 0.00932106 0.0164069
11.2412 448.2 4.44396e-06 0.00904266 0.0168026
11.2813 449.551 4.43933e-06 0.0118654 0.0146386
11.3213 450.001 4.4216e-06 0.0154789 0.0157605
11.3614 449.1 4.41387e-06 0.0160026 0.016298
11.4014 450.001 4.40135e-06 0.0125827 0.0143248
11.4414 449.1 4.39009e-06 0.00985892 0.0164227
11.4815 450.001 4.3821e-06 0.0122058 0.0143358
11.5215 448.65 4.36868e-06 0.0157994 0.0160897
11.5616 450.001 4.36369e-06 0.0139732 0.0143106
11.6016 448.65 4.34964e-06 0.010652 0.0160531
11.6416 450.001 4.34631e-06 0.0133785 0.0140922
11.6817 448.65 4.33268e-06 0.0155514 0.0157725
11.7217 450.001 4.33025e-06 0.0118597 0.0151362
11.7618 448.65 4.31765e-06 0.0128818 0.0142624
11.8018 450.001 4.31558e-06 0.0154541 0.0156587
11.8418 448.65 4.30451e-06 0.0119924 0.0154521
11.8819 450.001 4.30223e-06 0.0142249 0.0143325
11.9219 448.65 4.29337e-06 0.0143556 0.0144354
11.962 450.001 4.2901e-06 0.0126388 0.0152287
12.002 449.1 4.2843e-06 0.0153804 0.0154511
12.042 450.001 4.27918e-06 0.0126235 0.0155913
12.0821 449.1 4.27703e-06 0.0153864 0.0155307
12.1221 447.75 4.26998e-06 0.0130207 0.015505
12.1622 449.551 4.27063e-06 0.0153903 0.0155216
12.2022 448.2 4.26357e-06 0.0133029 0.0155615
12.2422 450.001 4.26403e-06 0.0154408 0.0155564
12.2823 448.65 4.26044e-06 0.013791 0.0153995
12.3223 444.598 4.25764e-06 0.0149927 0.0150326
12.3624 425.689 4.25873e-06 0.0149484 0.0149782
12.4024 380.666 4.25428e-06 0.0141872 0.0155526
12.4424 365.358 4.2555e-06 0.0155455 0.0156264
12.4825 364.908 4.25504e-06 0.0150182 0.0151008
12.5225 344.198 4.25262e-06 0.0145961 0.0157442
12.5626 332.492 4.25513e-06 0.015516 0.0155523
12.6026 326.639 4.25465e-06 0.0157414 0.0157927
12.6426 318.085 4.25379e-06 0.0152398 0.0156829
12.6827 306.829 4.25672e-06 0.0151619 0.0159978
12.7227 304.128 4.25742e-06 0.0155923 0.0157385
12.7628 296.024 4.25723e-06 0.016009 0.0160369
12.8028 291.071 4.26011e-06 0.0161854 0.0162127
12.8428 285.668 4.26261e-06 0.0162088 0.0162101
12.8829 280.716 4.26324e-06 0.0162102 0.0162117
12.9229 276.214 4.26517e-06 0.0162526 0.0162564
12.963 276.664 4.26873e-06 0.0163451 0.0163618
13.003 269.46 4.27145e-06 0.0164773 0.0164814
13.043 264.958 4.27317e-06 0.0166383 0.0166428
13.0831 260.456 4.27559e-06 0.0168107 0.0168201
13.1231 258.655 4.27912e-06 0.016965 0.0169808
13.1632 254.603 4.28275e-06 0.0170616 0.0170724
13.2032 250.551 4.28578e-06 0.0170969 0.0171153
13.2432 246.499 4.28848e-06 0.0171587 0.0173289
13.2833 245.148 4.29139e-06 0.0173482 0.0173982
13.3233 241.546 4.29474e-06 0.0175688 0.0175787
13.3634 240.196 4.29838e-06 0.0176393 0.0176559
13.4034 236.594 4.30205e-06 0.0177542 0.0178272
13.4434 233.442 4.30562e-06 0.0179704 0.0179768
13.4835 232.542 4.30907e-06 0.018048 0.0181104
13.5235 229.39 4.31244e-06 0.0182436 0.018246
13.5636 226.239 4.31577e-06 0.0183585 0.0183936
13.6036 223.537 4.31908e-06 0.0185449 0.0185452
13.6436 222.637 4.32239e-06 0.0186664 0.0187042
13.6837 220.386 4.32568e-06 0.018852 0.0188523
13.7237 217.684 4.32893e-06 0.019004 0.0190049
13.7638 215.433 4.33214e-06 0.0191556 0.019177
13.8038 213.182 4.33528e-06 0.0193313 0.019333
13.8438 210.931 4.33835e-06 0.0195068 0.0195068
13.8839 210.481 4.34131e-06 0.019678 0.0196784
13.9239 208.23 4.34416e-06 0.0198504 0.0198517
13.964 206.429 4.34689e-06 0.0200294 0.0200294
14.004 204.177 4.34955e-06 0.0202099 0.0202103
14.044 201.476 4.35219e-06 0.0203962 0.0203967
14.0841 199.675 4.35479e-06 0.0205845 0.0205846
14.1241 198.325 4.35726e-06 0.0207742 0.0207742
14.1642 196.524 4.35955e-06 0.0209687 0.0209705
14.2042 194.723 4.36173e-06 0.0211697 0.0211697
14.2442 192.472 4.3639e-06 0.0213727 0.0213727
14.2843 191.121 4.36594e-06 0.0215799 0.0215799
14.3243 188.87 4.36782e-06 0.0217907 0.0217909
14.3644 187.069 4.36966e-06 0.0220054 0.0220067
14.4044 185.268 4.3714e-06 0.0222253 0.022226
14.4444 183.467 4.37298e-06 0.02245 0.02245
14.4845 181.666 4.37454e-06 0.0226789 0.0226789
14.5245 179.865 4.37594e-06 0.0229117 0.0229122
14.5646 178.064 4.37729e-06 0.0231492 0.0231507
14.6046 176.263 4.37852e-06 0.0233926 0.0233932
14.6446 174.012 4.37969e-06 0.023641 0.0236412
14.6847 172.211 4.38075e-06 0.0238954 0.023896
14.7247 170.411 4.38174e-06 0.0241544 0.0241544
14.7648 168.61 4.38266e-06 0.0244189 0.0244189
14.8048 166.809 4.38349e-06 0.0246899 0.0246899
14.8448 165.008 4.38426e-06 0.0249659 0.0249668
14.8849 163.207 4.38496e-06 0.0252484 0.0252498
14.9249 161.406 4.38559e-06 0.0255375 0.0255389
14.965 159.605 4.38616e-06 0.0258346 0.0258346
15.005 157.354 4.38668e-06 0.0261378 0.0261378
15.045 155.553 4.38714e-06 0.0264489 0.0264489
15.0851 153.752 4.38756e-06 0.0267658 0.0267663
15.1251 151.951 4.38792e-06 0.0270905 0.0270922
15.1652 150.15 4.38825e-06 0.0274247 0.0274247
15.2052 148.349 4.38853e-06 0.0277673 0.0277673
15.2452 146.549 4.38879e-06 0.0281179 0.0281179
15.2853 144.748 4.389e-06 0.0284759 0.0284761
15.3253 142.947 4.38919e-06 0.0288458 0.0288458
15.3654 140.696 4.38935e-06 0.0292245 0.0292245
15.4054 138.895 4.38949e-06 0.029614 0.029614
15.4454 137.094 4.38961e-06 0.030012 0.0300125
15.4855 135.293 4.38971e-06 0.030422 0.030422
15.5255 133.492 4.38979e-06 0.0308425 0.0308425
15.5656 131.691 4.38986e-06 0.0312765 0.0312765
15.6056 129.89 4.38991e-06 0.0317215 0.0317222
15.6456 128.089 4.38995e-06 0.0321802 0.0321802
15.6857 126.288 4.38998e-06 0.0326518 0.0326523
15.7257 124.037 4.39002e-06 0.0331376 0.0331387
15.7658 122.236 4.39003e-06 0.0336392 0.0336392
15.8058 120.435 4.39006e-06 0.0341525 0.0341529
15.8458 118.635 4.39007e-06 0.0346834 0.0346837
15.8859 116.834 4.39008e-06 0.0352336 0.0352336
15.9259 115.033 4.39009e-06 0.035799 0.0358007
15.966 113.232 4.39009e-06 0.0363852 0.0363852
16.006 111.431 4.3901e-06 0.0369891 0.0369891
16.046 109.63 4.3901e-06 0.0376119 0.0376122
16.0861 107.379 4.3901e-06 0.0382583 0.0382593
16.1261 105.578 4.39011e-06 0.0389265 0.0389268
16.1662 103.777 4.39011e-06 0.0396192 0.0396203
16.2062 101.976 4.39011e-06 0.0403362 0.040338
16.2462 100.175 4.39011e-06 0.0410803 0.0410804
16.2863 98.3744 4.39011e-06 0.0418495 0.0418541
16.3263 96.5735 4.39011e-06 0.0426535 0.0426566
16.3664 94.7726 4.3901e-06 0.0434879 0.0434881
16.4064 92.9717 4.39011e-06 0.0443536 0.0443536
16.4464 90.7205 4.39011e-06 0.0452553 0.0452553
16.4865 88.9196 4.39011e-06 0.0461909 0.0461925
16.5265 87.1187 4.39011e-06 0.0471703 0.0471703
16.5666 85.3178 4.39011e-06 0.0481906 0.0481918
16.6066 83.5169 4.39012e-06 0.0492571 0.0492571
16.6466 81.716 4.39011e-06 0.0503715 0.0503715
16.6867 79.9151 4.39011e-06 0.0515359 0.0515359
16.7267 78.1142 4.39011e-06 0.0527561 0.0527568
16.7668 76.3133 4.39011e-06 0.0540345 0.0540369
16.8068 74.0622 4.3901e-06 0.0553808 0.0553808
16.8468 72.2613 4.39011e-06 0.0567905 0.0567905
16.8869 70.4604 4.39011e-06 0.0582775 0.0582775
16.9269 68.6595 4.3901e-06 0.0598414 0.0598431
16.967 66.8586 4.39011e-06 0.0614929 0.0614945
17.007 65.0577 4.39011e-06 0.0632374 0.0632385
17.047 63.2568 4.39011e-06 0.0650828 0.0650862
17.0871 61.4558 4.3901e-06 0.0670449 0.0670449
17.1271 59.6549 4.39011e-06 0.0691272 0.0691272
17.1672 57.4038 4.3901e-06 0.0713367 0.0713367
17.2072 55.6029 4.39011e-06 0.0736986 0.0736986
17.2472 53.802 4.39011e-06 0.0762187 0.076219
17.2873 52.0011 4.39012e-06 0.0789138 0.0789152
17.3273 50.2002 4.39011e-06 0.0818132 0.0818132
17.3674 48.3993 4.3901e-06 0.0849325 0.0849352
17.4074 46.5984 4.3901e-06 0.0882976 0.0882979
17.4474 44.7975 4.39011e-06 0.0919408 0.0919408
17.4875 42.9966 4.39011e-06 0.0958956 0.0958969
17.5275 40.7455 4.39011e-06 0.100206 0.100209
17.5676 38.9445 4.39011e-06 0.104922 0.104926
17.6076 37.1436 4.39011e-06 0.110107 0.110107
17.6476 35.3427 4.39011e-06 0.115826 0.115827
17.6877 33.5418 4.39011e-06 0.122174 0.122175
17.7277 31.7409 4.39011e-06 0.129253 0.129253
17.7678 29.94 4.39011e-06 0.137204 0.137204
17.8078 28.1391 4.39011e-06 0.146196 0.146198
17.8478 26.3382 4.39011e-06 0.156446 0.156446
17.8879 24.0871 4.39011e-06 0.168235 0.168236
17.9279 22.2862 4.39011e-06 0.181942 0.181943
17.968 20.4853 4.39011e-06 0.198076 0.198076
18.008 18.6844 4.39011e-06 0.217332 0.217332
18.048 16.8835 4.39011e-06 0.240715 0.240715
18.0881 15.0826 4.39011e-06 0.269692 0.269695
18.1281 13.2817 4.39011e-06 0.306549 0.306553
18.1682 11.4808 4.39011e-06 0.354955 0.354955
18.2082 9.67986 4.39011e-06 0.42122 0.42122
18.2482 7.87896 4.39011e-06 0.517173 0.517176
18.2883 6.07805 4.39011e-06 0.667508 0.667508
18.3283 4.27715 4.39011e-06 0.931189 0.931189
18.3684 2.47624 4.39011e-06 1.46593 1.46593
18.4084 1.57579 4.39011e-06 2.35276 2.35276
18.4484 2.02602 4.39011e-06 1.82845 1.82845
18.4885 3.3767 4.39011e-06 1.1038 1.1038
18.5285 5.1776 4.39011e-06 0.756874 0.756874
18.5686 6.9785 4.3901e-06 0.570385 0.570385
18.6086 8.77941 4.39011e-06 0.456193 0.456197
18.6486 10.5803 4.39011e-06 0.379606 0.379606
18.6887 12.3812 4.39011e-06 0.324838 0.324838
18.7287 14.1821 4.39011e-06 0.283775 0.283775
18.7688 15.983 4.39011e-06 0.25188 0.251885
18.8088 17.7839 4.3901e-06 0.226404 0.226404
18.8488 20.0351 4.3901e-06 0.205586 0.205588
18.8889 21.836 4.39011e-06 0.188263 0.188263
18.9289 23.6369 4.39011e-06 0.173629 0.173629
18.969 25.4378 4.39011e-06 0.161102 0.161104
19.009 27.2387 4.39011e-06 0.150256 0.150256
19.049 29.0396 4.39011e-06 0.140773 0.140773
19.0891 30.8405 4.39011e-06 0.132418 0.132422
19.1291 32.6414 4.39011e-06 0.124996 0.124999
19.1692 34.4423 4.39012e-06 0.118361 0.118364
19.2092 36.4683 4.39011e-06 0.112397 0.112397
19.2492 38.4943 4.39011e-06 0.107003 0.107004
19.2893 40.2952 4.39011e-06 0.102103 0.102105
19.3293 42.0961 4.39011e-06 0.0976322 0.0976322
19.3694 43.897 4.39011e-06 0.0935356 0.0935356
19.4094 45.6979 4.39011e-06 0.0897663 0.0897666
19.4494 47.4988 4.39011e-06 0.086292 0.0862924
19.4895 49.2997 4.39011e-06 0.0830745 0.0830745
19.5295 51.1007 4.3901e-06 0.0800872 0.0800897
19.5696 52.9016 4.3901e-06 0.0773072 0.0773079
19.6096 55.1527 4.39011e-06 0.0747175 0.0747175
19.6496 56.9536 4.39011e-06 0.0722921 0.0722929
19.6897 58.7545 4.39011e-06 0.070021 0.070021
19.7297 60.5554 4.39011e-06 0.0678865 0.0678865
19.7698 62.3563 4.39011e-06 0.0658784 0.0658823
19.8098 64.1572 4.39011e-06 0.0639865 0.063988
19.8498 65.9581 4.39011e-06 0.062202 0.0622022
19.8899 67.759 4.39011e-06 0.060512 0.060512
19.9299 69.5599 4.3901e-06 0.0589114 0.0589114
19.97 71.811 4.3901e-06 0.0573958 0.0573958
20.01 73.612 4.39011e-06 0.0559533 0.0559533
20.0501 75.4129 4.39011e-06 0.0545824 0.0545824
20.0901 77.2138 4.39011e-06 0.0532752 0.0532775
20.1301 79.0147 4.39011e-06 0.0520325 0.0520333
20.1702 80.8156 4.39011e-06 0.0508448 0.0508456
20.2102 82.6165 4.39011e-06 0.0497105 0.0497109
20.2503 84.4174 4.39011e-06 0.0486238 0.0486261
20.2903 86.4434 4.39011e-06 0.0475878 0.0475878
20.3303 88.4694 4.39011e-06 0.0465893 0.04659
20.3704 90.2703 4.39011e-06 0.0456355 0.0456383
20.4104 92.0712 4.39011e-06 0.0447196 0.0447201
20.4505 93.8721 4.39011e-06 0.0438392 0.0438403
20.4905 95.673 4.3901e-06 0.0429928 0.0429928
20.5305 97.4739 4.39011e-06 0.0421783 0.04218
20.5706 99.2748 4.39011e-06 0.0413939 0.0413953
20.6106 101.076 4.39011e-06 0.0406377 0.0406395
20.6507 103.327 4.39012e-06 0.0399116 0.0399116
20.6907 105.128 4.39011e-06 0.0392089 0.0392089
20.7307 106.929 4.39011e-06 0.0385312 0.0385312
20.7708 108.73 4.39011e-06 0.0378733 0.0378761
20.8108 110.53 4.39011e-06 0.0372423 0.0372423
20.8509 112.331 4.3901e-06 0.0366298 0.0366298
20.8909 114.132 4.39009e-06 0.0360387 0.0360387
20.9309 115.933 4.39009e-06 0.0354641 0.0354641
20.971 117.734 4.39008e-06 0.0349058 0.0349072
21.011 119.985 4.39007e-06 0.0343696 0.0343704
21.0511 121.786 4.39005e-06 0.0338472 0.0338472
21.0911 123.587 4.39003e-06 0.0333415 0.0333415
21.1311 125.388 4.39e-06 0.0328511 0.0328511
21.1712 127.189 4.38997e-06 0.0323714 0.0323715
21.2112 128.99 4.38993e-06 0.0319076 0.0319077
21.2513 130.791 4.38988e-06 0.0314575 0.0314575
21.2913 132.592 4.38981e-06 0.0310208 0.0310208
21.3313 134.392 4.38974e-06 0.0305931 0.0305943
21.3714 136.644 4.38964e-06 0.030177 0.0301791
21.4114 138.444 4.38954e-06 0.0297753 0.0297757
21.4515 140.245 4.38941e-06 0.0293824 0.0293846
21.4915 142.046 4.38926e-06 0.0289992 0.0290009
21.5315 143.847 4.38909e-06 0.0286259 0.0286282
21.5716 145.648 4.38888e-06 0.0282638 0.0282638
21.6116 147.449 4.38864e-06 0.0279101 0.0279101
21.6517 149.25 4.38837e-06 0.0275635 0.0275641
21.6917 151.051 4.38807e-06 0.0272278 0.0272279
21.7317 153.302 4.38771e-06 0.026898 0.026899
21.7718 155.103 4.38732e-06 0.0265775 0.0265784
21.8118 156.904 4.38688e-06 0.0262648 0.0262648
21.8519 158.705 4.38638e-06 0.0259596 0.0259596
21.8919 160.506 4.38583e-06 0.0256609 0.0256609
21.9319 162.306 4.38523e-06 0.0253679 0.0253679
21.972 164.107 4.38455e-06 0.0250835 0.0250835
22.012 165.908 4.38382e-06 0.0248013 0.024803
22.0521 167.709 4.383e-06 0.0245293 0.0245297
22.0921 169.96 4.38212e-06 0.0242614 0.0242618
22.1321 171.761 4.38116e-06 0.0240008 0.024001
22.1722 173.562 4.38012e-06 0.0237447 0.0237457
22.2122 175.363 4.379e-06 0.0234935 0.0234947
22.2523 177.164 4.37779e-06 0.02325 0.02325
22.2923 178.965 4.37649e-06 0.0230089 0.0230101
22.3323 180.766 4.37509e-06 0.0227734 0.0227737
22.3724 182.567 4.3736e-06 0.0225424 0.0225438
22.4124 184.368 4.372e-06 0.022317 0.0223176
22.4525 186.619 4.3703e-06 0.0220954 0.0220954
22.4925 188.42 4.3685e-06 0.021878 0.021879
22.5325 190.22 4.36659e-06 0.0216653 0.0216659
22.5726 192.021 4.36457e-06 0.0214573 0.0214573
22.6126 193.822 4.36244e-06 0.0212531 0.0212531
22.6527 195.623 4.36019e-06 0.0210512 0.0210516
22.6927 197.424 4.35783e-06 0.0208546 0.0208552
22.7327 199.225 4.35536e-06 0.0206601 0.0206617
22.7728 201.026 4.35275e-06 0.020469 0.0204722
22.8128 203.277 4.35003e-06 0.0202837 0.0202857
22.8529 205.078 4.3472e-06 0.0201015 0.0201029
22.8929 206.879 4.34423e-06 0.0199202 0.0199226
22.9329 208.68 4.34115e-06 0.0197449 0.0197458
22.973 210.481 4.33793e-06 0.0195715 0.0195727
23.013 212.282 4.3346e-06 0.0194003 0.0194015
23.0531 214.082 4.33115e-06 0.0192335 0.019234
23.0931 215.883 4.32756e-06 0.0190678 0.0190689
23.1331 218.134 4.32385e-06 0.0189065 0.0189073
23.1732 219.935 4.32002e-06 0.0187484 0.0187487
23.2132 221.736 4.31607e-06 0.0185915 0.0185923
23.2533 223.537 4.31197e-06 0.0184368 0.0184371
23.2933 225.338 4.30777e-06 0.0182855 0.0182867
23.3333 227.139 4.30344e-06 0.0181362 0.0181377
23.3734 228.94 4.29898e-06 0.0179892 0.0179912
23.4134 230.741 4.29441e-06 0.0178466 0.0178473
23.4535 232.542 4.28972e-06 0.0177034 0.0177053
23.4935 234.568 4.28489e-06 0.0175652 0.0175653
23.5335 236.594 4.27996e-06 0.0174263 0.0174276
23.5736 238.395 4.2749e-06 0.0172921 0.0172931
23.6136 240.196 4.26973e-06 0.0171587 0.0171593
23.6537 241.996 4.26445e-06 0.0170277 0.0170282
23.6937 243.797 4.25904e-06 0.0168988 0.0168988
23.7337 245.598 4.25353e-06 0.0167703 0.0167715
23.7738 247.399 4.24791e-06 0.0166465 0.0166465
23.8138 249.2 4.24218e-06 0.0165226 0.0165226
23.8539 251.451 4.23634e-06 0.0164007 0.0164012
23.8939 253.252 4.23039e-06 0.0162807 0.0162814
23.9339 255.053 4.22433e-06 0.0161636 0.0161636
23.974 256.854 4.21818e-06 0.0160456 0.0160462
24.014 258.655 4.21193e-06 0.0159315 0.0159322
24.0541 260.456 4.20558e-06 0.0158183 0.0158187
24.0941 262.257 4.19912e-06 0.0157065 0.0157069
24.1341 264.058 4.19258e-06 0.0155958 0.0155974
24.1742 265.858 4.18594e-06 0.0154874 0.0154883
24.2142 268.11 4.17921e-06 0.0153806 0.0153815
24.2543 269.91 4.1724e-06 0.0152751 0.0152765
24.2943 271.711 4.16549e-06 0.0151717 0.0151722
24.3343 273.512 4.15849e-06 0.0150698 0.0150701
24.3744 275.313 4.15142e-06 0.0149672 0.0149688
24.4144 277.114 4.14426e-06 0.0148691 0.0148691
24.4545 278.915 4.13703e-06 0.014769 0.0147707
24.4945 280.716 4.12971e-06 0.0146723 0.0146732
24.5345 282.517 4.12232e-06 0.0145747 0.0145773
24.5746 284.768 4.11486e-06 0.0144806 0.0144823
24.6146 286.569 4.10733e-06 0.0143875 0.0143881
24.6547 288.37 4.09972e-06 0.0142958 0.0142966
24.6947 290.171 4.09205e-06 0.014204 0.0142051
24.7347 291.972 4.08431e-06 0.0141142 0.0141156
24.7748 293.772 4.07652e-06 0.0140246 0.0140257
24.8148 295.573 4.06865e-06 0.0139368 0.0139384
24.8549 297.374 4.06074e-06 0.0138505 0.0138515
24.8949 299.175 4.05275e-06 0.0137642 0.0137661
24.9349 301.426 4.04472e-06 0.0136791 0.013681
24.975 303.227 4.03662e-06 0.0135962 0.0135972
25.015 305.028 4.02849e-06 0.0135139 0.0135159
25.0551 306.829 4.0203e-06 0.0134323 0.0134336
25.0951 308.63 4.01206e-06 0.0133531 0.0133531
25.1351 310.431 4.00377e-06 0.0132726 0.0132748
25.1752 312.232 3.99544e-06 0.0131945 0.0131957
25.2152 314.033 3.98706e-06 0.0131161 0.0131178
25.2553 316.284 3.97865e-06 0.0130383 0.0130404
25.2953 318.085 3.97019e-06 0.0129639 0.0129647
25.3353 319.886 3.96169e-06 0.012889 0.0128897
25.3754 321.686 3.95316e-06 0.0128159 0.0128159
25.4154 323.487 3.94459e-06 0.0127421 0.0127421
25.4555 325.288 3.93599e-06 0.0126685 0.0126704
25.4955 327.089 3.92736e-06 0.012597 0.0125981
25.5355 328.89 3.9187e-06 0.0125276 0.0125276
25.5756 330.691 3.91e-06 0.0124559 0.0124573
25.6156 332.717 3.90129e-06 0.0123877 0.0123884
25.6557 334.743 3.89254e-06 0.0123173 0.0123199
25.6957 336.544 3.88377e-06 0.012251 0.0122518
25.7357 338.345 3.87498e-06 0.012183 0.0121851
25.7758 340.146 3.86615e-06 0.0121166 0.0121184
25.8158 341.947 3.85733e-06 0.012052 0.0120521
25.8559 343.748 3.84847e-06 0.0119876 0.011988
25.8959 345.548 3.8396e-06 0.011923 0.0119237
25.9359 347.349 3.83071e-06 0.0118596 0.0118605
25.976 349.15 3.8218e-06 0.0117965 0.0117973
26.016 350.951 3.81289e-06 0.0117346 0.0117353
26.0561 352.752 3.80394e-06 0.011673 0.0116733
26.0961 354.553 3.79501e-06 0.0116131 0.0116131
26.1361 356.354 3.78607e-06 0.0115523 0.0115523
26.1762 358.38 3.77709e-06 0.011492 0.011493
26.2162 359.956 3.76813e-06 0.0114344 0.0114344
26.2563 361.982 3.75914e-06 0.0113758 0.0113758
26.2963 364.008 3.75015e-06 0.0113183 0.0113183
26.3363 365.809 3.74117e-06 0.0112616 0.0112616
26.3764 367.61 3.73217e-06 0.0112045 0.0112045
26.4164 369.41 3.72317e-06 0.0111481 0.0111481
26.4565 371.662 3.71418e-06 0.0110921 0.0110921
26.4965 373.462 3.70516e-06 0.0110366 0.0110373
26.5365 375.714 3.69616e-06 0.0109819 0.0109831
26.5766 377.515 3.68718e-06 0.0109287 0.0109296
26.6166 379.766 3.67816e-06 0.0108752 0.0108762
26.6567 381.567 3.66916e-06 0.0108234 0.0108234
26.6967 382.017 3.66019e-06 0.0107714 0.0107717
26.7367 383.818 3.65117e-06 0.0107205 0.0107205
26.7768 386.069 3.64218e-06 0.0106681 0.0106681
26.8168 388.32 3.63322e-06 0.0106153 0.0106167
26.8569 390.571 3.62422e-06 0.0105644 0.0105672
26.8969 392.822 3.61525e-06 0.0105151 0.0105163
26.9369 394.623 3.60631e-06 0.0104677 0.0104677
26.977 395.073 3.59734e-06 0.0104192 0.0104192
27.017 397.324 3.58838e-06 0.0103689 0.01037
27.0571 399.576 3.57947e-06 0.0103192 0.0103236
27.0971 402.277 3.57054e-06 0.0102721 0.0102748
27.1371 404.528 3.56159e-06 0.0102292 0.0102292
27.1772 404.078 3.55271e-06 0.0101818 0.0101818
27.2172 406.779 3.54384e-06 0.010132 0.0101342
27.2573 409.481 3.53492e-06 0.0100849 0.0100898
27.2973 411.732 3.52605e-06 0.0100425 0.0100425
27.3373 411.281 3.51723e-06 0.00999981 0.0100001
27.3774 413.983 3.50838e-06 0.00995064 0.00995416
27.4174 416.684 3.49952e-06 0.00990488 0.00991059
27.4575 419.386 3.49073e-06 0.00986722 0.00986722
27.4975 418.935 3.48196e-06 0.00982245 0.00982291
27.5375 422.087 3.47315e-06 0.00977397 0.00978053
27.5776 424.788 3.46435e-06 0.00973386 0.00973498
27.6176 427.49 3.45566e-06 0.00969647 0.0096969
27.6577 427.039 3.44694e-06 0.00964801 0.00965177
27.6977 430.191 3.43818e-06 0.00960465 0.00961267
27.7377 432.892 3.42948e-06 0.00957279 0.00957279
27.7778 432.442 3.42085e-06 0.00952544 0.00952685
27.8178 435.594 3.41219e-06 0.00948195 0.00949027
27.8579 438.295 3.4035e-06 0.00945012 0.00945076
27.8979 441.447 3.39487e-06 0.00940612 0.00940647
27.9379 440.996 3.38633e-06 0.00936027 0.00937095
27.978 444.148 3.37776e-06 0.0093323 0.00933353
28.018 447.3 3.36913e-06 0.00928677 0.00928987
28.0581 446.849 3.36058e-06 0.0092453 0.00925317
28.0981 450.001 3.35213e-06 0.0092186 0.0092186
28.1381 449.551 3.34364e-06 0.00916668 0.00918021
28.1782 449.1 3.3351e-06 0.00913602 0.00913602
28.2182 450.001 3.32662e-06 0.00910381 0.00910461
28.2583 450.001 3.31825e-06 0.00905197 0.00907074
28.2983 450.001 3.30988e-06 0.00903276 0.00903276
28.3383 450.001 3.30144e-06 0.00898489 0.00899203
28.3784 450.001 3.29301e-06 0.00894879 0.00895455
28.4184 450.001 3.28471e-06 0.00892368 0.00892405
28.4585 450.001 3.27646e-06 0.00886931 0.00889153
28.4985 450.001 3.26814e-06 0.00885561 0.00885561
28.5385 450.001 3.25979e-06 0.00880312 0.00881782
28.5786 450.001 3.25153e-06 0.00877811 0.00877811
28.6186 450.001 3.24337e-06 0.00874436 0.00874454
28.6587 450.001 3.23522e-06 0.00869889 0.00871587
28.6987 450.001 3.22698e-06 0.0086852 0.00868556
28.7387 450.001 3.21875e-06 0.00862522 0.00865388
28.7788 450.001 3.21064e-06 0.00862038 0.00862038
28.8188 450.001 3.20262e-06 0.00855993 0.00858624
28.8589 450.001 3.19457e-06 0.00855021 0.00855079
28.8989 450.001 3.18643e-06 0.00850078 0.00851478
28.9389 450.001 3.17833e-06 0.00847871 0.00847921
28.979 450.001 3.17036e-06 0.00844306 0.00844349
29.019 450.001 3.16247e-06 0.00840743 0.00841438
29.0591 450.001 3.15453e-06 0.00838522 0.00838529
29.0991 450.001 3.14651e-06 0.00833935 0.00835686
29.1391 450.001 3.13853e-06 0.00832788 0.00832788
29.1792 450.001 3.13069e-06 0.008273 0.00829897
29.2192 450.001 3.12294e-06 0.00826969 0.00826969
29.2593 450.001 3.11514e-06 0.00821001 0.00823985
29.2993 450.001 3.10725e-06 0.00821034 0.00821034
29.3393 450.001 3.09938e-06 0.00814847 0.0081806
29.3794 450.001 3.09163e-06 0.00815047 0.00815047
29.4194 450.001 3.08401e-06 0.00808961 0.00812046
29.4595 450.001 3.07638e-06 0.00809035 0.00809043
29.4995 450.001 3.06865e-06 0.00803341 0.00805962
29.5395 450.001 3.06089e-06 0.00802762 0.00802916
29.5796 450.001 3.05322e-06 0.00798092 0.00799638
29.6196 450.001 3.0457e-06 0.00796322 0.00796414
29.6597 450.001 3.03824e-06 0.00793324 0.00793362
29.6997 450.001 3.03071e-06 0.00789568 0.00791121
29.7397 450.001 3.02309e-06 0.00788981 0.00788984
29.7798 450.001 3.01549e-06 0.00782744 0.00786852
29.8198 450.001 3.00802e-06 0.00784743 0.00784743
29.8599 450.001 3.00069e-06 0.00776156 0.0078252
29.8999 450.001 2.99338e-06 0.00779949 0.00779978
29.9399 450.001 2.98597e-06 0.00770699 0.00777245
29.98 450.001 2.97849e-06 0.00773928 0.00773941
30.02 450.001 2.97104e-06 0.00766671 0.00770427
30.0601 450.001 2.96374e-06 0.00766463 0.00766463
30.1001 450.001 2.95659e-06 0.00764225 0.00764225
30.1401 450.001 2.94943e-06 0.00758212 0.00763159
30.1802 450.001 2.94219e-06 0.00761618 0.00761675
30.2202 450.001 2.93485e-06 0.00751468 0.00759743
30.2603 450.001 2.92754e-06 0.0075664 0.00756703
30.3003 450.001 2.92039e-06 0.00748063 0.00752939
30.3403 450.001 2.91338e-06 0.00748267 0.00748288
30.3804 450.001 2.90641e-06 0.00747321 0.00747321
30.4204 450.001 2.89935e-06 0.00739116 0.00746899
30.4605 450.001 2.89219e-06 0.00745151 0.00745218
30.5005 450.001 2.88501e-06 0.00733911 0.00742139
30.5405 450.001 2.87795e-06 0.00737572 0.00737582
30.5806 450.001 2.87106e-06 0.00734079 0.00734135
30.6206 450.001 2.86426e-06 0.00726869 0.00734644
30.6607 450.001 2.85744e-06 0.00733586 0.00733695
30.7007 450.001 2.85049e-06 0.00721488 0.00730612
30.7407 450.001 2.84347e-06 0.007254 0.007254
30.7808 450.001 2.83648e-06 0.00723318 0.00723318
30.8208 450.001 2.82964e-06 0.00713869 0.00724141
30.8609 450.001 2.82297e-06 0.00722253 0.00722483
30.9009 450.001 2.81636e-06 0.00711044 0.00717725
30.9409 450.001 2.80969e-06 0.00711084 0.00713141
30.981 450.001 2.8029e-06 0.00714809 0.00714843
31.021 450.001 2.79604e-06 0.00701259 0.00713892
31.0611 450.001 2.78923e-06 0.00709059 0.00709162
31.1011 450.001 2.78257e-06 0.00704335 0.00704449
31.1411 450.001 2.77607e-06 0.00695024 0.00706722
31.1812 450.001 2.76965e-06 0.00705219 0.00705284
31.2212 450.001 2.76318e-06 0.00693815 0.00699262
31.2613 450.001 2.75658e-06 0.00690989 0.0069764
31.3013 450.001 2.74989e-06 0.00699155 0.00699219
31.3413 450.001 2.74323e-06 0.00684279 0.00695673
31.3814 450.001 2.73669e-06 0.0068749 0.00688372
31.4214 450.001 2.73033e-06 0.00692099 0.00692145
31.4615 450.001 2.7241e-06 0.00676335 0.00691024
31.5015 450.001 2.71785e-06 0.00683649 0.00683687
31.5415 450.001 2.71149e-06 0.00684726 0.00684824
31.5816 450.001 2.70502e-06 0.00669292 0.0068573
31.6216 450.001 2.6985e-06 0.00679028 0.00679104
31.6617 450.001 2.69206e-06 0.00677815 0.00677873
31.7017 450.001 2.68576e-06 0.00662535 0.00680069
31.7417 450.001 2.67965e-06 0.00673725 0.00673772
31.7818 450.001 2.67361e-06 0.00671844 0.00671856
31.8218 450.001 2.66754e-06 0.00656138 0.00674564
31.8619 450.001 2.66136e-06 0.006677 0.00667717
31.9019 450.001 2.65506e-06 0.00666717 0.00666856
31.9419 450.001 2.64871e-06 0.00649974 0.00669104
31.982 450.001 2.64246e-06 0.00660584 0.0066067
32.022 450.001 2.63635e-06 0.00662491 0.00662695
32.0621 450.001 2.63043e-06 0.00644074 0.00663315
32.1021 450.001 2.62458e-06 0.00652395 0.00652509
32.1421 450.001 2.61873e-06 0.00658811 0.00658968
32.1822 450.001 2.61276e-06 0.00639604 0.00656182
32.2222 450.001 2.60667e-06 0.00643003 0.00649119
32.2623 450.001 2.60052e-06 0.00654921 0.00654921
32.3023 450.001 2.5944e-06 0.00637396 0.00647354
32.3423 450.001 2.58841e-06 0.00632721 0.00648242
32.3824 450.001 2.58261e-06 0.00649095 0.00649104
32.4224 450.001 2.57694e-06 0.00637579 0.00637661
32.4625 450.001 2.57132e-06 0.00623681 0.00646646
32.5025 450.001 2.56562e-06 0.00639465 0.00639657
32.5425 450.001 2.55981e-06 0.00639035 0.00639282
32.5826 450.001 2.55388e-06 0.00618283 0.00640946
32.6226 450.001 2.5479e-06 0.00626309 0.00629525
32.6627 450.001 2.54199e-06 0.00638513 0.00638762
32.7027 450.001 2.53624e-06 0.00619318 0.00629405
32.7427 450.001 2.53064e-06 0.00612173 0.0063297
32.7828 450.001 2.5252e-06 0.00630887 0.00631245
32.8228 450.001 2.51976e-06 0.00624805 0.00624968
32.8629 450.001 2.5143e-06 0.00604206 0.00630644
32.9029 450.001 2.50868e-06 0.00615489 0.00616539
32.9429 450.001 2.50295e-06 0.00627505 0.00627832
32.983 450.001 2.49716e-06 0.00607092 0.00617448
33.023 450.001 2.49142e-06 0.00598566 0.00622811
33.0631 450.001 2.48582e-06 0.00618558 0.00618593
33.1031 450.001 2.48037e-06 0.00616338 0.00616603
33.1431 450.001 2.47509e-06 0.00592872 0.00618431
33.1832 450.001 2.46987e-06 0.00598381 0.00609724
33.2232 450.001 2.46466e-06 0.00617084 0.00617137
33.2633 450.001 2.4593e-06 0.00602614 0.00602764
33.3033 450.001 2.45386e-06 0.00583597 0.00614955
33.3433 450.001 2.44827e-06 0.00599044 0.00599173
33.3834 450.001 2.4427e-06 0.00611531 0.00611746
33.4234 450.001 2.43717e-06 0.0058986 0.00598918
33.4635 450.001 2.43179e-06 0.00577566 0.00608144
33.5035 450.001 2.42661e-06 0.00598046 0.00598289
33.5435 450.001 2.42152e-06 0.00604268 0.00604575
33.5836 450.001 2.41654e-06 0.00579286 0.00597067
33.6236 450.001 2.41151e-06 0.00572505 0.00600893
33.6637 450.001 2.40639e-06 0.00595256 0.00595412
33.7037 450.001 2.40115e-06 0.00597257 0.0059748
33.7437 450.001 2.39578e-06 0.00570681 0.00593376
33.7838 450.001 2.39041e-06 0.00566779 0.00594399
33.8238 450.001 2.38504e-06 0.00590615 0.00590762
33.8639 450.001 2.37982e-06 0.00591358 0.00591675
33.9039 450.001 2.37476e-06 0.00564212 0.00587847
33.9439 450.001 2.36983e-06 0.00559644 0.00589503
33.984 450.001 2.36507e-06 0.00584188 0.00584255
34.024 450.001 2.36026e-06 0.00587206 0.00587429
34.0641 450.001 2.35542e-06 0.00559952 0.00580414
34.1041 450.001 2.35048e-06 0.00551476 0.00586118
34.1441 450.001 2.34536e-06 0.00575573 0.00575633
34.1842 450.001 2.34022e-06 0.0058435 0.00584449
34.2242 450.001 2.33501e-06 0.00558349 0.00570465
34.2643 450.001 2.32986e-06 0.00542971 0.00583236
34.3043 450.001 2.32489e-06 0.00564005 0.00564369
34.3443 450.001 2.32e-06 0.00580769 0.00581211
34.3844 450.001 2.31534e-06 0.00560277 0.00560851
34.4244 450.001 2.31075e-06 0.00536284 0.00578348
34.4645 450.001 2.30615e-06 0.00549357 0.00562564
34.5045 450.001 2.30158e-06 0.00574009 0.00574449
34.5445 450.001 2.29683e-06 0.00564996 0.00565195
34.5846 450.001 2.29199e-06 0.00534917 0.00568733
34.6246 450.001 2.28707e-06 0.00533493 0.0056749
34.6647 450.001 2.28203e-06 0.00560961 0.00561107
34.7047 450.001 2.27708e-06 0.00568559 0.00569045
34.7447 450.001 2.27222e-06 0.0054117 0.00551554
34.7848 450.001 2.26745e-06 0.00521922 0.00568494
34.8248 450.001 2.26292e-06 0.00540665 0.00547104
34.8649 450.001 2.25848e-06 0.00564674 0.00564901
34.9049 450.001 2.25408e-06 0.00552889 0.00553022
34.9449 450.001 2.24978e-06 0.00521751 0.00557858
34.985 450.001 2.24534e-06 0.00519079 0.00558105
35.025 450.001 2.2408e-06 0.00547249 0.00547356
35.0651 450.001 2.23621e-06 0.0056012 0.00560184
35.1051 450.001 2.23142e-06 0.0053528 0.00537104
35.1451 450.001 2.22661e-06 0.00509185 0.00557796
35.1852 450.001 2.22189e-06 0.00519774 0.005445
35.2252 450.001 2.21714e-06 0.00549452 0.00549676
35.2653 450.001 2.21259e-06 0.00551417 0.00551665
35.3053 450.001 2.20823e-06 0.00520562 0.00536226
35.3453 450.001 2.20391e-06 0.00500855 0.00553669
35.3854 450.001 2.19976e-06 0.0051953 0.00532225
35.4254 450.001 2.19567e-06 0.00547711 0.00548089
35.4655 450.001 2.19145e-06 0.00542679 0.00543031
35.5055 450.001 2.18722e-06 0.00509799 0.00534729
35.5455 450.001 2.18292e-06 0.00494119 0.0054816
35.5856 450.001 2.1784e-06 0.00516399 0.00523761
35.6256 450.001 2.17383e-06 0.00543744 0.00544109
35.6657 450.001 2.1693e-06 0.0053647 0.00536688
35.7057 450.001 2.16468e-06 0.0050263 0.00529962
35.7457 450.001 2.16018e-06 0.00487028 0.00543397
35.7858 450.001 2.1559e-06 0.00509359 0.0051866
35.8258 450.001 2.15165e-06 0.00537963 0.00538141
35.8659 450.001 2.14755e-06 0.00533216 0.00533306
35.9059 450.001 2.14367e-06 0.00499357 0.00521496
35.9459 450.001 2.13972e-06 0.00479563 0.00539125
35.986 450.001 2.13575e-06 0.00498197 0.00517915
36.026 450.001 2.13182e-06 0.00529759 0.00530092
36.0661 450.001 2.12773e-06 0.00532288 0.00532512
36.1061 450.001 2.12345e-06 0.00500725 0.00509233
36.1461 450.001 2.11919e-06 0.00473724 0.00533538
36.1862 450.001 2.11485e-06 0.004837 0.00521181
36.2262 450.001 2.11038e-06 0.00517022 0.00517211
36.2663 450.001 2.10606e-06 0.00531234 0.00531521
36.3063 450.001 2.10187e-06 0.00507389 0.00507586
36.3463 450.001 2.0977e-06 0.00473118 0.00523022
36.3864 450.001 2.09368e-06 0.00468433 0.00525614
36.4264 450.001 2.08992e-06 0.00497641 0.00499901
36.4665 450.001 2.08616e-06 0.00525 0.00525354
36.5065 450.001 2.08238e-06 0.00516806 0.00517116
36.5465 450.001 2.07873e-06 0.00481316 0.00503664
36.5866 450.001 2.07502e-06 0.00458391 0.00524776
36.6266 450.001 2.07109e-06 0.00473091 0.00507671
36.6667 450.001 2.06712e-06 0.00507768 0.00507788
36.7067 450.001 2.06314e-06 0.00521774 0.00521995
36.7467 450.001 2.05896e-06 0.00498088 0.0049841
36.7868 450.001 2.05471e-06 0.00462033 0.00510187
36.8268 450.001 2.05059e-06 0.00452095 0.00518026
36.8669 450.001 2.04653e-06 0.00478297 0.00490388
36.9069 450.001 2.04243e-06 0.00510973 0.00511145
36.9469 450.001 2.03855e-06 0.00513753 0.0051384
36.987 450.001 2.0349e-06 0.00482342 0.00485779
37.027 450.001 2.03125e-06 0.00449067 0.00511017
37.0671 450.001 2.02762e-06 0.00447992 0.00509959
37.1071 450.001 2.02421e-06 0.00479182 0.00482972
37.1471 450.001 2.02079e-06 0.00509276 0.00509661
37.1872 450.001 2.01718e-06 0.00506323 0.0050654
37.2272 450.001 2.01351e-06 0.00471935 0.00480441
37.2673 450.001 2.00988e-06 0.0044025 0.00507629
37.3073 450.001 2.00608e-06 0.00442185 0.00503848
37.3473 450.001 2.00206e-06 0.00474811 0.00477638
37.3874 450.001 1.99809e-06 0.00504707 0.00505054
37.4274 450.001 1.99421e-06 0.00501669 0.00502014
37.4675 450.001 1.99024e-06 0.00467416 0.00474547
37.5075 450.001 1.98626e-06 0.00434339 0.00501896
37.5475 450.001 1.98255e-06 0.00433268 0.00501104
37.5876 450.001 1.97901e-06 0.00464338 0.00471887
37.6276 450.001 1.97543e-06 0.00497299 0.00497466
37.6677 450.001 1.97194e-06 0.00500213 0.00500465
37.7077 450.001 1.9687e-06 0.00469441 0.00470754
37.7477 450.001 1.96551e-06 0.00432592 0.00492165
37.7878 450.001 1.96216e-06 0.00422553 0.00500454
37.8278 450.001 1.95876e-06 0.00447796 0.00473011
37.8679 450.001 1.95547e-06 0.00484538 0.00484843
37.9079 450.001 1.95207e-06 0.00499054 0.00499258
37.9479 450.001 1.94839e-06 0.00477491 0.00477522
37.988 450.001 1.94465e-06 0.00437984 0.00475434
38.028 450.001 1.941e-06 0.00414501 0.00497118
38.0681 450.001 1.93729e-06 0.00426758 0.00483007
38.1081 450.001 1.93343e-06 0.00463287 0.00463895
38.1481 450.001 1.92963e-06 0.0049194 0.0049235
38.1882 450.001 1.92608e-06 0.00487591 0.00487937
38.2282 450.001 1.92262e-06 0.00453121 0.00458269
38.2683 450.001 1.9191e-06 0.00416776 0.00484121
38.3083 450.001 1.91571e-06 0.0040794 0.00491184
38.3483 450.001 1.91261e-06 0.00433437 0.00463759
38.3884 450.001 1.9096e-06 0.00471489 0.00471681
38.4284 450.001 1.90644e-06 0.00490211 0.00490711
38.4685 450.001 1.90327e-06 0.00474173 0.00474402
38.5085 450.001 1.90026e-06 0.00435047 0.00455762
38.5485 450.001 1.89724e-06 0.00403596 0.00484764
38.5886 450.001 1.89396e-06 0.00404018 0.00482654
38.6286 450.001 1.89051e-06 0.00435199 0.00451759
38.6687 450.001 1.88711e-06 0.00472094 0.00472246
38.7087 450.001 1.88376e-06 0.00485671 0.00485729
38.7487 450.001 1.88021e-06 0.00464787 0.00464803
38.7888 450.001 1.8765e-06 0.00424637 0.00453508
38.8288 450.001 1.87291e-06 0.00395169 0.00481446
38.8689 450.001 1.86952e-06 0.00397702 0.00477137
38.9089 450.001 1.86614e-06 0.00429757 0.00445936
38.9489 450.001 1.86267e-06 0.00466959 0.00467382
38.989 450.001 1.85935e-06 0.00481443 0.00481878
39.029 450.001 1.85632e-06 0.00461953 0.0046218
39.0691 450.001 1.85343e-06 0.00422073 0.00445208
39.1091 450.001 1.85045e-06 0.00389781 0.00475113
39.1491 450.001 1.84741e-06 0.00387719 0.00475612
39.1892 450.001 1.84458e-06 0.00416622 0.0044505
39.2292 450.001 1.84188e-06 0.00455589 0.00455869
39.2693 450.001 1.83902e-06 0.00476868 0.00477267
39.3093 450.001 1.83592e-06 0.00464985 0.0046549
39.3493 450.001 1.83278e-06 0.0042787 0.00436598
39.3894 450.001 1.82975e-06 0.00390208 0.00463545
39.4294 450.001 1.82667e-06 0.00376986 0.00475221
39.4695 450.001 1.82333e-06 0.00396598 0.00453818
39.5095 450.001 1.81982e-06 0.00435413 0.00436874
39.5495 450.001 1.81644e-06 0.00466988 0.00467005
39.5896 450.001 1.81322e-06 0.00470097 0.00470203
39.6296 450.001 1.80997e-06 0.00442188 0.00442426
39.6697 450.001 1.80658e-06 0.00400949 0.00441554
39.7097 450.001 1.80326e-06 0.00372508 0.00468648
39.7497 450.001 1.80024e-06 0.00374536 0.00465057
39.7898 450.001 1.79742e-06 0.00405254 0.0043345
39.8298 450.001 1.79457e-06 0.00444699 0.0044492
39.8699 450.001 1.79162e-06 0.00467733 0.00468063
39.9099 450.001 1.7888e-06 0.00459395 0.00459809
39.9499 450.001 1.78625e-06 0.00424531 0.00428009
39.99 450.001 1.78377e-06 0.00384109 0.00446136
40.03 450.001 1.78109e-06 0.00362307 0.00466566
40.0701 450.001 1.77823e-06 0.00371798 0.00455568
40.1101 450.001 1.77539e-06 0.00406423 0.00424472
40.1502 450.001 1.77271e-06 0.00445063 0.00445398
40.1902 450.001 1.76995e-06 0.0046417 0.00464736
40.2302 450.001 1.76692e-06 0.00452344 0.00452762
40.2703 450.001 1.76368e-06 0.00416078 0.00421857
40.3103 450.001 1.7605e-06 0.00375891 0.00442518
40.3504 450.001 1.75748e-06 0.00354717 0.00462402
40.3904 450.001 1.75445e-06 0.00364304 0.00451446
40.4304 450.001 1.75124e-06 0.00398425 0.00419982
40.4705 450.001 1.74794e-06 0.00437577 0.00437668
40.5105 450.001 1.74482e-06 0.00459391 0.00459433
40.5506 450.001 1.74199e-06 0.00451407 0.00451407
40.5906 450.001 1.73926e-06 0.00417485 0.00419584
40.6306 450.001 1.73643e-06 0.00376134 0.00430834
40.6707 450.001 1.73355e-06 0.00349523 0.00456195
40.7107 450.001 1.73085e-06 0.00351515 0.00452834
40.7508 450.001 1.72845e-06 0.00380708 0.00422199
40.7908 450.001 1.72615e-06 0.00420902 0.00421404
40.8308 450.001 1.7237e-06 0.00450668 0.00451123
40.8709 450.001 1.72107e-06 0.00453616 0.00454209
40.9109 450.001 1.71846e-06 0.00428281 0.00428429
40.951 450.001 1.71603e-06 0.00387112 0.00412662
40.991 450.001 1.71367e-06 0.00351536 0.00443073
41.031 450.001 1.7111e-06 0.0033901 0.00454318
41.0711 450.001 1.70824e-06 0.00355755 0.00436021
41.1111 450.001 1.70527e-06 0.00392851 0.00408363
41.1512 450.001 1.70242e-06 0.00431256 0.00431455
41.1912 450.001 1.69969e-06 0.00451259 0.00451787
41.2312 450.001 1.69687e-06 0.0044302 0.00443403
41.2713 450.001 1.69382e-06 0.00410014 0.00411616
41.3113 450.001 1.69065e-06 0.00368385 0.00415375
41.3514 450.001 1.68763e-06 0.00337849 0.00444726
41.3914 450.001 1.68487e-06 0.00332987 0.00448439
41.4314 450.001 1.68223e-06 0.00355579 0.00424347
41.4715 450.001 1.6795e-06 0.0039454 0.00403644
41.5115 450.001 1.67665e-06 0.00431078 0.00431335
41.5516 450.001 1.6739e-06 0.00447821 0.00448139
41.5916 450.001 1.67145e-06 0.00436587 0.00436766
41.6316 450.001 1.66925e-06 0.00402378 0.00405077
41.6717 450.001 1.66706e-06 0.00360769 0.00411265
41.7117 450.001 1.66467e-06 0.00330548 0.00440419
41.7518 450.001 1.66219e-06 0.00325061 0.00444575
41.7918 450.001 1.65981e-06 0.00346409 0.00421843
41.8318 450.001 1.65767e-06 0.00384634 0.00398325
41.8719 450.001 1.6556e-06 0.0042247 0.00422844
41.9119 450.001 1.65335e-06 0.00442898 0.00443355
41.952 450.001 1.65081e-06 0.00436518 0.00436979
41.992 450.001 1.64813e-06 0.00406183 0.00406524
42.032 450.001 1.64553e-06 0.00364636 0.00399299
42.0721 450.001 1.64309e-06 0.00329755 0.004298
42.1121 450.001 1.64063e-06 0.0031608 0.00442319
42.1522 450.001 1.63795e-06 0.00329207 0.00427924
42.1922 450.001 1.63502e-06 0.00363111 0.0039676
42.2322 450.001 1.63205e-06 0.00403244 0.00403618
42.2723 450.001 1.62925e-06 0.00432641 0.00432759
42.3123 450.001 1.62668e-06 0.00438863 0.00439112
42.3524 450.001 1.62416e-06 0.00419145 0.00419463
42.3924 450.001 1.62149e-06 0.00381525 0.00391745
42.4324 450.001 1.61869e-06 0.00340941 0.00407666
42.4725 450.001 1.61595e-06 0.00313608 0.00433816
42.5125 450.001 1.6135e-06 0.00310306 0.00435887
42.5526 450.001 1.61134e-06 0.0033203 0.00412901
42.5926 450.001 1.60926e-06 0.00369683 0.00388706
42.6326 450.001 1.60705e-06 0.00408273 0.00408603
42.6727 450.001 1.60469e-06 0.00432535 0.00432934
42.7127 450.001 1.60235e-06 0.00432652 0.00433109
42.7528 450.001 1.60024e-06 0.00408667 0.00408993
42.7928 450.001 1.59837e-06 0.00369524 0.00386326
42.8328 450.001 1.59654e-06 0.00330061 0.00406761
42.8729 450.001 1.59451e-06 0.00304884 0.00430863
42.9129 450.001 1.59222e-06 0.00303296 0.00431272
42.953 450.001 1.5898e-06 0.00325627 0.00407681
42.993 450.001 1.58748e-06 0.00363195 0.00384035
43.033 450.001 1.58534e-06 0.00401875 0.0040221
43.0731 450.001 1.58323e-06 0.00427256 0.00427685
43.1131 450.001 1.58094e-06 0.00429857 0.00430418
43.1532 450.001 1.57835e-06 0.00408783 0.00409114
43.1932 450.001 1.57559e-06 0.00371407 0.00382515
43.2332 450.001 1.57289e-06 0.0033087 0.00394562
43.2733 450.001 1.57038e-06 0.00301559 0.00422902
43.3133 450.001 1.56803e-06 0.00293591 0.00429812
43.3534 450.001 1.56564e-06 0.00309436 0.00412734
43.3934 450.001 1.56306e-06 0.00343349 0.00382887
43.4334 450.001 1.56032e-06 0.00383111 0.00385609
43.4735 450.001 1.55765e-06 0.00415056 0.0041548
43.5135 450.001 1.55522e-06 0.00427896 0.00428406
43.5536 450.001 1.55307e-06 0.00417224 0.00417602
43.5936 450.001 1.55106e-06 0.00386475 0.00387405
43.6336 450.001 1.54898e-06 0.00346001 0.00378147
43.6737 450.001 1.54672e-06 0.00309142 0.00404225
43.7137 450.001 1.54441e-06 0.00287966 0.0042439
43.7538 450.001 1.54224e-06 0.00289184 0.00422139
43.7938 450.001 1.54037e-06 0.0031215 0.00398019
43.8338 450.001 1.53871e-06 0.00349179 0.00374981
43.8739 450.001 1.53706e-06 0.00387961 0.0038828
43.9139 450.001 1.53521e-06 0.00415782 0.00416147
43.954 450.001 1.53312e-06 0.00423704 0.00424224
43.994 450.001 1.53094e-06 0.00409128 0.00409559
44.034 450.001 1.52885e-06 0.00376485 0.0037936
44.0741 450.001 1.52698e-06 0.00336057 0.00374513
44.1141 450.001 1.5252e-06 0.00300351 0.00401223
44.1542 450.001 1.52332e-06 0.00280146 0.00420359
44.1942 450.001 1.52117e-06 0.00281589 0.00417908
44.2342 450.001 1.51875e-06 0.0030397 0.00394691
44.2743 450.001 1.51623e-06 0.00340088 0.00371014
44.3143 450.001 1.51382e-06 0.00378952 0.00380154
44.3544 450.001 1.5116e-06 0.0040859 0.00409043
44.3944 450.001 1.50948e-06 0.00420065 0.00420561
44.4344 450.001 1.50728e-06 0.00409844 0.00410185
44.4745 450.001 1.50487e-06 0.00380776 0.0038145
44.5145 450.001 1.50227e-06 0.00341639 0.00368051
44.5546 450.001 1.49965e-06 0.00303523 0.00387003
44.5946 450.001 1.49722e-06 0.0027749 0.00412235
44.6346 450.001 1.49507e-06 0.00270783 0.00417925
44.6747 450.001 1.4931e-06 0.00285166 0.00402492
44.7147 450.001 1.49114e-06 0.00316271 0.00373175
44.7548 450.001 1.48903e-06 0.00355029 0.00366966
44.7948 450.001 1.48677e-06 0.00390422 0.00390757
44.8348 450.001 1.48452e-06 0.0041221 0.00412704
44.8749 450.001 1.48245e-06 0.00414528 0.00414963
44.9149 450.001 1.48069e-06 0.00396461 0.00396792
44.955 450.001 1.47916e-06 0.00362972 0.0036855
44.995 450.001 1.47765e-06 0.00323134 0.0036579
45.035 450.001 1.47599e-06 0.00287948 0.00390967
45.0751 450.001 1.47411e-06 0.00266532 0.00411501
45.1151 450.001 1.47211e-06 0.00264471 0.00412622
45.1552 450.001 1.47017e-06 0.00282203 0.00393904
45.1952 450.001 1.46843e-06 0.00314839 0.00366212
45.2352 450.001 1.46689e-06 0.00353335 0.00363454
45.2753 450.001 1.46541e-06 0.00387602 0.00387932
45.3153 450.001 1.46377e-06 0.00408572 0.00409033
45.3554 450.001 1.46185e-06 0.004107 0.00411083
45.3954 450.001 1.45968e-06 0.00393354 0.00393752
45.4354 450.001 1.45743e-06 0.00361078 0.00365644
45.4755 450.001 1.45526e-06 0.0032199 0.00360113
45.5155 450.001 1.45329e-06 0.00285831 0.00381745
45.5556 450.001 1.45144e-06 0.0026177 0.00404888
45.5956 450.001 1.44955e-06 0.0025557 0.00410227
45.6356 450.001 1.44746e-06 0.00268647 0.00396175
45.6757 450.001 1.44512e-06 0.00297406 0.00367878
45.7157 450.001 1.44264e-06 0.00334764 0.00356443
45.7558 450.001 1.44019e-06 0.0037129 0.00371761
45.7958 450.001 1.43795e-06 0.00397946 0.00398381
45.8358 450.001 1.43594e-06 0.00408291 0.00408818
45.8759 450.001 1.43408e-06 0.00399782 0.00400239
45.9159 450.001 1.4322e-06 0.00374395 0.00374742
45.956 450.001 1.43017e-06 0.00338248 0.00354964
45.996 450.001 1.42797e-06 0.00299703 0.00361233
46.036 450.001 1.42572e-06 0.00267816 0.0038783
46.0761 450.001 1.4236e-06 0.00249973 0.00404793
46.1161 450.001 1.42175e-06 0.00250096 0.00403773
46.1562 450.001 1.42019e-06 0.00267996 0.00384988
46.1962 450.001 1.41878e-06 0.00299401 0.00358422
46.2362 450.001 1.41734e-06 0.00336816 0.00352559
46.2763 450.001 1.41573e-06 0.00371729 0.00372146
46.3163 450.001 1.41393e-06 0.00396229 0.00396504
46.3564 450.001 1.41204e-06 0.00404559 0.00404983
46.3964 450.001 1.41024e-06 0.00394776 0.00395223
46.4364 450.001 1.40865e-06 0.00369411 0.00369648
46.4765 450.001 1.4073e-06 0.00333727 0.00350458
46.5165 450.001 1.40607e-06 0.00295638 0.00355872
46.5566 450.001 1.40478e-06 0.00263424 0.00381099
46.5966 450.001 1.40326e-06 0.00244016 0.00399931
46.6366 450.001 1.40148e-06 0.00241296 0.00401636
46.6767 450.001 1.39951e-06 0.00255807 0.0038616
46.7167 450.001 1.39752e-06 0.0028431 0.00359023
46.7568 450.001 1.39565e-06 0.00320529 0.00346812
46.7968 450.001 1.39398e-06 0.00356629 0.00358917
46.8368 450.001 1.39242e-06 0.00384888 0.00385085
46.8769 450.001 1.39083e-06 0.0039948 0.00399788
46.9169 450.001 1.38906e-06 0.00397309 0.00397522
46.957 450.001 1.38703e-06 0.00378642 0.00378925
46.997 450.001 1.38479e-06 0.00347573 0.00353143
47.037 450.001 1.38248e-06 0.00310392 0.00344453
47.0771 450.001 1.38028e-06 0.00274436 0.00359955
47.1171 450.001 1.37828e-06 0.00246951 0.00385839
47.1572 450.001 1.37647e-06 0.00233615 0.00398556
47.1972 450.001 1.37477e-06 0.00236658 0.00394672
47.2372 450.001 1.37299e-06 0.00255384 0.00375011
47.2773 450.001 1.37105e-06 0.00285987 0.0034999
47.3173 450.001 1.36893e-06 0.00322211 0.00342131
47.3574 450.001 1.36672e-06 0.00356916 0.00357949
47.3974 450.001 1.36459e-06 0.00383178 0.00383552
47.4374 450.001 1.36268e-06 0.00396092 0.00396485
47.4775 450.001 1.36104e-06 0.00392883 0.0039326
47.5175 450.001 1.35962e-06 0.00374342 0.00374627
47.5576 450.001 1.35828e-06 0.00343943 0.0034922
47.5976 450.001 1.35687e-06 0.0030744 0.00338982
47.6376 450.001 1.35527e-06 0.00271653 0.00352972
47.6777 450.001 1.35352e-06 0.00243261 0.00378323
47.7177 450.001 1.3517e-06 0.0022749 0.00393426
47.7578 450.001 1.34998e-06 0.00227125 0.00393126
47.7978 450.001 1.34847e-06 0.00241925 0.00377344
47.8378 450.001 1.34723e-06 0.00269245 0.00351599
47.8779 450.001 1.34616e-06 0.00303754 0.00336594
47.9179 450.001 1.34511e-06 0.00339221 0.00345793
47.958 450.001 1.34394e-06 0.00369123 0.0036943
47.998 450.001 1.34253e-06 0.00388102 0.00388384
48.038 450.001 1.34089e-06 0.00392671 0.00392963
48.0781 450.001 1.33912e-06 0.00381864 0.00382231
48.1181 450.001 1.33737e-06 0.00357878 0.00358283
48.1582 450.001 1.33576e-06 0.00325006 0.00338165
48.1982 450.001 1.33434e-06 0.00288663 0.00337029
48.2382 450.001 1.33307e-06 0.00255279 0.00355784
48.2783 450.001 1.3318e-06 0.0023046 0.00379614
48.3183 450.001 1.33041e-06 0.00218615 0.00390896
48.3584 450.001 1.32877e-06 0.00221423 0.00387255
48.3984 450.001 1.32688e-06 0.00238304 0.00369492
48.4384 450.001 1.32482e-06 0.00266329 0.00345007
48.4785 450.001 1.32274e-06 0.00300692 0.00331296
48.5185 450.001 1.32076e-06 0.0033526 0.0034152
48.5586 450.001 1.31897e-06 0.00364449 0.00364923
48.5986 450.001 1.31736e-06 0.00383342 0.00383856
48.6386 449.551 1.31583e-06 0.00388956 0.0038938
48.6787 450.001 1.31426e-06 0.00380037 0.00380378
48.7187 450.001 1.31252e-06 0.00358146 0.00358503
48.7588 450.001 1.31057e-06 0.00327102 0.00336502
48.7988 450.001 1.30848e-06 0.00291742 0.0032931
48.8388 450.001 1.30636e-06 0.00257584 0.00344929
48.8789 450.001 1.30434e-06 0.00230242 0.00368867
48.9189 450.001 1.30255e-06 0.00213955 0.00384494
48.959 450.001 1.30101e-06 0.00211144 0.00386732
48.999 450.001 1.29965e-06 0.00222046 0.00374947
49.039 450.001 1.29836e-06 0.00244929 0.00351396
49.0791 450.001 1.29701e-06 0.00276132 0.00331123
49.1191 450.001 1.2955e-06 0.00310617 0.00327815
49.1592 450.001 1.29383e-06 0.00343061 0.00345268
49.1992 450.001 1.29206e-06 0.00368322 0.00368735
49.2392 450.001 1.29031e-06 0.00382807 0.00383252
49.2793 450.001 1.28872e-06 0.00384047 0.00384476
49.3193 450.001 1.28738e-06 0.00371857 0.00372182
49.3594 450.001 1.28628e-06 0.00348092 0.00348844
49.3994 450.001 1.28535e-06 0.00316656 0.00328758
49.4394 450.001 1.28445e-06 0.00281881 0.00324789
49.4795 450.001 1.28344e-06 0.00248851 0.00342086
49.5195 450.001 1.28223e-06 0.00222646 0.00365206
49.5596 450.001 1.28081e-06 0.0020678 0.0038044
49.5996 450.001 1.27925e-06 0.00203624 0.00382995
49.6396 450.001 1.27765e-06 0.00213354 0.00372409
49.6797 450.001 1.27615e-06 0.00234609 0.00350408
49.7197 450.001 1.27483e-06 0.00264225 0.00329331
49.7598 450.001 1.27371e-06 0.00297807 0.00321201
49.7998 450.001 1.27271e-06 0.00330415 0.0033547
49.8398 450.001 1.27173e-06 0.0035754 0.00357826
49.8799 450.001 1.27062e-06 0.00375396 0.00375699
49.9199 450.001 1.26929e-06 0.00381261 0.00381645
49.96 450.001 1.26771e-06 0.00374375 0.00374841
50 450.001 1.26594e-06 0.003559 0.00356229
